0 0 19880293 0
1 0 18917873 0
2 0 21015979 0
3 0 19037259 0
4 0 20676164 0
5 0 19316708 0
6 0 19265810 0
7 1 1374685 7207
8 1 131960 597
9 0 19239830 0
10 0 18949677 0
11 0 18746358 0
12 0 20240199 0
13 0 21234806 0
14 0 21173202 0
15 0 20712975 0
16 0 19797360 0
17 1 1377442 6368
18 0 20003936 0
19 0 20082346 0
20 1 666400 3065
21 1 656575 3024
22 1 999501 4617
23 0 22498646 0
24 1 1070736 4942
25 0 22196750 0
26 1 1268508 6679
27 1 1153217 5338
28 1 2784064 12908
29 1 784109 3627
30 0 21804556 0
31 1 1296445 5984
32 0 22404597 0
33 1 1210810 5587
34 1 858648 3974
35 0 21777602 0
36 1 769034 3458
37 0 19791883 0
38 0 15776893 0
39 0 20660481 0
40 1 1455091 7608
41 1 1213798 5617
42 0 20802823 0
43 1 1194439 6258
44 1 1341563 6217
45 0 18499313 0
46 1 157061 693
47 0 15503355 0
48 0 19169339 0
49 0 19276064 0
50 0 19606267 0
51 0 18954532 0
52 1 1073751 4956
53 0 18195000 0
54 1 907276 4155
55 0 19496601 0
56 1 1121580 5178
57 1 1158096 5356
58 1 1371598 6325
59 0 19111183 0
60 0 21713598 0
61 0 20951549 0
62 1 246022 1246
63 0 19061982 0
64 1 940821 4333
65 1 1224429 5674
66 0 18779037 0
67 1 1936954 8928
68 1 1469196 6766
69 1 1008359 4666
70 1 835448 3852
71 0 20357362 0
72 1 361115 1648
73 0 15734960 0
74 0 19761031 0
75 1 999280 4573
76 0 19924906 0
77 1 851935 3934
78 1 946124 4378
79 1 1356594 6251
80 1 1125409 5209
81 1 1621560 7429
82 1 1277665 5910
83 1 1802917 8349
84 0 19218800 0
85 0 19586048 0
86 1 825889 3797
87 0 19186064 0
88 1 1369738 6330
89 0 19916181 0
90 0 20344591 0
91 1 949412 4371
92 0 19518871 0
93 0 20253184 0
94 0 21564142 0
95 0 20453964 0
96 0 21670401 0
97 1 534893 2447
98 1 921588 4263
99 1 896277 4146
100 0 20888731 0
101 0 15508516 0
102 0 21127987 0
103 1 1208889 5573
104 1 1559389 7234
105 0 16483134 0
106 1 809360 3721
107 0 20957859 0
108 1 618414 2853
109 0 22742277 0
110 1 1321883 6067
111 1 772088 3639
112 1 500257 2590
113 1 660993 3033
114 0 20099321 0
115 0 19160749 0
116 0 18365160 0
117 0 21787461 0
118 1 1090054 5038
119 1 1115771 5154
120 0 19256351 0
121 0 18704909 0
122 0 15193411 0
123 1 1166665 5394
124 1 930581 4302
125 1 1111077 5140
126 1 1890327 8742
127 0 19921135 0
128 0 19361151 0
129 0 19449882 0
130 1 1113402 5135
131 1 500988 2306
132 1 1047838 4838
133 1 1308076 6035
134 0 19083452 0
135 1 938400 4328
136 0 19172208 0
137 0 18818459 0
138 0 21763305 0
139 1 879511 4619
140 1 1120030 5167
141 1 623908 2886
142 1 1632843 7555
143 0 20058898 0
144 0 19349708 0
145 0 15476281 0
146 0 18652604 0
147 0 21933652 0
148 1 1042185 4827
149 1 1044886 4833
150 0 20043672 0
151 0 19982861 0
152 0 20575303 0
153 1 669070 3082
154 0 19002106 0
155 0 20921319 0
156 0 15472158 0
157 1 904659 4112
158 1 442467 2027
159 0 19268838 0
160 1 1621951 7481
161 0 21047872 0
162 0 20368450 0
163 1 194833 881
164 0 15584449 0
165 0 20365359 0
166 0 19189704 0
167 1 1100216 5774
168 0 19147283 0
169 1 486308 2223
170 0 22613312 0
171 0 20114247 0
172 0 22822298 0
173 1 976968 4494
174 1 1066322 4890
175 1 1005974 4596
176 0 22088430 0
177 1 1360223 7152
178 0 19421343 0
179 0 19514528 0
180 1 626800 2811
181 1 249259 1134
182 1 1096545 5761
183 0 22853918 0
184 0 22171178 0
185 0 22012345 0
186 1 269822 1210
187 1 525053 2384
188 0 20211222 0
189 0 20544749 0
190 0 21456782 0
191 1 1216238 5592
192 0 21750648 0
193 0 22748017 0
194 1 1109295 5097
195 1 1358651 6257
196 0 20811442 0
197 1 96397 417
198 0 19788280 0
199 0 15829062 0
200 0 20713826 0
201 0 15672747 0
202 1 1343788 6156
203 0 20405066 0
204 1 976973 4487
205 1 639826 2934
206 1 768774 3543
207 1 976741 4499
208 0 20968144 0
209 1 813080 3713
210 0 19392283 0
211 1 1758415 8029
212 1 1187258 5462
213 0 19637818 0
214 0 22935536 0
215 0 22294873 0
216 1 963912 4419
217 0 21155261 0
218 1 1549016 7043
219 1 1138386 5240
220 1 619921 2824
221 0 19907727 0
222 0 22304381 0
223 0 22636069 0
224 0 15230767 0
225 1 1802678 8334
226 0 18428317 0
227 0 20966665 0
228 1 983640 4530
229 0 20101208 0
230 0 18858509 0
231 0 19803141 0
232 1 1265108 5837
233 0 20672845 0
234 0 22180264 0
235 0 22516807 0
236 0 21828980 0
237 0 21318630 0
238 1 1368825 6283
239 0 22266600 0
240 0 19272426 0
241 1 1130131 5237
242 1 135481 612
243 0 20057347 0
244 0 20729205 0
245 1 490075 2241
246 0 20365518 0
247 0 19451708 0
248 0 20049499 0
249 1 1072185 4933
250 0 19126992 0
251 0 19290494 0
252 0 15673798 0
253 0 18942948 0
254 0 19194498 0
255 1 1306128 6041
256 1 1115715 5162
257 0 19896949 0
258 1 979661 4531
259 0 19417859 0
260 0 18953058 0
261 1 970137 4458
262 1 439336 2028
263 1 1324053 6067
264 0 20326470 0
265 0 19210445 0
266 0 19710720 0
267 1 1385722 7258
268 1 1205342 5541
269 1 904163 4739
270 1 1201833 6310
271 1 765174 3526
272 1 1317430 6100
273 0 18850742 0
274 0 19900907 0
275 0 20163114 0
276 1 716996 3273
277 0 19236459 0
278 1 643064 2937
279 0 19311883 0
280 1 1406690 6480
281 1 1058584 4887
282 1 1795627 8329
283 0 19006011 0
284 1 1247911 5771
285 0 19582168 0
286 0 18625981 0
287 0 21628541 0
288 0 19118501 0
289 0 15622985 0
290 0 19190824 0
291 0 19192268 0
292 1 670355 3068
293 0 19014934 0
294 0 19953660 0
295 1 853356 3910
296 0 19327328 0
297 0 19709916 0
298 1 656928 3422
299 1 1229771 5694
300 0 15748528 0
301 1 1721351 7886
302 0 20867570 0
303 0 19271173 0
304 1 1140327 5969
305 1 1060119 4898
306 0 20239155 0
307 0 19260331 0
308 1 1551941 7149
309 1 946482 4369
310 1 1122056 5161
311 1 362798 1859
312 0 19950264 0
313 1 1011156 4665
314 1 1133194 5945
315 0 19990521 0
316 1 2035702 9390
317 0 19368568 0
318 1 2108234 9688
319 0 22166199 0
320 0 19554588 0
321 1 1515131 7973
322 0 20193401 0
323 1 429193 1960
324 1 530314 2437
325 1 1766073 8186
326 0 18917503 0
327 0 15868608 0
328 1 1628104 7526
329 0 19491298 0
330 1 718518 3307
331 1 1805660 8359
332 0 19788259 0
333 0 19528722 0
334 0 19254228 0
335 1 1219551 5626
336 0 19378257 0
337 1 1402652 6490
338 0 15819112 0
339 0 18432703 0
340 0 22027903 0
341 0 20543937 0
342 0 20228218 0
343 0 20818845 0
344 0 19676460 0
345 0 18921614 0
346 0 19370155 0
347 1 328403 1488
348 0 21130330 0
349 0 20322671 0
350 1 1075781 4944
351 1 1790741 8279
352 1 1846268 8521
353 0 19460567 0
354 1 1079358 4965
355 1 997633 4577
356 0 19582394 0
357 1 1165673 5383
358 1 832117 3844
359 0 18514593 0
360 0 18624126 0
361 1 748988 3404
362 1 1114544 5132
363 0 19959137 0
364 0 22859362 0
365 1 1125824 5179
366 1 557910 2570
367 1 1639762 7558
368 0 19874821 0
369 0 20910637 0
370 1 1456413 6705
371 0 22359068 0
372 0 22417011 0
373 0 22959369 0
374 0 23251581 0
375 1 2076203 9490
376 1 1448498 6659
377 0 20620118 0
378 1 1293106 5949
379 0 20446570 0
380 1 2036942 9391
381 0 20140932 0
382 0 20836687 0
383 1 945759 4334
384 1 497737 2285
385 1 1032426 4757
386 1 901994 4739
387 1 288010 1504
388 1 371506 1703
389 0 19879865 0
390 1 695795 3190
391 0 16162364 0
392 1 1464890 6750
393 0 21895935 0
394 1 1214530 5585
395 0 19894005 0
396 1 1347700 6204
397 0 16530914 0
398 0 18612691 0
399 1 999965 4619
400 1 1678212 7765
401 1 1660781 7688
402 0 19229790 0
403 1 623105 2864
404 0 20036756 0
405 1 1737553 8018
406 0 18836751 0
407 0 19769648 0
408 1 949506 4336
409 1 758968 3508
410 0 19779566 0
411 1 958802 4419
412 1 1422509 6578
413 0 18743095 0
414 1 567714 2612
415 0 20107548 0
416 0 20452596 0
417 0 20082110 0
418 1 1349248 6243
419 0 18974643 0
420 0 19040913 0
421 0 19153503 0
422 1 814169 3754
423 1 1154708 5316
424 0 21684482 0
425 1 1171407 5407
426 1 346988 1594
427 0 18966398 0
428 0 19372132 0
429 0 19754954 0
430 0 20448239 0
431 0 22763742 0
432 0 22099780 0
433 0 21074138 0
434 1 1068674 5623
435 1 1344767 6172
436 1 1461128 6739
437 0 18968976 0
438 0 20481198 0
439 0 20168046 0
440 1 976594 5075
441 0 20466769 0
442 1 1280134 5894
443 1 1449020 6677
444 1 2151629 9966
445 1 1414949 6481
446 1 1201729 5496
447 1 1098407 5779
448 0 21496473 0
449 1 1504649 6927
450 0 15568158 0
451 1 889782 4053
452 1 1212897 5593
453 1 1217573 5597
454 0 19027695 0
455 1 929207 4282
456 1 1166762 5366
457 0 15716610 0
458 0 15598969 0
459 1 1340364 6179
460 1 1194077 5517
461 0 19451246 0
462 0 19865284 0
463 1 2050749 9461
464 0 22257699 0
465 1 2233602 10309
466 0 22485442 0
467 1 1384171 6392
468 1 400829 1826
469 0 22330039 0
470 0 19020955 0
471 1 865318 3976
472 0 18969185 0
473 1 886278 4646
474 1 2316775 10739
475 0 20903159 0
476 1 536339 2475
477 1 802375 3707
478 0 22585329 0
479 1 134583 646
480 1 1728592 7949
481 0 21635478 0
482 0 19682571 0
483 0 21103109 0
484 0 19657865 0
485 1 1909954 8778
486 0 21116817 0
487 1 876013 4014
488 0 19140904 0
489 0 19774585 0
490 0 15549368 0
491 1 1095334 5032
492 1 1024057 5366
493 0 15362618 0
494 1 1138306 5236
495 0 18778702 0
496 1 1395335 7319
497 1 1882883 8709
498 0 22264778 0
499 0 20511675 0
500 1 1315786 6100
501 1 1421661 6580
502 1 740671 3424
503 1 1381373 6390
504 0 20285851 0
505 0 18934477 0
506 1 1028013 4768
507 0 19864987 0
508 1 758402 3482
509 0 20526725 0
510 0 19693117 0
511 1 1327289 5776
512 0 17481484 0
513 1 777924 3526
514 1 890557 4099
515 0 20435412 0
516 0 19564208 0
517 1 1080538 4967
518 1 1343096 6179
519 1 1547858 7119
520 0 20622392 0
521 0 20040271 0
522 0 22551223 0
523 0 19716566 0
524 0 15244057 0
525 1 842600 3861
526 0 21810633 0
527 0 22303811 0
528 1 1515396 6970
529 0 22560889 0
530 0 18973993 0
531 1 1225971 6407
532 1 1408391 6527
533 1 1150633 5325
534 1 1010177 4662
535 1 1557369 7209
536 0 18296148 0
537 0 19006785 0
538 1 1342729 6192
539 1 869512 4014
540 0 19849499 0
541 0 18822848 0
542 1 1227926 6451
543 1 676173 3107
544 0 19783733 0
545 0 15446005 0
546 0 20059300 0
547 0 21641350 0
548 0 15580040 0
549 0 20483905 0
550 0 19486048 0
551 0 21285154 0
552 1 142604 629
553 0 21012122 0
554 1 1061447 4817
555 0 19743456 0
556 1 1141703 5236
557 1 1288651 5941
558 1 1119408 5158
559 0 21436128 0
560 0 22509235 0
561 1 155540 633
562 1 982087 4507
563 0 22096704 0
564 1 1075192 4942
565 1 843905 3877
566 0 21099561 0
567 0 22647301 0
568 0 22445134 0
569 0 20125557 0
570 1 1178038 5409
571 0 20900807 0
572 0 18472103 0
573 1 871512 3990
574 1 720092 3310
575 0 19603720 0
576 1 1009050 5257
577 1 1592785 7354
578 0 22012070 0
579 0 20341081 0
580 1 1077077 4956
581 0 19943233 0
582 0 20350661 0
583 0 15769648 0
584 0 18947457 0
585 0 19015433 0
586 0 21418006 0
587 0 20489786 0
588 1 886642 4100
589 0 19732525 0
590 1 649259 3000
591 0 20532862 0
592 1 1256456 5809
593 1 1197082 5540
594 1 1019901 4725
595 0 19156261 0
596 0 18897180 0
597 1 944760 4298
598 0 19492763 0
599 0 19060963 0
600 0 18733553 0
601 0 15953980 0
602 0 19368987 0
603 0 22041214 0
604 1 1087734 5024
605 1 1068695 4948
606 0 19729994 0
607 0 19857662 0
608 1 1108002 5101
609 1 1223730 5665
610 1 1477761 6838
611 0 20199503 0
612 0 19235686 0
613 1 1088447 5691
614 0 20078759 0
615 1 1462899 6722
616 1 2123847 9829
617 1 184477 831
618 0 18931430 0
619 1 388851 1770
620 0 20043826 0
621 0 19338679 0
622 0 15301300 0
623 1 869274 3999
624 1 1102088 5071
625 1 1146939 5254
626 1 826574 3794
627 1 804688 3692
628 0 15743936 0
629 0 18725311 0
630 1 1280692 5856
631 0 18854447 0
632 1 1327022 6981
633 0 20800045 0
634 0 15407275 0
635 1 1885687 8700
636 0 20197941 0
637 0 20747550 0
638 0 22142971 0
639 1 1352544 7104
640 0 19684846 0
641 1 1036026 4722
642 0 19724794 0
643 0 22739057 0
644 1 2121968 9792
645 1 277328 1266
646 1 867102 3993
647 0 19828957 0
648 1 132176 580
649 0 22459883 0
650 0 19791097 0
651 0 22817768 0
652 1 1075392 4982
653 0 20978876 0
654 0 20469123 0
655 0 22310102 0
656 0 20478014 0
657 1 1174624 5422
658 0 22681327 0
659 1 1197787 5531
660 0 21088978 0
661 1 460876 2111
662 1 287231 1315
663 0 19705782 0
664 0 20678673 0
665 1 1219479 5612
666 0 15340219 0
667 0 20223908 0
668 1 1341585 6187
669 0 15663748 0
670 1 1378135 6335
671 0 19510990 0
672 1 761702 3468
673 0 18966669 0
674 0 20488311 0
675 1 1163111 5348
676 0 21700476 0
677 0 19994303 0
678 1 79892 330
679 0 19715560 0
680 1 1063334 4866
681 0 20005258 0
682 0 21250544 0
683 0 20885487 0
684 0 22818905 0
685 0 21646028 0
686 0 15291425 0
687 1 1996524 8894
688 0 15625500 0
689 1 1609829 7445
690 0 19684921 0
691 0 18956760 0
692 0 19933191 0
693 0 19392329 0
694 1 1522573 7028
695 0 15902770 0
696 0 19955602 0
697 0 19321253 0
698 0 22419238 0
699 0 20236103 0
700 1 852738 3936
701 1 1905446 8837
702 0 18176790 0
703 0 21083489 0
704 1 1031267 4767
705 1 948117 4390
706 0 15383429 0
707 0 15706870 0
708 0 19460769 0
709 0 15441621 0
710 1 1443617 6644
711 0 19443459 0
712 0 18887513 0
713 1 591208 2693
714 1 1145706 5259
715 0 20157241 0
716 0 22220671 0
717 0 19987450 0
718 0 20982212 0
719 1 932654 4268
720 0 19494820 0
721 1 549630 2517
722 0 20145999 0
723 0 19808847 0
724 1 1617746 7440
725 1 1401340 6453
726 1 772909 3555
727 0 22269658 0
728 0 15399231 0
729 0 22957726 0
730 1 1123726 5153
731 1 1660560 7630
732 1 1057345 4870
733 0 19775238 0
734 0 19282128 0
735 0 20187146 0
736 0 15513916 0
737 1 847089 3895
738 1 1241704 5752
739 1 1276407 5898
740 1 1954614 9075
741 1 1400950 6482
742 0 19092909 0
743 1 1742106 8054
744 1 1178535 5426
745 1 1113517 5760
746 0 19038007 0
747 1 1134009 5247
748 0 18772815 0
749 1 1982196 9181
750 0 19611797 0
751 0 20844474 0
752 1 870797 3994
753 1 1158736 5367
754 0 18392210 0
755 1 123659 598
756 0 19213719 0
757 1 999234 4574
758 1 896366 4140
759 1 819245 3796
760 1 1303510 6035
761 0 22509927 0
762 1 1037786 4783
763 1 1070681 5633
764 0 22507618 0
765 0 22452413 0
766 1 1263543 5816
767 1 1131019 5940
768 1 1209119 5608
769 1 1133805 5248
770 1 1977852 9119
771 1 1183902 5457
772 0 19589016 0
773 1 695816 3632
774 0 15580684 0
775 1 835735 4255
776 0 19199756 0
777 0 19979187 0
778 1 992715 4557
779 0 19311310 0
780 0 20269877 0
781 0 19218878 0
782 1 1384400 6380
783 1 1296595 5943
784 1 1120642 5158
785 0 22842911 0
786 0 20279264 0
787 0 20466218 0
788 0 19590550 0
789 1 1429523 6553
790 0 21724850 0
791 0 22797693 0
792 0 22536845 0
793 0 20201865 0
794 0 20449197 0
795 1 2312335 10680
796 0 21845364 0
797 1 1162258 6089
798 1 1346461 6206
799 0 19594101 0
800 1 1935744 8910
801 1 984523 4538
802 0 20199601 0
803 0 20129853 0
804 0 19433197 0
805 0 20128939 0
806 1 2711156 12500
807 0 20232529 0
808 1 1147078 5217
809 0 19481108 0
810 1 250562 1124
811 1 515035 2358
812 0 19025899 0
813 0 22767693 0
814 0 21665277 0
815 1 945191 4343
816 0 20599759 0
817 0 20172435 0
818 0 19495038 0
819 1 1247109 5704
820 1 1129635 5196
821 0 20257928 0
822 0 18577523 0
823 0 20393172 0
824 1 1489842 6892
825 0 20410747 0
826 0 19696991 0
827 0 15843095 0
828 0 20074747 0
829 0 15678908 0
830 1 483549 2213
831 1 940586 4348
832 1 1851273 8567
833 0 18888379 0
834 1 53762 235
835 0 19618465 0
836 0 18844434 0
837 0 21147839 0
838 1 1243706 5740
839 0 15518507 0
840 0 19579972 0
841 1 702902 3235
842 0 20353961 0
843 1 463698 2113
844 0 19653658 0
845 1 504789 2319
846 1 1824680 8489
847 0 20651817 0
848 1 148183 648
849 0 18962167 0
850 1 592393 2716
851 0 19616394 0
852 0 18560142 0
853 0 21708306 0
854 0 19768530 0
855 1 1484836 6866
856 0 19881792 0
857 0 18710584 0
858 0 15423536 0
859 1 861413 3978
860 0 19859236 0
861 1 1221793 5651
862 1 1158738 5353
863 0 19890016 0
864 1 935498 4307
865 1 1149694 6045
866 1 1664769 7683
867 1 41246 160
868 1 1108268 5113
869 0 18839525 0
870 0 19361872 0
871 1 867483 3944
872 0 15912934 0
873 1 25050 69
874 1 221551 1011
875 1 1603690 7422
876 1 1149558 5320
877 1 1196731 5537
878 0 15764478 0
879 0 15664922 0
880 1 1796554 8309
881 1 1231239 5703
882 1 1310836 6071
883 1 981652 4538
884 0 18816892 0
885 1 1151726 5333
886 1 513404 2361
887 1 965562 4476
888 0 19964515 0
889 0 18883432 0
890 1 1341146 6176
891 1 945725 4381
892 0 18358606 0
893 1 1050714 4841
894 0 20147842 0
895 0 19529606 0
896 1 1632052 7540
897 1 1216034 5620
898 1 523302 2413
899 0 19769903 0
900 0 22294151 0
901 0 15660083 0
902 0 20100495 0
903 0 15671226 0
904 1 1473217 6824
905 0 18978092 0
906 1 1639271 7572
907 1 1729802 7998
908 1 1183880 5478
909 1 981432 4543
910 0 19800369 0
911 0 15604038 0
912 0 19178562 0
913 0 21706850 0
914 0 19612079 0
915 1 627874 2899
916 0 19619531 0
917 0 15616804 0
918 0 19783544 0
919 1 1048087 4841
920 0 19239398 0
921 1 905209 4176
922 0 22051875 0
923 1 711336 3252
924 1 1061326 4904
925 1 1286571 5951
926 0 20101649 0
927 0 18849357 0
928 0 15592599 0
929 0 18824180 0
930 1 491771 2266
931 0 21184020 0
932 0 20466084 0
933 0 19172492 0
934 1 1033802 4745
935 1 1287519 5942
936 1 767001 3547
937 1 153152 692
938 1 1062217 4929
939 0 21942877 0
940 0 20434717 0
941 0 22413379 0
942 0 20588123 0
943 0 20406600 0
944 0 21717866 0
945 1 1641058 7578
946 0 21630226 0
947 1 1506907 6949
948 0 20011398 0
949 0 21669042 0
950 0 19374854 0
951 1 1548412 7131
952 0 19682505 0
953 0 20047668 0
954 1 928516 4280
955 0 19697425 0
956 0 21413452 0
957 1 970985 4488
958 1 1029251 4748
959 0 15512925 0
960 0 20231825 0
961 1 1123172 5178
962 0 20283800 0
963 1 722979 3318
964 0 18962194 0
965 0 19882537 0
966 0 20541419 0
967 0 20715614 0
968 1 316767 1423
969 0 22815011 0
970 1 1529349 7050
971 1 1164167 5362
972 1 849682 3906
973 1 827472 3810
974 0 22470455 0
975 0 22031668 0
976 1 2894740 13322
977 1 979698 4507
978 0 20398093 0
979 1 462760 2046
980 1 1107753 5094
981 0 20433321 0
982 1 1196186 5452
983 0 20155858 0
984 1 1111546 5114
985 1 734278 3381
986 0 21821342 0
987 0 21539292 0
988 1 1098211 5038
989 0 21771550 0
990 0 22312530 0
991 1 326357 1485
992 1 948745 4337
993 1 394392 1804
994 0 20045141 0
995 0 21040815 0
996 1 988896 4529
997 1 829557 3817
998 0 23052360 0
999 1 985562 4532
1000 0 22666341 0
1001 0 22825188 0
1002 0 20801516 0
1003 0 22397493 0
1004 0 21300323 0
1005 0 20318500 0
1006 1 1426595 6550
1007 0 22431166 0
1008 0 21724434 0
1009 0 15371110 0
1010 0 15531466 0
1011 0 21347262 0
1012 0 20439280 0
1013 0 22893228 0
1014 0 21650578 0
1015 1 991328 4547
1016 0 20038374 0
1017 1 1213839 6391
1018 1 861303 3963
1019 0 18741816 0
1020 0 19495525 0
1021 1 1487327 6838
1022 0 20839911 0
1023 0 19669721 0
1024 0 15550558 0
1025 0 18799094 0
1026 1 1137863 5263
1027 0 15597766 0
1028 0 20157264 0
1029 1 1149829 5301
1030 1 855005 3948
1031 0 19533783 0
1032 1 1408373 6420
1033 0 20944899 0
1034 0 20436991 0
1035 0 15546739 0
1036 0 19120786 0
1037 0 20728794 0
1038 1 1141825 5989
1039 0 21749991 0
1040 0 20611075 0
1041 1 703208 3213
1042 1 485058 2232
1043 0 19785188 0
1044 0 15576958 0
1045 1 1207014 5573
1046 1 1258313 5817
1047 1 1212482 5604
1048 0 20310990 0
1049 1 963529 4432
1050 0 15555751 0
1051 0 19486722 0
1052 0 19490154 0
1053 1 1048948 5485
1054 0 20605664 0
1055 0 22346923 0
1056 0 18611059 0
1057 0 20784275 0
1058 0 19846032 0
1059 1 1138575 5241
1060 0 22505611 0
1061 1 924892 4234
1062 0 19733649 0
1063 1 971101 4468
1064 0 18337914 0
1065 1 1094017 5050
1066 1 401909 1851
1067 0 20205875 0
1068 0 21756745 0
1069 0 19607624 0
1070 1 1689597 7788
1071 0 19898787 0
1072 0 19779090 0
1073 0 20652318 0
1074 0 19695215 0
1075 1 2117192 9834
1076 0 21528309 0
1077 1 1113088 5123
1078 0 19081062 0
1079 0 20664881 0
1080 1 1141114 5257
1081 1 1051577 5506
1082 0 22690841 0
1083 1 917499 4234
1084 0 19180241 0
1085 0 17849303 0
1086 0 21372847 0
1087 0 19295667 0
1088 1 245798 1106
1089 1 1689068 7822
1090 1 1869494 8657
1091 1 799548 3688
1092 0 20164371 0
1093 1 708972 3252
1094 0 21718040 0
1095 1 882993 4010
1096 0 20168210 0
1097 1 1219644 5637
1098 0 18898714 0
1099 0 18420119 0
1100 0 15379423 0
1101 0 19692541 0
1102 0 18900297 0
1103 0 15419269 0
1104 1 1573502 7248
1105 1 631511 3299
1106 1 458102 2117
1107 1 1204492 5562
1108 0 17470224 0
1109 1 615965 2843
1110 0 15477816 0
1111 0 20559373 0
1112 1 1392957 6432
1113 0 15550545 0
1114 1 811228 4243
1115 1 1648129 8677
1116 0 19233930 0
1117 0 19211181 0
1118 1 327736 1480
1119 0 22401285 0
1120 1 391243 1774
1121 0 21392833 0
1122 0 20262859 0
1123 0 20882976 0
1124 0 15872103 0
1125 1 1110393 5821
1126 1 859178 3952
1127 1 895632 4102
1128 0 19007366 0
1129 0 15671893 0
1130 1 1327966 6128
1131 1 1382515 6377
1132 0 15532195 0
1133 1 1486303 6822
1134 0 19818704 0
1135 0 18470201 0
1136 1 1071660 5621
1137 0 22663499 0
1138 0 20222898 0
1139 1 770308 4021
1140 1 2196008 10135
1141 1 1885485 8730
1142 0 20153382 0
1143 0 21409329 0
1144 1 3228295 14846
1145 1 578946 2652
1146 1 388159 1778
1147 1 1544613 7113
1148 1 845371 3887
1149 1 1365102 6297
1150 0 23031940 0
1151 0 22342660 0
1152 0 15738416 0
1153 0 22255564 0
1154 1 1203613 6290
1155 1 317553 1428
1156 1 1243465 5723
1157 1 1570744 7233
1158 1 1109184 5119
1159 1 997976 4590
1160 1 1117735 5137
1161 1 1644057 7582
1162 0 19620655 0
1163 1 1146566 6023
1164 1 921859 4260
1165 1 1433862 6638
1166 0 18842850 0
1167 0 19806532 0
1168 0 15697238 0
1169 1 1264684 5848
1170 1 693390 3185
1171 1 1033245 4772
1172 0 22062356 0
1173 0 19636035 0
1174 0 18592552 0
1175 1 371053 1704
1176 0 19091892 0
1177 0 20030241 0
1178 1 991558 5176
1179 0 18892457 0
1180 1 791761 3616
1181 1 1493355 6920
1182 0 18999191 0
1183 1 930384 4283
1184 1 972689 4500
1185 0 19745586 0
1186 0 19382631 0
1187 0 19646439 0
1188 1 1004305 4638
1189 0 20993812 0
1190 0 19323914 0
1191 1 1178353 6172
1192 0 19562677 0
1193 0 20141644 0
1194 0 19863258 0
1195 0 19148119 0
1196 1 1292899 5983
1197 0 20340453 0
1198 1 983821 4535
1199 0 19503504 0
0 0 15652512 0
1 0 19820940 0
2 1 445809 2043
3 0 19193321 0
4 0 15530440 0
5 1 44076 183
6 0 19187497 0
7 1 689775 3191
8 0 18973339 0
9 1 862143 3975
10 0 20045886 0
11 0 18046995 0
12 1 786949 3633
13 0 15638249 0
14 0 18838857 0
15 0 18544780 0
16 0 15599681 0
17 1 1387735 6427
18 1 487139 2241
19 1 1573225 7276
20 0 18645330 0
21 0 21740385 0
22 0 20457635 0
23 1 910976 4212
24 1 1162542 5379
25 0 19960369 0
26 1 702161 3222
27 0 22784410 0
28 1 138685 603
29 1 981373 4531
30 1 812768 3762
31 0 20007210 0
32 0 20091660 0
33 1 1465949 6759
34 1 1601854 7400
35 1 2164675 10019
36 0 19571286 0
37 1 1743910 8063
38 0 19212645 0
39 0 21177924 0
40 1 525882 2330
41 0 20013363 0
42 0 19124053 0
43 1 1210956 6370
44 0 19251270 0
45 1 1096691 5074
46 0 18702374 0
47 0 19560571 0
48 0 22480836 0
49 1 670912 3050
50 0 22053466 0
51 0 15947137 0
52 0 20685630 0
53 0 20559496 0
54 0 15615465 0
55 0 18936801 0
56 0 15620094 0
57 0 19275134 0
58 0 19307048 0
59 0 15718863 0
60 0 19315738 0
61 0 21825429 0
62 0 20278904 0
63 1 1232004 5663
64 0 18292962 0
65 1 1425179 7486
66 1 1335359 6188
67 0 22995769 0
68 0 20004711 0
69 1 874524 4595
70 1 860075 3981
71 0 18520817 0
72 0 21363643 0
73 1 610730 2820
74 1 1146886 5309
75 1 2710674 12600
76 0 21229362 0
77 0 20383796 0
78 0 15849239 0
79 0 21748613 0
80 0 20746553 0
81 0 19903387 0
82 0 15485257 0
83 0 20085145 0
84 1 1562095 8222
85 1 1471132 6806
86 1 847137 3911
87 1 942712 4357
88 0 20226526 0
89 1 1171134 6151
90 0 20170735 0
91 1 1170257 5377
92 0 19726665 0
93 0 21379039 0
94 1 686161 3171
95 1 1096093 5043
96 0 20577552 0
97 0 19968364 0
98 1 649169 2983
99 1 2013740 9327
100 1 2032488 9407
101 1 1005831 4664
102 0 21763879 0
103 1 1028154 4739
104 0 18832222 0
105 1 907662 4186
106 0 18909133 0
107 1 1511410 6986
108 0 19365674 0
109 1 972873 4493
110 0 18918124 0
111 0 21037247 0
112 1 318814 1458
113 0 20006042 0
114 0 19194488 0
115 1 686653 3127
116 0 20731056 0
117 0 18990607 0
118 0 21534755 0
119 0 20891639 0
120 1 1010900 4658
121 0 22302696 0
122 1 955794 4390
123 1 876026 4069
124 0 20150543 0
125 0 19078308 0
126 0 22089617 0
127 0 22346455 0
128 1 1208906 5564
129 0 22351284 0
130 1 1245341 5749
131 1 998859 4622
132 0 22802796 0
133 1 733527 3366
134 1 627751 2905
135 0 19767265 0
136 1 1905438 8816
137 0 19128433 0
138 0 19696159 0
139 1 2144584 9950
140 1 579846 2674
141 0 20148128 0
142 1 1649158 7622
143 0 19505536 0
144 0 15589272 0
145 0 18932072 0
146 0 19305905 0
147 1 263053 1197
148 1 905117 4188
149 0 19524142 0
150 0 18975830 0
151 0 19505322 0
152 1 1120183 5185
153 1 1511789 7008
154 1 807367 3729
155 0 20387637 0
156 1 896246 4138
157 1 1015886 4707
158 0 19573062 0
159 1 1326483 6953
160 0 19331093 0
161 0 19618600 0
162 0 20021626 0
163 1 753079 3463
164 1 832683 3859
165 0 17191712 0
166 0 18737853 0
167 0 15477678 0
168 0 19190749 0
169 1 905254 4738
170 1 1667197 7738
171 1 1229825 5703
172 0 18402806 0
173 1 1072880 4952
174 0 19159245 0
175 1 960189 4424
176 0 18562519 0
177 0 18211547 0
178 1 1216635 5628
179 1 1635962 7583
180 0 18703398 0
181 1 169106 751
182 0 19682164 0
183 1 1217830 6370
184 1 1244343 5744
185 1 189625 831
186 1 1727341 8025
187 0 15301229 0
188 0 19312989 0
189 1 1120866 5194
190 1 1168741 5402
191 1 977950 4457
192 1 218820 997
193 0 19551191 0
194 1 1108893 5106
195 1 1627938 7537
196 0 18897004 0
197 0 15510813 0
198 1 1141422 5275
199 0 19609975 0
200 0 18826759 0
201 0 18446933 0
202 1 1141186 5972
203 1 1034161 4779
204 1 1402413 6502
205 0 18493291 0
206 0 15626731 0
207 1 1044965 4834
208 0 20926287 0
209 0 19702033 0
210 0 21600484 0
211 0 15618901 0
212 0 15487477 0
213 1 1021392 4697
214 0 20196460 0
215 1 1436342 6610
216 1 1002626 4611
217 1 938146 4313
218 0 18952201 0
219 1 1014382 4657
220 1 1259648 5792
221 1 1206388 5546
222 1 911902 4197
223 0 19613999 0
224 1 1165521 5344
225 0 19335081 0
226 0 22843165 0
227 0 20191508 0
228 1 1062886 5583
229 0 20786696 0
230 1 1070991 4919
231 0 22204706 0
232 0 15306437 0
233 0 21867290 0
234 0 15378604 0
235 1 932574 4216
236 1 1673874 7709
237 1 1000187 4603
238 1 973038 4482
239 0 20336279 0
240 0 22585381 0
241 0 20513632 0
242 0 19313595 0
243 1 1681250 7748
244 1 1890544 8710
245 1 1364328 6289
246 1 839832 3844
247 0 19420927 0
248 1 1731636 7920
249 0 19061386 0
250 0 15818146 0
251 1 1592898 7321
252 1 1059967 4891
253 1 1241789 5717
254 0 19311931 0
255 1 1002116 5248
256 0 20937965 0
257 0 20227433 0
258 0 15658143 0
259 1 2231859 10283
260 0 19296661 0
261 0 18666142 0
262 0 21085182 0
263 0 22845955 0
264 1 1046430 4831
265 1 2448123 11328
266 1 838125 4418
267 1 1087457 5016
268 0 20945239 0
269 0 20344771 0
270 1 910677 4208
271 0 20165610 0
272 1 1052293 4852
273 0 19042087 0
274 1 1509904 6991
275 0 18804377 0
276 0 18906564 0
277 0 15886393 0
278 1 65686 252
279 1 2004024 9342
280 1 1085281 5024
281 1 584585 2699
282 0 20480847 0
283 0 20938775 0
284 1 975034 5095
285 1 1151293 5336
286 1 1161623 5386
287 0 19106218 0
288 0 20428517 0
289 0 18814448 0
290 1 1372686 6342
291 1 968521 4485
292 1 730223 3376
293 1 51382 221
294 1 1360061 6299
295 0 18918838 0
296 0 15747787 0
297 0 19203203 0
298 0 21718409 0
299 0 20604661 0
300 0 20062190 0
301 1 299500 1355
302 1 1357332 6281
303 0 22771628 0
304 1 1025185 4751
305 1 1056537 4888
306 0 21976202 0
307 0 15529512 0
308 1 921597 4811
309 0 20753494 0
310 0 19956449 0
311 1 904191 4184
312 1 1897961 8794
313 0 19401146 0
314 0 20476575 0
315 1 2120757 9793
316 0 19956929 0
317 1 1167572 5393
318 0 22023228 0
319 0 22528441 0
320 0 21635755 0
321 1 1012821 4670
322 0 20001146 0
323 0 19258995 0
324 0 18989584 0
325 1 829193 3829
326 1 1357372 6302
327 0 15508665 0
328 1 1095928 5022
329 1 771524 3573
330 1 1176126 5447
331 0 19709377 0
332 0 18917602 0
333 0 21121384 0
334 1 405141 1850
335 1 602496 2787
336 1 1091815 5760
337 0 20241975 0
338 1 1355985 6277
339 1 850830 3923
340 0 18317205 0
341 1 1496766 6916
342 1 549042 2536
343 1 1516875 7017
344 0 19285291 0
345 0 15682895 0
346 0 15721472 0
347 0 15478431 0
348 1 677308 3115
349 0 19239737 0
350 1 611659 2818
351 1 1883860 8714
352 1 965401 4462
353 1 1395886 7359
354 0 19129164 0
355 1 1317767 6076
356 0 22448334 0
357 0 19550722 0
358 1 828202 4335
359 0 19578251 0
360 0 19278557 0
361 0 19988933 0
362 0 21228604 0
363 1 313515 1410
364 0 19537536 0
365 1 939675 4350
366 0 18508680 0
367 1 1461976 6774
368 0 18804880 0
369 1 1999220 9256
370 0 18813586 0
371 0 15780392 0
372 0 21171830 0
373 0 22503587 0
374 0 20129580 0
375 0 20553881 0
376 1 998107 4620
377 0 19046872 0
378 0 19387978 0
379 1 466923 2106
380 0 18815913 0
381 1 317587 1448
382 1 625129 2882
383 1 1915843 8892
384 1 2289541 10596
385 1 1480565 6849
386 0 19539734 0
387 1 2281638 10558
388 0 19402590 0
389 0 18627188 0
390 0 15346678 0
391 0 19362499 0
392 0 18868192 0
393 0 19125835 0
394 0 19810561 0
395 0 18416875 0
396 1 87853 383
397 0 18920619 0
398 0 19829603 0
399 0 20858707 0
400 0 20672323 0
401 1 1207111 5549
402 1 882340 4086
403 0 20308483 0
404 1 837518 3862
405 0 20817146 0
406 0 19120101 0
407 0 20508265 0
408 0 20514870 0
409 0 22073701 0
410 0 20731018 0
411 0 20315076 0
412 1 1204150 5526
413 1 617599 2845
414 0 22263415 0
415 0 20577477 0
416 1 712560 3241
417 0 22148217 0
418 0 20750650 0
419 1 1065091 4921
420 1 1064456 4915
421 0 21984624 0
422 1 1690235 7828
423 0 19592308 0
424 1 717447 3311
425 1 1128404 5227
426 1 1075413 4965
427 0 20089237 0
428 1 582906 2665
429 0 20371686 0
430 1 1071234 4936
431 1 467940 2133
432 1 2187568 10128
433 1 288450 1329
434 0 22267469 0
435 0 19432922 0
436 0 19601423 0
437 0 19125553 0
438 0 19129002 0
439 1 1682145 7759
440 0 19201996 0
441 0 20500126 0
442 0 21366314 0
443 0 20288123 0
444 0 22280053 0
445 1 1419525 6531
446 0 21505902 0
447 0 18146532 0
448 1 1128950 5172
449 1 1173224 5374
450 1 1605425 7407
451 0 19432634 0
452 0 19362722 0
453 0 22341191 0
454 1 1942713 8935
455 1 1400947 6464
456 1 781230 3598
457 1 1196180 5511
458 0 22638144 0
459 1 660081 3013
460 0 20481302 0
461 0 20194907 0
462 0 19059107 0
463 1 616647 2833
464 0 20822454 0
465 1 859051 3947
466 0 21511170 0
467 1 1553016 7070
468 0 22405519 0
469 1 1465395 6746
470 1 677516 3077
471 0 19150812 0
472 1 2111657 9717
473 0 19909512 0
474 1 1099735 5054
475 0 20308488 0
476 1 854072 3917
477 0 19151198 0
478 1 1168027 5377
479 0 15747004 0
480 0 18798643 0
481 1 1039551 4786
482 1 1291513 6817
483 1 935302 4334
484 1 908069 4199
485 0 19990595 0
486 1 1275477 5880
487 0 19276865 0
488 1 800775 3695
489 1 1552185 7156
490 0 18946230 0
491 1 1335455 6185
492 1 572753 3006
493 0 19193542 0
494 0 19981221 0
495 1 1122976 5178
496 0 22305350 0
497 0 20165241 0
498 0 19164401 0
499 0 21159694 0
500 1 1440541 6650
501 0 19510308 0
502 0 15517171 0
503 0 19534598 0
504 0 19086641 0
505 0 18914609 0
506 0 15467283 0
507 0 21081575 0
508 0 20145887 0
509 1 962619 4457
510 0 20696250 0
511 1 1261282 5845
512 0 22495550 0
513 1 1120554 5184
514 1 1431277 6628
515 0 19089216 0
516 0 21141746 0
517 1 1069376 4943
518 0 20041268 0
519 0 19962903 0
520 0 19465199 0
521 0 15707464 0
522 1 582783 2620
523 0 19833930 0
524 1 1255465 5800
525 0 19889432 0
526 1 1168537 5359
527 0 19093341 0
528 0 19063347 0
529 0 19114064 0
530 0 19201978 0
531 0 15608023 0
532 0 19105645 0
533 0 18847516 0
534 0 19540816 0
535 1 1696172 7842
536 1 1152601 6017
537 0 18800361 0
538 1 1041595 4778
539 1 577132 2643
540 1 1215557 5630
541 1 945836 4362
542 1 975313 4515
543 1 376466 1735
544 1 846918 3927
545 0 18970172 0
546 1 1234310 5675
547 0 21199009 0
548 1 1252217 5791
549 0 21534125 0
550 0 15322852 0
551 0 19561601 0
552 1 937343 4309
553 1 1244919 5772
554 1 1101684 5079
555 1 1167058 6137
556 0 20741291 0
557 1 1339284 6202
558 1 1454891 6737
559 1 1439743 6668
560 0 21026653 0
561 1 902775 4152
562 0 19462687 0
563 1 1275508 5914
564 1 1775693 8255
565 1 878707 4071
566 0 15645176 0
567 1 1395203 6303
568 1 1052118 4874
569 1 936444 4330
570 0 18577876 0
571 1 1783678 8272
572 0 22346737 0
573 0 20741647 0
574 1 1773063 8192
575 0 20907420 0
576 1 545582 2514
577 1 587444 2707
578 0 19425300 0
579 1 1428837 6619
580 0 19023362 0
581 1 430600 1974
582 0 18163817 0
583 1 927987 4289
584 0 19131186 0
585 1 1854494 8571
586 1 797195 3685
587 0 19937484 0
588 0 20147230 0
589 0 19687581 0
590 1 74282 292
591 0 15501754 0
592 1 898226 4679
593 0 19737903 0
594 1 1119311 5854
595 0 20884061 0
596 1 1001568 4608
597 0 19028350 0
598 0 19992702 0
599 0 20273170 0
600 0 15654377 0
601 0 15398073 0
602 0 19879606 0
603 1 1133795 5233
604 1 976346 4522
605 0 21486457 0
606 0 16052368 0
607 1 1068831 5579
608 0 19102885 0
609 0 22093165 0
610 0 20387898 0
611 0 19422641 0
612 0 15454031 0
613 1 1012413 4676
614 0 19648807 0
615 1 930988 4269
616 0 20722428 0
617 1 1008995 4671
618 1 1050571 4873
619 0 20411402 0
620 0 19836639 0
621 0 15579928 0
622 0 18961780 0
623 1 2026928 9411
624 0 19121047 0
625 1 979653 4512
626 0 20196817 0
627 1 1145206 6012
628 1 1505050 6909
629 1 414788 1908
630 1 1117823 5141
631 0 19487171 0
632 0 22242073 0
633 0 15658364 0
634 0 15551293 0
635 0 15211747 0
636 1 532628 2762
637 0 19149764 0
638 1 1007283 4649
639 0 18098258 0
640 1 615494 2808
641 0 19815215 0
642 0 18976088 0
643 0 19053419 0
644 0 20067856 0
645 0 19098274 0
646 0 15640809 0
647 0 15622442 0
648 0 19275369 0
649 0 22171633 0
650 1 1060682 5542
651 0 20175563 0
652 1 972005 4501
653 1 997986 4573
654 0 19048557 0
655 1 980496 4542
656 0 19455864 0
657 0 20095359 0
658 0 15568065 0
659 0 19550164 0
660 1 1155063 6046
661 0 19342092 0
662 0 20801664 0
663 0 21465371 0
664 1 339823 1547
665 0 15699923 0
666 1 1140973 5246
667 0 19218449 0
668 0 15692172 0
669 1 448259 2060
670 1 850637 4457
671 0 18630608 0
672 0 18858231 0
673 0 19462801 0
674 0 19055714 0
675 0 18563474 0
676 0 15184259 0
677 0 19774480 0
678 1 570691 2625
679 1 1844706 8568
680 0 18954204 0
681 0 21451797 0
682 0 19618779 0
683 0 15428971 0
684 1 976462 4454
685 1 1221329 5648
686 0 18764117 0
687 1 693372 3172
688 1 1140877 5285
689 1 1259521 5834
690 0 18395337 0
691 0 19451904 0
692 1 935121 4330
693 0 15539925 0
694 0 15574620 0
695 1 857445 3972
696 0 19391002 0
697 0 15160770 0
698 1 1360220 6258
699 1 902421 4150
700 0 19414373 0
701 0 19318083 0
702 1 2166950 9963
703 1 1578017 7211
704 1 1317328 6073
705 0 22002937 0
706 1 371429 1650
707 1 958208 4403
708 0 19589332 0
709 1 1117358 5139
710 1 1266721 5815
711 0 19880177 0
712 1 900534 4721
713 0 19463449 0
714 1 1228262 5641
715 0 18681235 0
716 0 19605587 0
717 0 20005993 0
718 0 19570285 0
719 1 739838 3393
720 1 1204878 5549
721 0 18885162 0
722 0 22298863 0
723 1 1524448 7019
724 0 19092212 0
725 0 20050501 0
726 1 591942 2725
727 0 20363448 0
728 0 20670458 0
729 0 20043586 0
730 1 684771 3141
731 1 367442 1691
732 1 1828358 8510
733 1 1175693 5441
734 0 22228147 0
735 1 608010 3152
736 1 994105 5230
737 0 19305587 0
738 1 1386663 6392
739 1 895629 4139
740 0 18641744 0
741 1 703592 3672
742 1 1153789 5340
743 1 1434341 6608
744 0 19209818 0
745 1 918544 4802
746 1 2101846 9721
747 0 19724996 0
748 1 1756826 8082
749 1 1072796 4956
750 0 19631627 0
751 0 21268930 0
752 0 15578159 0
753 1 826702 3810
754 0 18932475 0
755 1 1437841 6584
756 0 19503678 0
757 0 18587114 0
758 1 2225755 10323
759 0 19729979 0
760 1 1113068 5824
761 1 1258013 5786
762 1 1469251 6782
763 1 1430621 6640
764 0 18873107 0
765 0 19426552 0
766 0 20137248 0
767 1 1579986 7287
768 1 1685752 7810
769 1 1727526 8008
770 0 19626161 0
771 0 20330204 0
772 0 15649416 0
773 1 1176601 5442
774 0 18788573 0
775 0 19365657 0
776 1 977996 5121
777 0 18695434 0
778 1 586708 2705
779 0 18989557 0
780 0 19842227 0
781 0 20968689 0
782 0 20628841 0
783 0 18784059 0
784 0 19337414 0
785 0 19292117 0
786 0 15457455 0
787 1 777376 4086
788 0 22694637 0
789 1 533366 2790
790 0 19795832 0
791 1 297737 1359
792 1 1034973 4766
793 0 20713746 0
794 1 1513406 7001
795 1 1288575 5934
796 0 22438554 0
797 0 22809283 0
798 0 20053871 0
799 0 20967824 0
800 0 18885254 0
801 0 15540256 0
802 1 1519381 7028
803 0 20055902 0
804 0 19646858 0
805 1 1075917 4976
806 1 399753 1837
807 0 15465748 0
808 1 688337 3158
809 0 20435602 0
810 1 937943 4326
811 0 18726360 0
812 1 1817329 8411
813 1 678471 3118
814 1 1526387 7080
815 0 19064169 0
816 1 1063824 4910
817 0 19689135 0
818 1 1084429 5017
819 0 22088642 0
820 1 1090857 5712
821 0 20375591 0
822 0 20227258 0
823 0 22237516 0
824 1 1155514 6061
825 1 1139485 5282
826 1 1431730 6628
827 0 15223664 0
828 0 21251736 0
829 0 22066173 0
830 0 20949500 0
831 1 1108426 5110
832 0 21739021 0
833 1 1212144 5606
834 1 956840 4433
835 0 22330681 0
836 0 21079123 0
837 1 2722131 12638
838 1 1497322 6942
839 1 101118 444
840 0 19059051 0
841 0 19122606 0
842 0 20338217 0
843 1 950348 4394
844 1 493868 2280
845 1 2212866 10292
846 0 21314292 0
847 0 15310044 0
848 0 15781447 0
849 0 22077158 0
850 1 1605288 7426
851 0 15478899 0
852 0 21090162 0
853 0 15916845 0
854 0 15367431 0
855 1 1100419 5064
856 0 19251144 0
857 1 1184986 5461
858 1 671634 3101
859 1 847451 3928
860 0 15537615 0
861 0 20009833 0
862 1 1394073 6443
863 0 15553180 0
864 0 20231555 0
865 0 19800785 0
866 1 1377565 6371
867 0 20593249 0
868 0 19867980 0
869 0 19059971 0
870 0 15215010 0
871 0 19741741 0
872 0 20060341 0
873 1 1321276 6097
874 1 477932 2204
875 1 1154009 5313
876 1 1467345 6800
877 1 1112579 5109
878 0 19327790 0
879 0 20245709 0
880 0 19098633 0
881 0 19975739 0
882 1 1201867 5520
883 1 1105794 5116
884 0 20003652 0
885 0 20500584 0
886 0 20981306 0
887 1 1730052 7949
888 0 22344683 0
889 0 19971704 0
890 1 721638 3309
891 1 976450 4519
892 1 1048804 4852
893 1 997445 4614
894 0 20004667 0
895 0 22357151 0
896 0 22764247 0
897 1 1093543 5732
898 1 175157 769
899 1 173820 794
900 0 20930231 0
901 0 20197059 0
902 1 1440501 6653
903 1 1155554 5359
904 0 20237384 0
905 0 20552360 0
906 0 15767146 0
907 0 21042613 0
908 0 15756744 0
909 0 20172726 0
910 1 1418045 6545
911 0 20432134 0
912 0 15776518 0
913 1 1133235 5247
914 1 1497363 6922
915 1 1555379 7227
916 0 19043705 0
917 0 20496779 0
918 0 15550630 0
919 1 2304808 10705
920 1 1018827 4705
921 0 19511915 0
922 0 15990393 0
923 1 991913 4574
924 1 1228864 5676
925 0 19455936 0
926 0 15442029 0
927 1 590564 2710
928 0 19989710 0
929 1 21628 60
930 0 19692472 0
931 1 454251 2090
932 1 956692 4432
933 0 19459160 0
934 1 113942 487
935 0 19865526 0
936 1 928903 4263
937 0 20123044 0
938 0 18981681 0
939 1 1168009 5390
940 1 2443719 11366
941 1 1010699 4685
942 1 1164347 5399
943 0 19543598 0
944 0 19056853 0
945 0 20114976 0
946 0 19531033 0
947 0 18978539 0
948 0 19930597 0
949 1 1225909 5651
950 1 869608 4030
951 0 19393796 0
952 0 19117198 0
953 1 1424279 6567
954 1 2091122 9712
955 0 20883659 0
956 0 20084840 0
957 0 15499217 0
958 0 19682050 0
959 0 16690373 0
960 0 20327865 0
961 1 1335569 6184
962 0 19256615 0
963 1 1214082 5561
964 0 18997231 0
965 1 1030774 4760
966 0 21666757 0
967 1 1109008 5087
968 0 20767451 0
969 0 20499946 0
970 1 1196711 5546
971 1 1853712 8589
972 0 20735619 0
973 0 15548242 0
974 0 21879637 0
975 1 925100 4832
976 0 20673521 0
977 0 18921417 0
978 1 153077 755
979 0 19166087 0
980 1 1276970 6715
981 0 19158840 0
982 0 19968816 0
983 0 21980841 0
984 1 250673 1077
985 0 17849680 0
986 1 1003958 4635
987 0 21163162 0
988 1 1057457 4859
989 0 22381908 0
990 0 15957865 0
991 1 649907 2976
992 0 20015050 0
993 0 19062966 0
994 1 1185236 5468
995 1 509363 2341
996 0 19422399 0
997 0 19185797 0
998 1 730867 3363
999 1 943001 4364
1000 1 1530073 7100
1001 0 22686181 0
1002 1 992939 4585
1003 1 1269934 5883
1004 1 1534170 7103
1005 0 15908830 0
1006 1 1188117 5484
1007 1 1766549 8208
1008 0 20403147 0
1009 0 20143109 0
1010 0 19725441 0
1011 0 19242249 0
1012 1 829332 3814
1013 0 19911708 0
1014 0 22875862 0
1015 1 2595532 12034
1016 0 15529687 0
1017 0 21558358 0
1018 1 1170985 6078
1019 1 937510 4316
1020 0 19662750 0
1021 0 15324673 0
1022 0 19276928 0
1023 0 20708337 0
1024 1 1252343 5786
1025 0 20062241 0
1026 1 804655 3696
1027 1 1584674 8348
1028 1 476800 2195
1029 0 19524639 0
1030 0 21320176 0
1031 0 20157864 0
1032 1 997143 4617
1033 1 621540 2878
1034 0 20922098 0
1035 1 1047577 4831
1036 0 19874259 0
1037 1 1258775 5815
1038 0 19343523 0
1039 0 22633681 0
1040 1 1218981 5622
1041 0 21239686 0
1042 0 20326397 0
1043 1 706216 3690
1044 0 19623708 0
1045 1 669650 3499
1046 0 19396263 0
1047 0 19420832 0
1048 1 1756332 8094
1049 1 1141907 5248
1050 0 19339591 0
1051 0 19412993 0
1052 0 22044090 0
1053 0 20069318 0
1054 1 693482 3195
1055 1 1123816 5211
1056 0 18947528 0
1057 1 2075800 9601
1058 0 19179763 0
1059 1 1677882 7775
1060 0 19223510 0
1061 0 21737751 0
1062 1 1186919 5492
1063 1 1848899 8584
1064 0 20207400 0
1065 0 15894826 0
1066 0 20389955 0
1067 0 20781791 0
1068 0 15760138 0
1069 0 20155984 0
1070 0 19688245 0
1071 1 1257991 5817
1072 0 21789270 0
1073 1 632056 2912
1074 1 1318497 6109
1075 0 19925446 0
1076 0 20244500 0
1077 1 599664 2747
1078 0 15655764 0
1079 0 19925427 0
1080 1 912454 4199
1081 1 1686097 7812
1082 0 19662606 0
1083 0 19376197 0
1084 1 1168498 6143
1085 1 920305 4259
1086 0 21905227 0
1087 1 1139145 5246
1088 1 231409 1058
1089 1 1271129 5881
1090 1 1208995 5605
1091 1 1034925 4749
1092 0 19432056 0
1093 0 19053588 0
1094 0 15511773 0
1095 1 254376 1160
1096 0 19516116 0
1097 0 18808654 0
1098 1 708607 3232
1099 0 19526712 0
1100 0 15798803 0
1101 1 1017851 4696
1102 0 19361253 0
1103 0 22318511 0
1104 1 865354 3975
1105 0 20049489 0
1106 1 1357344 6255
1107 0 18780753 0
1108 1 1784745 8280
1109 0 19673276 0
1110 0 20254962 0
1111 0 19425297 0
1112 0 21624330 0
1113 0 19646091 0
1114 0 15259771 0
1115 1 138696 612
1116 1 1368126 6331
1117 0 18579274 0
1118 1 602932 2765
1119 1 1551618 7184
1120 1 1557874 7222
1121 1 945955 4936
1122 1 1129934 5229
1123 1 1136705 5250
1124 0 19109690 0
1125 1 953384 4396
1126 1 1592413 7375
1127 0 18590587 0
1128 0 18641589 0
1129 0 22044027 0
1130 1 1587301 7327
1131 1 1940381 8956
1132 0 20430529 0
1133 1 778897 3587
1134 0 22134190 0
1135 0 19838746 0
1136 0 19435228 0
1137 1 1042543 4810
1138 1 1169470 5414
1139 1 618193 2850
1140 1 1225561 5674
1141 0 19241616 0
1142 1 774444 4049
1143 0 19611863 0
1144 1 1758646 8148
1145 1 1237238 5715
1146 1 1009421 4675
1147 1 1086284 4975
1148 1 3001605 13929
1149 0 21726700 0
1150 0 20098356 0
1151 0 15680152 0
1152 1 1017941 4708
1153 1 1225615 5685
1154 1 1941686 9009
1155 1 485879 2242
1156 1 714585 3314
1157 1 1669156 7719
1158 1 1288085 5956
1159 0 19936914 0
1160 0 19278851 0
1161 0 18698263 0
1162 1 1237011 5731
1163 0 18226653 0
1164 0 19365091 0
1165 0 18067974 0
1166 0 15463615 0
1167 0 19927620 0
1168 0 19236218 0
1169 0 18203656 0
1170 1 1774660 8202
1171 1 1185215 5491
1172 0 18942646 0
1173 0 15585578 0
1174 1 1321087 6106
1175 0 18722937 0
1176 0 20818070 0
1177 0 18479868 0
1178 1 1030320 4759
1179 0 19421932 0
1180 1 1584136 7322
1181 0 21674233 0
1182 0 21130919 0
1183 1 2532506 11721
1184 0 20396572 0
1185 1 953000 4393
1186 0 19816839 0
1187 1 1145680 5299
1188 1 467678 2124
1189 1 979528 4540
1190 0 20883921 0
1191 0 18656079 0
1192 1 1221041 5633
1193 0 15718950 0
1194 0 18686148 0
1195 0 19386568 0
1196 0 21023616 0
1197 1 839428 3862
1198 0 19983959 0
1199 0 20411338 0
0 0 15818091 0
1 1 2569850 11901
2 0 20493879 0
3 1 1182321 5460
4 0 18435429 0
5 0 15664654 0
6 1 1091493 5002
7 0 20144468 0
8 0 19085702 0
9 0 15583152 0
10 1 1028341 5390
11 1 1315124 6079
12 0 21010400 0
13 0 19294607 0
14 1 1221587 5642
15 0 19569303 0
16 0 19968911 0
17 1 693637 3160
18 1 1197664 5541
19 0 19040997 0
20 1 75802 329
21 1 1112349 5141
22 0 19009623 0
23 1 1009155 4650
24 1 891643 4655
25 1 1076244 4967
26 0 20476270 0
27 1 1326659 6109
28 0 20777877 0
29 0 15623695 0
30 0 20947355 0
31 0 19328545 0
32 0 20679393 0
33 1 2465773 11370
34 0 19275506 0
35 0 19066238 0
36 1 1282731 5898
37 1 2574281 11940
38 0 20820313 0
39 1 922123 4815
40 1 1014170 4675
41 1 1509487 6973
42 0 20491599 0
43 1 1241346 5738
44 1 869441 3999
45 0 19136230 0
46 1 2776954 12837
47 0 19466176 0
48 0 19294331 0
49 0 20048842 0
50 1 1232872 5672
51 0 21666952 0
52 0 20376614 0
53 1 1962040 9073
54 1 971844 4497
55 1 1556535 7183
56 1 80892 360
57 0 18891510 0
58 0 18978058 0
59 0 19452447 0
60 0 20975423 0
61 0 21338849 0
62 1 608461 2801
63 1 818159 3766
64 0 19707097 0
65 0 15507078 0
66 1 1425953 6584
67 0 20980146 0
68 1 944444 4911
69 0 19045185 0
70 0 18660436 0
71 0 15463606 0
72 0 22128564 0
73 1 1076926 4885
74 0 19934411 0
75 0 22595821 0
76 1 914808 4191
77 0 20623663 0
78 1 1314813 6029
79 0 19773532 0
80 1 935688 4267
81 0 21905431 0
82 1 1504656 6887
83 1 1748481 8055
84 1 568240 2605
85 0 20951238 0
86 1 1141645 5220
87 0 19519597 0
88 0 23168872 0
89 1 1027588 5386
90 1 1258874 5795
91 0 19296200 0
92 0 18967747 0
93 0 15431049 0
94 0 20750723 0
95 0 15733925 0
96 1 531031 2422
97 0 19870703 0
98 0 19514896 0
99 1 1780680 8198
100 1 723243 3311
101 0 19677994 0
102 0 18975298 0
103 0 18570774 0
104 0 18797413 0
105 0 15501435 0
106 0 18815083 0
107 0 19741418 0
108 1 1556492 7187
109 0 20049565 0
110 1 988372 4550
111 1 1478515 6788
112 1 1164562 5377
113 0 21102741 0
114 0 20120390 0
115 1 875618 4037
116 0 19215860 0
117 0 15532666 0
118 1 1447184 6664
119 1 1473147 6823
120 0 20066224 0
121 0 19168716 0
122 0 20721366 0
123 1 611335 2819
124 0 19441987 0
125 1 234998 1051
126 0 22454092 0
127 1 33490 109
128 1 1852063 8577
129 1 977753 4500
130 1 1116750 5161
131 0 19599338 0
132 0 18709496 0
133 1 1291463 6730
134 1 706578 3256
135 1 836013 3859
136 0 22164443 0
137 1 952028 4392
138 0 21326472 0
139 1 1148811 5304
140 1 1203516 5567
141 0 20798427 0
142 0 21338053 0
143 1 808441 3732
144 0 19120527 0
145 0 20617605 0
146 0 19122389 0
147 0 22171862 0
148 0 19473567 0
149 1 1617009 7421
150 1 602731 2765
151 0 19483462 0
152 0 21453682 0
153 1 2005438 9173
154 0 19546357 0
155 1 1894194 8710
156 0 19492244 0
157 0 15594470 0
158 0 16010649 0
159 0 20297764 0
160 0 18573652 0
161 1 2144193 9824
162 0 19581371 0
163 0 21680730 0
164 0 20954771 0
165 1 553135 2482
166 0 15799611 0
167 1 1081847 4960
168 0 19997880 0
169 0 19864374 0
170 1 1248512 6526
171 1 2270338 10413
172 1 1047454 5474
173 0 19622886 0
174 0 19997317 0
175 0 15603776 0
176 1 1258452 5813
177 0 20683403 0
178 1 1462006 6763
179 0 18688921 0
180 0 19430961 0
181 0 19667073 0
182 1 894482 4128
183 0 19033984 0
184 0 18277929 0
185 1 1217784 6362
186 0 16904869 0
187 1 1544027 7092
188 0 19977208 0
189 0 21505701 0
190 1 1023582 4699
191 0 19264465 0
192 1 1272194 5864
193 0 20191038 0
194 1 925153 4258
195 0 18638413 0
196 0 19677193 0
197 0 18975989 0
198 0 15593437 0
199 0 19355906 0
200 0 20690273 0
201 1 1153353 5307
202 0 19167376 0
203 0 19087313 0
204 1 1041408 4766
205 1 1111769 5111
206 1 692398 3168
207 1 685804 3135
208 0 19227528 0
209 0 18882728 0
210 1 1017606 4668
211 0 22589227 0
212 0 22401754 0
213 0 22263682 0
214 1 1489569 6838
215 1 1277462 5880
216 1 1076871 5620
217 0 15578094 0
218 0 22331628 0
219 1 2363706 10882
220 1 1019672 4687
221 0 22574107 0
222 0 21764597 0
223 1 1128473 5123
224 1 856270 3923
225 1 554256 2546
226 0 20620272 0
227 1 1345740 6164
228 0 18536158 0
229 1 873753 4001
230 1 1533087 7077
231 0 22832526 0
232 0 15618658 0
233 0 15683190 0
234 1 1200869 5532
235 0 20555906 0
236 1 1560543 7159
237 0 20542413 0
238 0 22177223 0
239 0 20731685 0
240 0 19317279 0
241 0 15399920 0
242 1 1024807 4687
243 0 19376215 0
244 1 807442 4199
245 0 22395961 0
246 0 21245925 0
247 0 15667121 0
248 1 1166348 5324
249 0 19348859 0
250 1 998237 4586
251 0 15806848 0
252 1 892742 4083
253 0 22538849 0
254 0 15532556 0
255 0 18618925 0
256 1 1867692 8565
257 1 1468677 6736
258 0 19885084 0
259 0 19639625 0
260 0 19576658 0
261 0 15532255 0
262 1 534062 2413
263 1 1681167 7735
264 1 1333282 6100
265 1 852748 3931
266 0 19735517 0
267 0 21867183 0
268 0 20988328 0
269 1 1095810 5007
270 1 983498 4522
271 1 1171656 5378
272 1 1019238 4660
273 0 19896329 0
274 0 20173953 0
275 0 19575181 0
276 0 19880200 0
277 0 21563760 0
278 0 21221971 0
279 0 20701114 0
280 1 822842 3755
281 1 701781 3204
282 0 21350657 0
283 0 15554264 0
284 1 332080 1504
285 0 19658021 0
286 0 19691632 0
287 0 15516377 0
288 0 19903002 0
289 0 15662587 0
290 1 936305 4240
291 1 2084143 9516
292 0 18401312 0
293 0 19347215 0
294 0 19669138 0
295 0 19771258 0
296 1 198402 881
297 1 1235178 5683
298 1 693511 3180
299 0 15507515 0
300 0 19241485 0
301 0 15481809 0
302 0 21317096 0
303 1 1776586 8213
304 0 19543179 0
305 0 15740749 0
306 1 56357 257
307 0 18975540 0
308 0 22253499 0
309 1 1107028 5033
310 1 1424961 6567
311 0 21151677 0
312 0 19266860 0
313 0 20149242 0
314 1 1143835 5276
315 0 19791118 0
316 0 19784730 0
317 0 19585209 0
318 1 985702 4529
319 0 19317811 0
320 0 18962273 0
321 0 19120419 0
322 1 1021512 4666
323 1 552271 2534
324 0 22153362 0
325 1 1395809 6425
326 1 989392 4517
327 1 751802 3444
328 1 849343 3903
329 1 699512 3210
330 1 1616997 7461
331 1 798762 3673
332 0 15508958 0
333 1 1433744 7524
334 0 22339980 0
335 0 18875393 0
336 1 1077805 4903
337 0 19729151 0
338 1 242078 1090
339 0 19559989 0
340 1 1135868 5207
341 1 1097395 5048
342 1 383295 1748
343 1 933701 4297
344 1 1242197 5649
345 1 2920933 13423
346 1 750681 3434
347 1 1135053 5208
348 0 15616280 0
349 0 22271831 0
350 0 21383913 0
351 1 766839 3512
352 1 1029747 4733
353 0 21760124 0
354 1 952834 4945
355 1 613549 2819
356 0 19574764 0
357 0 19393934 0
358 1 1290094 5895
359 0 21888957 0
360 1 425436 1944
361 0 21707711 0
362 1 1249327 5761
363 0 20751943 0
364 0 20862994 0
365 1 886550 4054
366 1 1212835 5570
367 0 20595196 0
368 0 18911550 0
369 1 846194 3865
370 0 19594079 0
371 0 20110995 0
372 0 19300737 0
373 0 18808904 0
374 0 15722123 0
375 0 19193779 0
376 1 1456944 6700
377 0 19215627 0
378 1 608697 2773
379 1 481209 2201
380 1 865586 3995
381 1 887698 4095
382 1 1146530 5247
383 0 19238166 0
384 1 946469 4385
385 1 492374 2269
386 1 826443 3806
387 0 19357613 0
388 1 772386 3540
389 1 983606 4536
390 1 1675451 7731
391 0 20043107 0
392 0 19485534 0
393 0 18508665 0
394 1 1830445 8449
395 0 19786965 0
396 1 1360557 6236
397 0 19206046 0
398 0 20636000 0
399 0 19949033 0
400 0 21531990 0
401 1 1186828 5463
402 0 19576209 0
403 0 22763286 0
404 0 19311242 0
405 1 900355 4693
406 0 19641258 0
407 1 821081 3761
408 0 19157899 0
409 0 22692255 0
410 1 1270350 5837
411 1 808044 3708
412 1 914141 4191
413 0 18639828 0
414 1 1202048 5527
415 1 1224063 5598
416 0 15715614 0
417 0 22345147 0
418 0 19646288 0
419 0 22871732 0
420 1 980936 4501
421 1 1110755 5104
422 0 20118680 0
423 1 1671826 7496
424 0 19138767 0
425 1 1333626 6118
426 0 19555877 0
427 0 22973306 0
428 0 22341241 0
429 1 659590 2988
430 0 22085375 0
431 1 1326264 6971
432 1 1658997 7630
433 0 19806906 0
434 0 19354694 0
435 0 15499700 0
436 0 22716875 0
437 1 929147 4263
438 0 22118562 0
439 1 625282 2853
440 0 22705562 0
441 0 22637205 0
442 0 21624581 0
443 1 1307541 5990
444 0 21643177 0
445 0 15480431 0
446 0 21318963 0
447 0 19318904 0
448 1 545703 2830
449 0 22020469 0
450 1 965753 4427
451 0 22864350 0
452 0 15625120 0
453 1 952449 4358
454 0 19716186 0
455 1 1115724 5105
456 0 20793136 0
457 0 19648156 0
458 0 20192803 0
459 1 1304767 5979
460 0 22558186 0
461 0 22101513 0
462 1 1450732 6634
463 0 18668660 0
464 1 986265 4525
465 0 19684514 0
466 1 1099662 5084
467 0 19600852 0
468 0 19489250 0
469 1 1126207 5180
470 0 21984450 0
471 0 19957072 0
472 0 19559589 0
473 0 19731596 0
474 1 764179 3501
475 1 1177803 5436
476 0 21754178 0
477 1 1043918 4803
478 1 1182801 5463
479 0 21866193 0
480 1 966380 4446
481 0 21317889 0
482 1 1026614 4732
483 0 20408899 0
484 0 20030480 0
485 1 645610 2968
486 1 1017501 4699
487 0 19615280 0
488 1 794677 3653
489 0 19220246 0
490 1 227518 1161
491 1 732621 3380
492 0 21737212 0
493 1 1034284 4769
494 0 20084816 0
495 1 1366419 6313
496 1 351703 1616
497 0 19794323 0
498 1 1152438 5295
499 1 1404646 6476
500 1 872323 4015
501 1 746536 3432
502 0 19044838 0
503 0 18520064 0
504 0 18991533 0
505 1 893969 4114
506 0 19394431 0
507 1 1096497 5003
508 0 18946613 0
509 0 19386445 0
510 0 22377736 0
511 0 22267597 0
512 0 15350139 0
513 1 1456172 6662
514 0 20527452 0
515 0 18991882 0
516 1 548389 2488
517 0 19063318 0
518 0 22473677 0
519 1 588652 2693
520 0 19471468 0
521 0 21300012 0
522 0 22808033 0
523 1 1866071 8576
524 0 21463264 0
525 0 21751387 0
526 1 1072406 4932
527 0 15757087 0
528 0 21278647 0
529 0 17013315 0
530 1 464550 2373
531 0 20326080 0
532 0 22285887 0
533 0 22232106 0
534 1 875652 3960
535 0 19317980 0
536 0 15570251 0
537 0 20061080 0
538 1 1032269 4720
539 0 22581107 0
540 1 1451718 6674
541 1 2180010 10011
542 0 20928196 0
543 1 876278 4011
544 1 927723 4258
545 1 1038150 4763
546 0 17761556 0
547 0 19878072 0
548 1 351196 1562
549 1 950261 4371
550 1 1110167 5821
551 0 22563695 0
552 0 21090369 0
553 0 19583946 0
554 0 20844437 0
555 1 1413153 6502
556 1 1253143 5750
557 0 22414247 0
558 0 22792753 0
559 1 988070 4536
560 0 22788902 0
561 0 19489054 0
562 0 19208519 0
563 0 20238457 0
564 0 18867916 0
565 0 15607779 0
566 1 1712176 7917
567 1 886417 4085
568 1 1005875 4654
569 0 20115646 0
570 0 19325744 0
571 0 21734455 0
572 0 16672919 0
573 0 21369855 0
574 0 15486319 0
575 1 995379 4574
576 0 22173715 0
577 0 15821299 0
578 0 19397519 0
579 0 19615972 0
580 1 665865 3050
581 1 1749951 8083
582 0 15205674 0
583 0 22362889 0
584 1 456103 2355
585 1 830693 3821
586 1 1468048 6759
587 0 21616857 0
588 0 20535513 0
589 1 909462 4184
590 0 20856977 0
591 0 21345466 0
592 0 20231044 0
593 0 15733880 0
594 0 20858485 0
595 0 19983482 0
596 1 872507 4030
597 1 1216484 5616
598 1 1616053 7473
599 0 18996602 0
600 1 633868 3322
601 0 19820574 0
602 0 20352810 0
603 0 19919316 0
604 1 1267697 5851
605 0 21200243 0
606 0 20243848 0
607 1 929121 4255
608 0 19135132 0
609 0 20148000 0
610 0 19418216 0
611 1 1224980 5639
612 0 19475866 0
613 0 15543865 0
614 0 22390214 0
615 1 803275 4207
616 0 18760679 0
617 1 1305799 5981
618 1 1177475 5371
619 1 1709238 7844
620 1 1392279 6370
621 0 19689396 0
622 1 1108565 5804
623 0 15412807 0
624 0 22547193 0
625 1 973459 4450
626 1 349515 1592
627 0 22752614 0
628 0 20613212 0
629 0 20745584 0
630 0 15636488 0
631 1 600110 3107
632 0 21835528 0
633 1 967138 4461
634 0 22714474 0
635 1 968806 4459
636 0 22780906 0
637 1 1028043 5352
638 0 19867779 0
639 0 21567315 0
640 0 15554748 0
641 1 1235819 5710
642 0 20499139 0
643 0 17023792 0
644 1 912768 4187
645 1 1429080 6534
646 0 19104846 0
647 1 1364059 7147
648 1 992110 4524
649 0 18771980 0
650 1 1569912 7218
651 0 20200207 0
652 1 1114698 5088
653 0 18900511 0
654 1 1821057 8347
655 0 19480707 0
656 0 17494027 0
657 1 1400065 6414
658 0 18764911 0
659 0 19354965 0
660 1 661971 3465
661 0 19584033 0
662 0 19442063 0
663 0 15398603 0
664 0 15746630 0
665 0 19037872 0
666 0 19956983 0
667 0 19351930 0
668 0 21612485 0
669 1 714769 3271
670 0 21923051 0
671 0 19606371 0
672 1 749673 3910
673 0 19763869 0
674 0 15490714 0
675 0 19488853 0
676 0 18950161 0
677 0 19569209 0
678 1 792834 3611
679 1 2268636 10507
680 1 1325120 6117
681 1 705691 3253
682 0 18746096 0
683 1 821003 3777
684 0 18650957 0
685 0 22710570 0
686 1 279362 1256
687 1 1009691 4637
688 1 1078549 4946
689 0 16193492 0
690 0 20054471 0
691 1 493885 2557
692 0 20248213 0
693 1 295405 1312
694 1 664939 3033
695 0 15631109 0
696 1 520967 2397
697 0 18741058 0
698 0 19342345 0
699 1 147344 643
700 0 19972464 0
701 1 1741167 9145
702 0 19458890 0
703 1 123779 540
704 1 1611794 7449
705 0 18901811 0
706 0 21546450 0
707 0 20134225 0
708 1 667268 3058
709 1 1388530 6405
710 1 1351861 6250
711 0 19168563 0
712 0 19036377 0
713 0 18175179 0
714 0 19361598 0
715 1 1207643 5580
716 0 19323604 0
717 1 1554239 7174
718 0 19904797 0
719 1 1259193 6588
720 0 22783205 0
721 0 21188427 0
722 1 1057641 4888
723 1 2045535 9489
724 1 1943295 9019
725 1 485426 2234
726 0 19461234 0
727 1 835132 3854
728 0 21784879 0
729 1 1287315 5938
730 1 230142 1051
731 0 22516482 0
732 1 1663204 7659
733 0 19983187 0
734 0 15793805 0
735 1 1993346 9176
736 0 20957318 0
737 0 19938251 0
738 0 19679759 0
739 1 939525 4325
740 1 1107439 5112
741 0 22442646 0
742 1 1913104 8798
743 0 20269053 0
744 0 20702920 0
745 0 19836537 0
746 1 1029243 4742
747 0 19301385 0
748 1 685072 3159
749 1 1551579 7169
750 1 1094746 5061
751 0 20452170 0
752 0 19795663 0
753 1 1294400 6781
754 0 22071363 0
755 0 21791989 0
756 0 15502322 0
757 0 18439243 0
758 1 1221078 5639
759 1 1444561 6678
760 0 18948359 0
761 1 603667 3130
762 0 19082643 0
763 1 702024 3668
764 0 22168274 0
765 0 21284199 0
766 1 973475 5079
767 0 19337121 0
768 0 20089069 0
769 1 612794 3192
770 0 20342108 0
771 1 1170740 6119
772 0 19615952 0
773 0 20070092 0
774 0 19570390 0
775 0 19536600 0
776 1 1433976 6554
777 0 19964778 0
778 1 2720104 12593
779 1 1997020 9192
780 1 1664502 7646
781 1 557770 2540
782 1 636391 2917
783 0 22481990 0
784 0 22411817 0
785 0 21559615 0
786 1 995780 4550
787 0 22210400 0
788 0 20786477 0
789 0 19881082 0
790 0 20659801 0
791 1 956068 4387
792 0 19234612 0
793 1 654426 3381
794 0 21387118 0
795 1 1381794 6337
796 1 663220 3048
797 0 22946467 0
798 1 624591 2857
799 1 651691 2971
800 0 20479702 0
801 1 1234604 5669
802 0 22707549 0
803 0 21871104 0
804 0 20305901 0
805 1 903809 4112
806 1 2254414 10386
807 1 1111567 5815
808 1 744147 3890
809 1 859807 3934
810 1 1838359 8441
811 1 932515 4884
812 1 1110451 5094
813 0 19038781 0
814 1 273021 1241
815 0 21422652 0
816 0 18363146 0
817 1 994910 4527
818 0 19437514 0
819 0 22476726 0
820 0 15600549 0
821 1 1041437 4787
822 0 19829857 0
823 0 19210083 0
824 1 1175399 5136
825 1 2450458 11252
826 0 21280096 0
827 1 783409 3592
828 0 22201553 0
829 1 898288 4698
830 1 868124 3990
831 1 30782 121
832 1 1352561 6201
833 1 1172187 5382
834 0 20104643 0
835 1 1802616 8309
836 0 19997831 0
837 0 22195087 0
838 0 21302603 0
839 0 15635315 0
840 1 1382678 6340
841 0 20360475 0
842 1 966129 4439
843 0 15639303 0
844 1 2100102 9692
845 1 664654 3037
846 0 19131087 0
847 1 1233792 5677
848 1 874226 4024
849 1 1386594 6372
850 0 18978236 0
851 0 15701929 0
852 1 1571707 7203
853 1 1311441 6018
854 1 1561205 7181
855 1 1549412 7120
856 1 751141 3441
857 1 1267964 5848
858 1 1271275 5836
859 0 18960310 0
860 0 19088372 0
861 0 18728914 0
862 0 18701116 0
863 0 18367062 0
864 1 1618475 7417
865 0 15666636 0
866 1 846640 3823
867 1 1010157 4646
868 0 22139916 0
869 0 19868171 0
870 1 915937 4775
871 0 21066619 0
872 1 1290591 5937
873 0 19712579 0
874 0 19899510 0
875 0 21884144 0
876 1 1038786 4766
877 1 138215 619
878 1 1445095 6633
879 1 1268143 5823
880 0 19457165 0
881 1 705291 3230
882 0 21723811 0
883 1 902629 4136
884 0 21537626 0
885 0 21580307 0
886 1 1352668 6204
887 1 867246 3985
888 1 1005437 4614
889 0 21929540 0
890 1 349204 1583
891 0 19271702 0
892 0 19134429 0
893 1 991006 4538
894 0 20186580 0
895 1 1141116 5224
896 1 1192168 5481
897 0 18889388 0
898 1 1173081 5413
899 0 19714212 0
900 0 15437756 0
901 0 19755076 0
902 0 19985585 0
903 0 19697318 0
904 1 1796328 8290
905 0 19546677 0
906 0 18966654 0
907 1 2386516 10920
908 1 1244286 5721
909 0 15748905 0
910 1 1048672 4850
911 0 19643054 0
912 1 1136197 5242
913 1 838173 3868
914 0 19013455 0
915 1 751266 3465
916 1 591293 2723
917 0 19885084 0
918 0 19250881 0
919 0 22204848 0
920 0 15790986 0
921 0 21032422 0
922 1 1340742 6178
923 0 21286986 0
924 1 1356325 6273
925 0 20350172 0
926 0 18577919 0
927 1 242671 1083
928 0 22602721 0
929 1 1833005 8438
930 0 22478347 0
931 1 1336588 6127
932 0 19115558 0
933 0 15652686 0
934 0 15497422 0
935 1 43087 161
936 0 15652402 0
937 0 15710977 0
938 0 20137246 0
939 1 1375353 6345
940 0 19201117 0
941 1 1362591 6248
942 1 1723301 7922
943 0 15660134 0
944 1 1011334 4661
945 0 19250334 0
946 1 578478 2664
947 0 19646171 0
948 0 18700309 0
949 0 20988475 0
950 0 15792747 0
951 0 19066182 0
952 1 1841457 8481
953 1 528021 2437
954 0 18715710 0
955 1 998259 4609
956 0 19042484 0
957 0 19198902 0
958 0 22574269 0
959 1 827675 4288
960 1 798938 3664
961 0 18964724 0
962 0 15634304 0
963 0 21771812 0
964 0 19750774 0
965 0 20115813 0
966 1 735677 3376
967 0 19163186 0
968 1 791241 3630
969 0 19803283 0
970 0 22375421 0
971 1 1768970 9272
972 0 20295412 0
973 0 20580705 0
974 1 1166176 5344
975 0 20453520 0
976 1 1036219 4767
977 0 21121736 0
978 1 793108 3663
979 1 1142383 5278
980 0 20487254 0
981 0 15129730 0
982 0 20207962 0
983 1 1349681 6217
984 0 20708092 0
985 0 19208069 0
986 0 20430517 0
987 0 20235320 0
988 0 22135309 0
989 0 22269339 0
990 1 836026 3857
991 0 20311033 0
992 1 1164930 6116
993 0 21481135 0
994 1 705891 3238
995 0 15726767 0
996 0 19141826 0
997 1 1333022 6984
998 1 1306171 6044
999 0 22388204 0
1000 0 22008100 0
1001 1 1158120 5323
1002 1 783111 3612
1003 0 20314371 0
1004 0 22083440 0
1005 1 2293197 10546
1006 1 1043795 4789
1007 0 20835258 0
1008 0 15716348 0
1009 0 20026524 0
1010 1 388729 1779
1011 0 19532699 0
1012 0 19131636 0
1013 1 824008 4305
1014 1 715144 3727
1015 0 20888162 0
1016 1 853565 3932
1017 0 18993146 0
1018 1 940126 4931
1019 1 1389229 6404
1020 0 22527790 0
1021 0 15434662 0
1022 1 975112 4496
1023 0 19917532 0
1024 1 1204613 5559
1025 1 1138268 5251
1026 0 19587511 0
1027 1 334666 1500
1028 0 20425868 0
1029 1 1399350 6427
1030 1 1383012 6392
1031 1 1454770 6721
1032 1 1357490 6277
1033 0 19242813 0
1034 1 1309949 6045
1035 0 19289454 0
1036 1 1914444 8818
1037 1 627554 2868
1038 0 19198399 0
1039 1 1122216 5169
1040 0 18406778 0
1041 0 18913119 0
1042 0 15306410 0
1043 0 20245076 0
1044 1 935601 4318
1045 1 1572438 7267
1046 1 1219708 5629
1047 1 1275501 5903
1048 1 1493539 6884
1049 0 20403569 0
1050 0 22104663 0
1051 1 854831 3913
1052 0 19189298 0
1053 0 19541864 0
1054 1 1132751 5213
1055 0 18462407 0
1056 0 21641300 0
1057 0 21783409 0
1058 1 1503551 6947
1059 1 1074659 4924
1060 1 679835 3564
1061 1 836027 3863
1062 0 18926080 0
1063 0 19223278 0
1064 1 1032569 4741
1065 1 1499745 6935
1066 1 671369 3096
1067 0 20192742 0
1068 1 1144621 5277
1069 0 19879038 0
1070 0 18076821 0
1071 0 20090741 0
1072 0 15777532 0
1073 0 15539435 0
1074 1 458135 2085
1075 0 18249050 0
1076 1 1195460 6207
1077 1 1230917 5663
1078 0 19755704 0
1079 1 1033246 4775
1080 0 18961687 0
1081 0 18807285 0
1082 0 19055077 0
1083 1 1054993 4865
1084 0 20074871 0
1085 1 1606805 7420
1086 1 747397 3907
1087 0 19648575 0
1088 0 20236814 0
1089 0 19551089 0
1090 0 19785264 0
1091 0 19717230 0
1092 1 1299297 6829
1093 0 19337365 0
1094 1 241275 1072
1095 1 993844 4588
1096 1 749180 3454
1097 1 1231925 6457
1098 0 20284112 0
1099 0 20324800 0
1100 1 1331596 6117
1101 0 15472433 0
1102 0 22017021 0
1103 1 155813 760
1104 1 419029 1929
1105 0 22277267 0
1106 0 21376631 0
1107 0 15443489 0
1108 1 712199 3277
1109 1 884822 4080
1110 1 1956453 9040
1111 0 22785006 0
1112 1 1172632 5387
1113 0 22195869 0
1114 0 20603198 0
1115 0 20390843 0
1116 1 1083902 4997
1117 0 20115431 0
1118 0 22385558 0
1119 0 22582809 0
1120 1 1048580 5497
1121 1 1147959 5300
1122 0 22570575 0
1123 0 22086835 0
1124 0 19498774 0
1125 0 18623100 0
1126 0 19250684 0
1127 1 716358 3273
1128 0 18491919 0
1129 0 15438955 0
1130 0 19246867 0
1131 0 19491134 0
1132 0 19516745 0
1133 1 711366 3628
1134 1 933872 4284
1135 0 19141413 0
1136 0 22205772 0
1137 1 1042507 4787
1138 1 876573 4035
1139 0 22853365 0
1140 0 15762914 0
1141 0 20334175 0
1142 1 1238281 5694
1143 1 1238707 6495
1144 0 19074076 0
1145 1 1354908 6207
1146 1 1352504 6217
1147 0 15798962 0
1148 1 1227936 5635
1149 0 15535304 0
1150 0 18720796 0
1151 1 950142 4742
1152 0 19212536 0
1153 1 1400667 7330
1154 0 20497387 0
1155 0 19024904 0
1156 0 22534985 0
1157 0 21210602 0
1158 1 489427 2528
1159 0 22375578 0
1160 0 20760100 0
1161 0 19428510 0
1162 0 15805329 0
1163 0 21975950 0
1164 1 1192644 5473
1165 0 20992012 0
1166 1 686986 3120
1167 1 1947827 8939
1168 0 20501762 0
1169 0 20046005 0
1170 0 19360921 0
1171 0 19615577 0
1172 0 16619422 0
1173 1 1141965 5972
1174 1 1213677 6361
1175 0 22002989 0
1176 1 991246 4549
1177 1 1610827 7415
1178 1 1858526 8522
1179 1 1508639 6911
1180 1 871616 4001
1181 0 19881632 0
1182 0 19351624 0
1183 1 1039304 5435
1184 0 21336896 0
1185 0 15715528 0
1186 0 19350412 0
1187 0 20645913 0
1188 0 20176309 0
1189 0 19315359 0
1190 1 1123646 5154
1191 1 1371963 6172
1192 0 18659471 0
1193 0 19906765 0
1194 0 22574868 0
1195 0 16090575 0
1196 0 21694405 0
1197 1 2179592 10085
1198 1 1139783 5236
1199 1 1275022 5881
0 1 1012739 5133
1 1 1171483 5427
2 0 15584397 0
3 1 893868 4114
4 1 513067 2368
5 1 544340 2515
6 0 19140464 0
7 0 22394584 0
8 0 21854744 0
9 1 540132 2497
10 0 19789709 0
11 0 19842093 0
12 0 22447444 0
13 1 1077049 4976
14 1 851768 3949
15 0 19981888 0
16 1 617417 2829
17 1 1441362 6690
18 0 15637865 0
19 1 776697 3558
20 1 1659585 7666
21 1 2080155 9656
22 1 357766 1644
23 1 877933 4062
24 0 19746967 0
25 0 19256493 0
26 0 19443577 0
27 0 19477405 0
28 0 18875455 0
29 1 1469146 6781
30 0 19441490 0
31 0 19851143 0
32 0 20319287 0
33 0 19127129 0
34 0 21986517 0
35 1 1131451 5228
36 0 21982782 0
37 1 798795 4175
38 0 20027676 0
39 1 741636 3428
40 1 1191141 5519
41 0 19624014 0
42 0 20615002 0
43 1 833203 3854
44 1 1414564 6468
45 1 1311331 6028
46 0 18950198 0
47 1 1302584 6034
48 1 440117 2027
49 0 18665442 0
50 0 21860261 0
51 0 19725944 0
52 0 22260630 0
53 0 22196704 0
54 0 19166234 0
55 0 20339215 0
56 0 19556797 0
57 0 22621754 0
58 0 21855829 0
59 1 2504427 11536
60 1 757909 3496
61 1 1940864 8995
62 0 20713532 0
63 1 592596 2721
64 1 927283 4297
65 0 21636081 0
66 0 20233753 0
67 0 21548118 0
68 0 20630755 0
69 0 15609747 0
70 0 20703338 0
71 1 825944 3797
72 0 20802373 0
73 0 15483532 0
74 1 1101448 5083
75 1 301953 1387
76 0 20104476 0
77 1 1385333 6348
78 1 1129649 5209
79 0 19211718 0
80 1 577137 2652
81 0 19720227 0
82 1 1073353 4965
83 0 19768574 0
84 0 21688855 0
85 0 20677789 0
86 1 849205 3920
87 1 724733 3340
88 1 1121087 5188
89 1 929752 4293
90 1 1438064 7540
91 0 19987416 0
92 1 825999 3826
93 0 18797009 0
94 1 828497 3812
95 0 18603474 0
96 0 18636521 0
97 0 19441031 0
98 1 1558141 7209
99 0 18491221 0
100 0 19087594 0
101 0 20269681 0
102 0 15618686 0
103 0 19167881 0
104 0 22226826 0
105 1 1359216 7108
106 0 21396618 0
107 1 865018 4001
108 1 627106 3297
109 1 494336 2275
110 0 19564581 0
111 0 19049800 0
112 0 19364000 0
113 0 18644026 0
114 1 484966 2211
115 0 19182885 0
116 0 19416990 0
117 0 18897833 0
118 0 19194354 0
119 0 19401273 0
120 1 1317982 6056
121 1 472139 2175
122 1 628560 2848
123 0 18877164 0
124 0 18776145 0
125 0 16264417 0
126 1 848881 3911
127 0 20727709 0
128 0 22548687 0
129 1 1453283 6741
130 0 18382885 0
131 1 1014771 4662
132 1 914487 4197
133 1 1395624 6447
134 1 1299703 6018
135 0 19794090 0
136 1 274923 1231
137 1 1047153 4848
138 0 18869123 0
139 0 20919128 0
140 1 429978 2234
141 1 1584918 7310
142 1 1989507 9190
143 0 19291148 0
144 1 1736703 8011
145 0 19114611 0
146 1 1083301 4980
147 0 21018899 0
148 0 19584777 0
149 0 15458561 0
150 1 623553 2844
151 1 1851380 8587
152 1 1118599 5180
153 0 19850631 0
154 0 20377329 0
155 1 1030071 4753
156 1 1199365 5534
157 0 20561375 0
158 1 1351645 6247
159 1 1043008 4831
160 1 1653830 7674
161 1 1590241 7354
162 1 927052 4287
163 0 20220878 0
164 0 19522658 0
165 1 1055098 4854
166 0 22567965 0
167 0 20899564 0
168 1 1963396 9077
169 1 1135508 5266
170 0 18900423 0
171 1 929878 4287
172 1 1243898 5756
173 1 646323 2979
174 0 19444583 0
175 0 19160808 0
176 1 461017 2085
177 0 18310939 0
178 0 19167148 0
179 0 19200740 0
180 1 908892 4177
181 0 19715491 0
182 1 89342 383
183 1 1321995 6109
184 0 15674146 0
185 1 804329 3693
186 0 19518176 0
187 0 19784664 0
188 1 693842 3164
189 0 18878342 0
190 1 737464 3851
191 1 1211339 5598
192 0 22642795 0
193 0 19128788 0
194 0 19447310 0
195 0 19528401 0
196 0 19767722 0
197 1 1137987 5259
198 1 1241329 5753
199 1 1460512 6744
200 0 18913834 0
201 0 19256659 0
202 0 19194386 0
203 0 19772333 0
204 1 1585075 7325
205 1 910894 4205
206 1 1079295 5007
207 1 1157497 5348
208 0 19063756 0
209 0 19579114 0
210 1 1113615 5142
211 1 964431 4458
212 0 22388719 0
213 1 1134098 5239
214 0 20162969 0
215 0 19656437 0
216 1 1812409 8391
217 1 1234616 5708
218 0 19351071 0
219 1 1455730 6707
220 0 19149096 0
221 0 19920121 0
222 0 19866036 0
223 1 484520 2213
224 1 519214 2396
225 0 19543695 0
226 0 19325595 0
227 1 1168236 5382
228 1 1576926 7294
229 1 754280 3487
230 0 15504844 0
231 0 19684566 0
232 0 22790413 0
233 0 20961456 0
234 0 19272933 0
235 0 19489606 0
236 1 766363 3540
237 0 19433034 0
238 0 18273082 0
239 1 1075061 4952
240 0 19174793 0
241 0 15604098 0
242 0 19161104 0
243 1 784814 3613
244 0 20095489 0
245 1 899080 4157
246 1 521507 2402
247 0 18871886 0
248 1 1881105 8688
249 1 727672 3366
250 1 1146085 5313
251 0 19011899 0
252 1 367614 1690
253 0 15690867 0
254 0 19169565 0
255 0 18939965 0
256 1 943421 4366
257 0 18755126 0
258 0 19981425 0
259 0 21258376 0
260 0 19764696 0
261 0 19149303 0
262 0 19048578 0
263 0 21092790 0
264 0 20122316 0
265 0 20313480 0
266 1 1170238 5414
267 1 587518 2718
268 0 21940807 0
269 0 20805664 0
270 0 19482713 0
271 0 20217130 0
272 1 940042 4327
273 1 1150378 5332
274 0 20205531 0
275 0 19163787 0
276 1 1279120 5874
277 0 18665251 0
278 1 1029966 4753
279 0 18930663 0
280 0 18847533 0
281 0 15506614 0
282 0 22851328 0
283 1 319254 1448
284 1 722113 3262
285 0 15554298 0
286 0 19270373 0
287 0 22271334 0
288 0 20445451 0
289 1 1131736 5229
290 0 21955593 0
291 0 19793338 0
292 1 682921 3129
293 0 19192420 0
294 0 19533997 0
295 0 19518096 0
296 0 19933884 0
297 1 1136171 5246
298 0 19917081 0
299 0 19449693 0
300 1 1082646 4992
301 1 952948 5001
302 0 20603509 0
303 1 953974 4382
304 1 1297203 6001
305 0 19135057 0
306 0 20596966 0
307 1 1098576 5086
308 0 20043478 0
309 0 18676344 0
310 1 1323332 6954
311 1 977135 4492
312 0 20474446 0
313 0 15401550 0
314 1 1508665 6990
315 1 490512 2258
316 0 22209242 0
317 0 20786030 0
318 1 823771 3795
319 0 19722314 0
320 1 792847 4125
321 0 19131416 0
322 1 1076491 4919
323 0 19967103 0
324 0 15489657 0
325 1 1097787 5061
326 0 19424004 0
327 1 1178170 5432
328 0 20562582 0
329 1 1658250 7662
330 0 21682403 0
331 1 1152801 5325
332 0 19975154 0
333 1 1094328 5051
334 0 21747328 0
335 1 698267 3223
336 1 1012855 4687
337 0 20838308 0
338 1 1324054 6121
339 1 1485566 6876
340 0 22169712 0
341 0 22169045 0
342 1 1832044 8467
343 1 578489 2664
344 1 1183427 5471
345 0 19890801 0
346 0 19695856 0
347 1 980319 4504
348 0 20807078 0
349 1 1231058 5694
350 0 15912015 0
351 1 1330592 6137
352 1 1203581 5527
353 0 15830053 0
354 1 666554 3052
355 1 581401 2677
356 0 20035966 0
357 0 19791413 0
358 0 19672751 0
359 0 20975156 0
360 0 20053292 0
361 0 20204896 0
362 1 1504545 6962
363 1 1106928 5833
364 0 21250485 0
365 0 18576425 0
366 1 1338268 6179
367 0 15798954 0
368 0 18932682 0
369 1 1216812 6367
370 0 22857601 0
371 0 19741218 0
372 1 1394151 6436
373 0 20510233 0
374 1 2068351 9546
375 1 1369832 6350
376 1 780972 3564
377 1 983764 5176
378 0 19644609 0
379 1 1235437 5694
380 1 1459537 6752
381 0 21976238 0
382 0 21053545 0
383 0 19943668 0
384 0 15695515 0
385 1 1425065 6585
386 0 19373979 0
387 0 15480528 0
388 0 19591941 0
389 0 19777886 0
390 1 1661927 7702
391 0 19572305 0
392 1 1038269 4793
393 0 15457945 0
394 0 19642623 0
395 1 1126067 5202
396 1 763811 3517
397 1 980860 4534
398 1 1023940 4741
399 1 563303 2960
400 0 20749450 0
401 1 1059234 4873
402 0 18460094 0
403 0 15485782 0
404 0 19693048 0
405 0 19275261 0
406 0 19611757 0
407 1 710015 3704
408 1 1573151 7271
409 1 1525882 7075
410 0 19164507 0
411 0 19588201 0
412 1 1186735 5494
413 0 19295979 0
414 1 999817 4620
415 0 18877932 0
416 0 20384035 0
417 0 19561382 0
418 0 21099642 0
419 0 15470150 0
420 0 19385800 0
421 0 15320645 0
422 0 19694459 0
423 1 642348 2956
424 1 1145295 5309
425 0 18978752 0
426 1 1199985 5537
427 0 21427180 0
428 1 1466913 6773
429 0 15872326 0
430 0 19627986 0
431 0 15343817 0
432 0 20923921 0
433 0 18952554 0
434 0 19245895 0
435 1 1312640 6067
436 0 23131315 0
437 0 21703388 0
438 1 1384340 6398
439 0 20505042 0
440 0 20820366 0
441 0 18421860 0
442 0 19748383 0
443 0 19982124 0
444 0 19589957 0
445 0 19333486 0
446 0 20708021 0
447 1 191403 859
448 1 860089 3983
449 0 19567320 0
450 0 20085443 0
451 1 1454938 6710
452 0 15952334 0
453 1 762753 3500
454 1 449090 2080
455 0 20340929 0
456 0 15664908 0
457 1 1234987 5717
458 1 1406419 6517
459 0 21038680 0
460 0 19928013 0
461 1 2000409 9263
462 0 15673357 0
463 1 2791840 12927
464 0 21815882 0
465 1 1356603 6283
466 0 19586369 0
467 0 19243175 0
468 0 18436062 0
469 0 21751889 0
470 1 1126855 5201
471 1 1140737 5287
472 0 19259626 0
473 1 1329128 6664
474 1 1461822 6780
475 0 20653015 0
476 1 1061322 4907
477 0 15806934 0
478 0 19537035 0
479 0 19689041 0
480 0 19284410 0
481 0 20497183 0
482 1 1139624 5218
483 0 20580783 0
484 0 20262365 0
485 0 19882469 0
486 0 19769391 0
487 1 1297410 6010
488 0 20104142 0
489 0 20221679 0
490 0 19416160 0
491 0 19589345 0
492 1 513894 2345
493 0 19145683 0
494 1 1957317 9057
495 0 19586102 0
496 1 780963 3587
497 1 1018997 4713
498 0 19286182 0
499 0 21149093 0
500 0 18847003 0
501 0 19308345 0
502 0 20385156 0
503 1 1128459 5169
504 0 18855136 0
505 1 771664 3564
506 1 1179698 5346
507 1 1004507 4659
508 0 20353473 0
509 0 19816836 0
510 1 594703 2743
511 0 18896323 0
512 1 1177002 6191
513 1 1433519 6620
514 0 19195529 0
515 1 1578293 7307
516 1 722345 3342
517 1 1189944 5499
518 1 752329 3480
519 1 1337927 6200
520 0 23025063 0
521 1 1411829 6520
522 0 20069114 0
523 0 21072887 0
524 1 1272785 5872
525 1 794705 3899
526 0 19142951 0
527 0 21580593 0
528 1 1179916 5447
529 0 22062080 0
530 0 20855768 0
531 1 1131071 5226
532 1 1373822 6372
533 1 752652 3484
534 1 953907 5016
535 0 20751015 0
536 0 19722699 0
537 1 970854 4463
538 0 22161389 0
539 1 1129193 5178
540 0 20522380 0
541 0 20559247 0
542 1 827223 3815
543 1 621020 2865
544 0 19248672 0
545 0 19437014 0
546 1 1283611 5917
547 1 1216563 5626
548 0 19712644 0
549 1 1119453 5855
550 0 18837579 0
551 0 18826707 0
552 1 965444 5061
553 0 20214057 0
554 1 832014 3831
555 1 1101746 5089
556 1 1015462 4709
557 0 18478424 0
558 1 1520731 7035
559 0 20087207 0
560 1 1036661 5443
561 0 21211979 0
562 1 696861 3205
563 1 853535 3951
564 1 1291141 6803
565 0 19435367 0
566 1 915585 4211
567 0 19277830 0
568 0 20354345 0
569 0 15801305 0
570 0 20367974 0
571 0 22297796 0
572 0 20380835 0
573 1 1158270 6085
574 0 20295879 0
575 0 20546191 0
576 1 1880299 8696
577 0 20299670 0
578 1 1046752 4823
579 1 810386 3759
580 0 19759032 0
581 0 21656441 0
582 1 497811 2288
583 1 2522181 11640
584 1 1054066 5552
585 0 15617718 0
586 0 19604793 0
587 0 15563595 0
588 0 18719626 0
589 0 15309725 0
590 1 1425993 6582
591 0 20324776 0
592 1 915303 4203
593 0 19051474 0
594 1 942403 4315
595 0 18902726 0
596 1 2407354 11131
597 1 1712821 7907
598 0 20411979 0
599 1 989337 4532
600 0 20777082 0
601 0 21427710 0
602 1 874322 4017
603 0 22867593 0
604 0 22409947 0
605 1 843655 3874
606 1 1945318 8965
607 1 887166 4064
608 0 20717619 0
609 1 995875 4574
610 1 1452008 6707
611 0 15167722 0
612 0 19664454 0
613 0 15868955 0
614 0 15625550 0
615 1 1026958 4698
616 1 1335684 6159
617 1 1325489 6089
618 0 19890864 0
619 0 19498924 0
620 0 20044471 0
621 0 18819530 0
622 0 22529950 0
623 0 20402826 0
624 0 19303381 0
625 1 422641 1926
626 1 898564 4145
627 0 21973999 0
628 0 21198117 0
629 1 1479851 6807
630 0 19847585 0
631 1 863464 4428
632 1 878904 4055
633 0 19311020 0
634 1 1328745 6144
635 1 987565 5211
636 0 19231964 0
637 0 18880072 0
638 1 1541814 7123
639 0 21165436 0
640 0 20931867 0
641 1 1588172 7325
642 0 19659405 0
643 0 22619053 0
644 1 1213559 5621
645 0 20878478 0
646 0 19506429 0
647 0 19581605 0
648 1 103487 456
649 0 19279914 0
650 0 19584112 0
651 0 20622371 0
652 1 900877 4147
653 0 19256602 0
654 0 20576892 0
655 0 15383904 0
656 1 635191 2928
657 1 792746 4157
658 0 18804242 0
659 1 985443 4541
660 0 20033123 0
661 1 1193214 6257
662 1 1365300 6335
663 1 983611 4549
664 1 964481 4468
665 1 1706937 7907
666 1 207929 947
667 1 1168249 5387
668 0 19085166 0
669 0 18675555 0
670 0 20393441 0
671 1 1334438 6174
672 0 19116184 0
673 1 920320 4249
674 0 20145646 0
675 0 18540706 0
676 0 19362482 0
677 1 1335007 6144
678 0 19229301 0
679 1 541068 2490
680 1 1458410 6757
681 1 1002553 4645
682 0 19760919 0
683 1 886483 4635
684 1 734275 3400
685 1 962428 4453
686 0 18709850 0
687 0 19145422 0
688 1 1615064 7481
689 1 1338542 6207
690 1 877582 4029
691 0 21133867 0
692 0 19856065 0
693 1 138293 612
694 0 19409451 0
695 0 18621148 0
696 1 1658258 7663
697 0 19844694 0
698 1 1170742 5418
699 1 1083555 5710
700 0 19320126 0
701 0 20200713 0
702 1 1089345 5034
703 0 19156646 0
704 0 18925466 0
705 0 19196309 0
706 1 1263158 5828
707 1 1302685 6850
708 1 1533471 7109
709 0 18364711 0
710 1 1133398 5135
711 0 19406667 0
712 0 22335952 0
713 0 21030419 0
714 0 20221449 0
715 0 19052023 0
716 0 19902563 0
717 0 20403852 0
718 0 18821983 0
719 1 1136049 5238
720 0 20572882 0
721 0 19196619 0
722 1 1180548 5449
723 1 1029485 4756
724 1 803418 3717
725 1 1405801 6512
726 0 19288514 0
727 0 19745245 0
728 1 974815 4493
729 0 19119853 0
730 0 18564514 0
731 0 20069741 0
732 0 18433945 0
733 0 18670637 0
734 0 20532104 0
735 0 20088489 0
736 0 19447077 0
737 1 1271663 5888
738 0 18986388 0
739 0 18895384 0
740 0 15503890 0
741 1 1335867 6176
742 1 1178077 5452
743 0 20908139 0
744 0 19322927 0
745 0 18970384 0
746 0 15349608 0
747 1 1343405 6204
748 0 18940959 0
749 0 21632323 0
750 0 22332629 0
751 1 1093090 5005
752 1 850410 3941
753 1 1376053 6367
754 0 19384148 0
755 1 1968493 9086
756 0 21412192 0
757 0 21995167 0
758 0 20931067 0
759 1 959928 4430
760 1 1458507 6755
761 1 1100115 5088
762 1 246376 1135
763 1 1016523 4708
764 0 19004548 0
765 0 19723829 0
766 0 20867096 0
767 0 19370663 0
768 0 19441703 0
769 1 985536 4547
770 1 1359493 6298
771 1 1825078 8459
772 1 709502 3283
773 0 20544819 0
774 0 19533240 0
775 1 822537 3782
776 1 1197044 5492
777 0 18811817 0
778 0 23160868 0
779 0 20413624 0
780 0 20168006 0
781 1 1202747 5564
782 0 19742411 0
783 1 1003292 5254
784 0 22327079 0
785 0 19981946 0
786 0 20135006 0
787 1 181616 818
788 0 18567350 0
789 1 960621 5023
790 0 18423856 0
791 0 19263325 0
792 1 1801338 8350
793 0 19374093 0
794 0 19672206 0
795 0 19649461 0
796 0 19115147 0
797 1 1027118 4728
798 0 19764447 0
799 0 18631031 0
800 1 1189483 5485
801 0 19203166 0
802 0 15630063 0
803 1 1385961 6384
804 1 1184347 6214
805 0 19612235 0
806 0 18504326 0
807 1 1371705 6331
808 1 564657 2612
809 1 1270533 5880
810 1 1805753 8342
811 1 1571784 7273
812 0 18715387 0
813 0 19046046 0
814 0 19238837 0
815 1 1742710 8084
816 0 18917917 0
817 1 1112920 5117
818 0 18818033 0
819 0 19148992 0
820 0 22048930 0
821 1 1027678 4757
822 0 20470807 0
823 0 20361913 0
824 0 19517976 0
825 0 18502395 0
826 1 1375919 6371
827 0 18619885 0
828 1 1432503 6611
829 0 18491507 0
830 0 19661075 0
831 1 627768 2880
832 1 1019867 4725
833 1 890950 4128
834 1 1413044 6505
835 0 20279206 0
836 1 1180394 5449
837 0 18846060 0
838 1 1470288 6811
839 1 1143567 5293
840 0 19521097 0
841 0 19336703 0
842 1 264476 1189
843 1 1211315 5607
844 1 1653431 7652
845 0 20719603 0
846 0 19015535 0
847 0 21699990 0
848 0 20749780 0
849 0 19504463 0
850 0 19309703 0
851 1 2658738 12259
852 0 21888693 0
853 0 21853232 0
854 0 20300830 0
855 0 20962350 0
856 0 20692963 0
857 1 1338206 6196
858 1 1717980 7956
859 1 1068880 4950
860 0 19352894 0
861 0 19793672 0
862 0 21314274 0
863 0 20068640 0
864 1 1026988 4737
865 0 18982434 0
866 0 21304477 0
867 0 20544957 0
868 0 21665530 0
869 1 2764103 12772
870 0 20141398 0
871 1 1275169 6679
872 1 1105210 5107
873 0 19687400 0
874 1 1376775 6365
875 0 15905920 0
876 0 15566825 0
877 1 1023035 4724
878 0 19327996 0
879 0 15611153 0
880 0 19570357 0
881 1 248226 1092
882 0 19592657 0
883 1 1328341 6999
884 0 19376210 0
885 1 1364763 6283
886 1 1572343 7293
887 1 473688 2186
888 1 109039 494
889 0 22828096 0
890 0 20816855 0
891 1 712834 3288
892 0 19559972 0
893 1 2288163 10552
894 0 19052353 0
895 0 17885796 0
896 0 19230379 0
897 0 19679396 0
898 0 19329947 0
899 0 19763448 0
900 1 1880463 8685
901 1 368219 1631
902 0 19114669 0
903 0 18782869 0
904 0 19318380 0
905 1 1304796 6825
906 0 18880751 0
907 0 19091734 0
908 0 19926631 0
909 1 1734399 8022
910 1 802586 3710
911 0 19743233 0
912 0 19791321 0
913 1 1221732 6394
914 0 19629658 0
915 0 18840972 0
916 1 386817 2007
917 0 20739801 0
918 1 1092410 4999
919 0 20670000 0
920 1 1505568 6928
921 1 2580989 11909
922 0 21098856 0
923 1 1053618 5478
924 0 20163107 0
925 1 1469169 6720
926 0 20367412 0
927 0 21595825 0
928 0 22209355 0
929 1 883594 4038
930 0 21170751 0
931 0 20010816 0
932 0 22205320 0
933 0 15300912 0
934 0 19436843 0
935 0 19972267 0
936 0 22231473 0
937 0 19747278 0
938 1 2196802 10164
939 0 18068693 0
940 0 19157525 0
941 1 567027 2575
942 1 2005005 9275
943 0 19774931 0
944 1 1814906 8351
945 0 18411028 0
946 0 19915657 0
947 0 21442611 0
948 0 15395126 0
949 0 19902323 0
950 0 19441267 0
951 1 1964790 9089
952 1 1864577 8631
953 1 1385639 6434
954 0 19624226 0
955 0 15365611 0
956 1 1891348 8727
957 1 1215493 5595
958 1 1823052 8397
959 1 491826 2243
960 1 927258 4274
961 0 20835205 0
962 0 15636348 0
963 0 21784295 0
964 0 15687312 0
965 0 19641751 0
966 0 19882895 0
967 0 20117617 0
968 0 15617851 0
969 0 18367951 0
970 1 1538572 7082
971 0 19929769 0
972 0 21280147 0
973 0 21734079 0
974 1 1287170 5915
975 1 1294389 5945
976 0 20053060 0
977 0 19755560 0
978 0 22618087 0
979 0 21741865 0
980 0 22070333 0
981 0 20658294 0
982 1 749964 3417
983 0 20328508 0
984 1 581860 2662
985 1 696423 3193
986 0 19761240 0
987 0 15484155 0
988 0 21506462 0
989 0 20802672 0
990 1 941199 4333
991 1 907706 4179
992 0 19995950 0
993 0 21092226 0
994 1 1568039 7221
995 1 936019 4280
996 0 22046935 0
997 1 347078 1558
998 1 1322067 6098
999 1 1293487 5948
1000 1 1474835 6808
1001 1 2212194 10209
1002 0 20464949 0
1003 0 15347214 0
1004 1 1255843 5779
1005 0 15698842 0
1006 1 1351074 6220
1007 0 15757562 0
1008 0 21021338 0
1009 0 20400806 0
1010 0 21140633 0
1011 0 15466123 0
1012 0 20309839 0
1013 0 15558280 0
1014 0 21587699 0
1015 0 20663727 0
1016 0 22785330 0
1017 0 19493334 0
1018 1 1310497 6026
1019 0 19830708 0
1020 1 1928115 8854
1021 0 19287749 0
1022 1 1196008 5509
1023 1 1072992 4926
1024 1 1090528 4975
1025 1 1062440 4895
1026 1 2025702 9330
1027 1 1278979 5884
1028 0 22294384 0
1029 0 21618692 0
1030 1 1092408 4999
1031 0 19103876 0
1032 0 21627327 0
1033 0 15305254 0
1034 1 527174 2393
1035 1 421422 2194
1036 0 18995558 0
1037 0 19631250 0
1038 0 21969935 0
1039 1 1055782 4854
1040 0 20389421 0
1041 1 1023577 4705
1042 0 21256756 0
1043 0 22221041 0
1044 0 19896810 0
1045 1 2069516 9562
1046 1 1022477 4716
1047 0 20376673 0
1048 0 20343555 0
1049 0 17138074 0
1050 0 21464789 0
1051 0 19346367 0
1052 0 20519299 0
1053 1 1339251 6185
1054 0 18219404 0
1055 1 1390058 6437
1056 0 19384574 0
1057 0 19206650 0
1058 1 394691 1794
1059 1 632787 3318
1060 0 18704051 0
1061 1 1251281 5781
1062 1 569028 2631
1063 0 19252061 0
1064 0 19936204 0
1065 0 18643570 0
1066 0 19557008 0
1067 0 21909652 0
1068 1 1808397 8354
1069 1 1127636 5913
1070 0 21262632 0
1071 1 602854 2764
1072 1 998343 5254
1073 0 18830915 0
1074 0 18417293 0
1075 1 918776 4231
1076 0 19440665 0
1077 1 1522028 7017
1078 1 560525 2591
1079 0 18952032 0
1080 1 1348025 6232
1081 0 19391003 0
1082 0 19351291 0
1083 0 22236522 0
1084 1 819630 3777
1085 0 21118553 0
1086 1 1404971 6494
1087 0 21948904 0
1088 1 773203 3565
1089 1 2021402 9374
1090 1 1040377 4763
1091 0 20175674 0
1092 1 1426195 6601
1093 1 865038 3986
1094 0 18910816 0
1095 0 20943982 0
1096 1 984409 4529
1097 1 1007735 4666
1098 0 20124994 0
1099 0 19598956 0
1100 0 19475144 0
1101 1 655678 3021
1102 0 19823365 0
1103 1 1495198 6907
1104 1 780676 3603
1105 0 18478559 0
1106 1 1238517 5470
1107 1 1598311 8431
1108 1 844813 3895
1109 0 19593265 0
1110 1 1212513 5584
1111 1 580095 3042
1112 0 22603990 0
1113 0 20887689 0
1114 0 21333296 0
1115 1 1266825 5815
1116 1 52729 231
1117 0 19158179 0
1118 0 20771576 0
1119 1 964815 4423
1120 0 22459296 0
1121 0 18526668 0
1122 0 20496681 0
1123 0 19603493 0
1124 1 243574 1100
1125 0 19953080 0
1126 1 251040 1124
1127 0 18890871 0
1128 0 18995695 0
1129 0 19056448 0
1130 0 18393221 0
1131 0 15668023 0
1132 1 19953 65
1133 1 1225412 5681
1134 0 19157870 0
1135 1 1962999 9098
1136 1 78824 329
1137 1 1930540 8937
1138 1 1345593 6245
1139 1 835356 3864
1140 0 19978146 0
1141 0 18558224 0
1142 1 1007351 4655
1143 0 20501783 0
1144 1 1830383 8471
1145 0 19254733 0
1146 1 1425891 6605
1147 0 19037858 0
1148 1 741034 3422
1149 0 21103071 0
1150 0 20496530 0
1151 0 18899513 0
1152 0 20645038 0
1153 1 1254146 5800
1154 1 1403869 6454
1155 1 1437588 6654
1156 0 19582511 0
1157 1 1800756 8316
1158 0 20434207 0
1159 0 15800824 0
1160 1 1157174 5351
1161 0 18721373 0
1162 0 21319291 0
1163 1 490964 2254
1164 1 1056761 4899
1165 1 344592 1777
1166 0 21305817 0
1167 0 19107817 0
1168 0 19715654 0
1169 0 19576553 0
1170 1 920864 4830
1171 0 20599887 0
1172 1 1138436 5270
1173 0 20347078 0
1174 0 19904222 0
1175 1 694144 3153
1176 1 1328511 6150
1177 1 1489768 6877
1178 1 843035 3850
1179 1 530196 2763
1180 1 1075419 4962
1181 0 21169700 0
1182 0 20370859 0
1183 0 20184777 0
1184 1 1110797 5134
1185 0 21085733 0
1186 0 20363873 0
1187 0 19795344 0
1188 0 20438086 0
1189 1 884814 4092
1190 0 18990784 0
1191 0 19993936 0
1192 0 19331066 0
1193 1 1066015 4922
1194 0 18616432 0
1195 1 1359411 6265
1196 1 1203188 5576
1197 0 20458143 0
1198 1 943565 4325
1199 1 1420960 6589
