0 1 394776 1760
1 0 18656468 0
2 1 998460 4613
3 0 19852980 0
4 1 1552364 7158
5 0 18902854 0
6 0 19383839 0
7 1 1027672 4743
8 0 20402894 0
9 1 1015624 4680
10 1 1354865 6274
11 0 19602562 0
12 0 15413052 0
13 1 1665706 7699
14 0 19467621 0
15 0 18504113 0
16 0 19379320 0
17 0 21166562 0
18 1 1429458 6602
19 0 19625222 0
20 1 64254 272
21 0 19139110 0
22 1 1776638 8234
23 0 21666877 0
24 0 15700718 0
25 1 1162152 5353
26 1 1538169 7118
27 0 20544080 0
28 0 21128322 0
29 0 18581810 0
30 0 19331324 0
31 0 18544408 0
32 0 19370704 0
33 1 2531725 11685
34 0 19637559 0
35 0 18886777 0
36 0 18393666 0
37 0 19898884 0
38 1 1420134 6544
39 1 974854 4508
40 1 76417 341
41 0 22369463 0
42 1 1367872 6332
43 1 1040366 4810
44 1 1496597 6932
45 0 19761583 0
46 0 22378060 0
47 1 1478599 6590
48 1 1333039 6171
49 1 1508454 6988
50 1 1531777 7088
51 0 19608306 0
52 0 19833681 0
53 1 404572 1848
54 1 982545 4539
55 1 908520 4204
56 0 21364788 0
57 1 992676 4563
58 1 2254430 10439
59 1 1389969 6438
60 0 20385677 0
61 1 1029769 5386
62 1 1396523 6467
63 0 19786033 0
64 1 427618 1944
65 0 21314864 0
66 0 15782565 0
67 0 20132896 0
68 1 2827320 13020
69 0 21506088 0
70 0 21345064 0
71 1 1648167 7585
72 1 1304203 6031
73 1 1339208 6191
74 0 19991661 0
75 0 19112890 0
76 0 22445546 0
77 0 20621010 0
78 1 1123145 5878
79 1 97667 426
80 1 209268 959
81 0 21137118 0
82 0 20798941 0
83 0 15806835 0
84 1 1464608 6767
85 0 19404412 0
86 0 19898620 0
87 0 19553714 0
88 0 19577360 0
89 0 20690685 0
90 1 1518094 7022
91 1 1849616 8554
92 0 19757720 0
93 0 19539069 0
94 1 1462683 6723
95 0 20398039 0
96 1 1618998 7465
97 1 1089352 5046
98 0 20107243 0
99 0 19587952 0
100 0 22245322 0
101 1 1108110 5077
102 1 1208621 5591
103 0 19712665 0
104 1 2055763 9487
105 1 1229591 5685
106 1 1099567 5082
107 1 1661394 7686
108 0 19559750 0
109 0 22780378 0
110 0 21224351 0
111 0 22623225 0
112 0 18744086 0
113 1 2944278 13536
114 1 1154082 5309
115 0 17507394 0
116 0 19197639 0
117 1 1537184 7079
118 0 21408455 0
119 1 1588001 7194
120 1 984335 4525
121 0 20960974 0
122 1 1752409 8065
123 0 15625430 0
124 0 19806881 0
125 1 1217540 5584
126 1 1436044 6629
127 1 744757 3427
128 0 15348094 0
129 1 818758 3735
130 1 1040818 4776
131 0 19308950 0
132 0 18822715 0
133 1 900409 4135
134 0 19315585 0
135 0 19876535 0
136 0 22668247 0
137 0 19931934 0
138 0 20518463 0
139 0 19359955 0
140 1 2826914 13030
141 1 772906 3559
142 0 21988279 0
143 0 22436781 0
144 1 650236 2986
145 1 1017864 4677
146 1 1677273 7727
147 0 22550431 0
148 0 20399562 0
149 1 952285 4361
150 0 18642064 0
151 0 19844344 0
152 0 20022716 0
153 0 20459194 0
154 1 929238 4260
155 1 1254204 5754
156 0 20124184 0
157 0 19498732 0
158 1 1591477 7316
159 0 23138084 0
160 0 21817614 0
161 0 22337898 0
162 0 22406661 0
163 1 1011665 4634
164 1 1286417 5925
165 0 22613061 0
166 0 19596700 0
167 1 2612907 12006
168 1 1037222 4748
169 1 2043510 9429
170 1 832610 3832
171 1 937047 4307
172 1 989494 4544
173 1 1069542 4927
174 0 20150916 0
175 0 21365171 0
176 1 584314 2672
177 1 1447615 6639
178 0 22649207 0
179 0 22461409 0
180 0 15645690 0
181 0 22944391 0
182 0 22026987 0
183 1 3392937 15728
184 1 2427725 11129
185 0 22340920 0
186 1 1495760 6875
187 1 1605902 7389
188 0 21925762 0
189 0 20634107 0
190 1 1388353 6336
191 1 1760679 8121
192 0 18663381 0
193 0 19691241 0
194 0 18609612 0
195 0 19451731 0
196 0 21889588 0
197 0 22790368 0
198 1 1300552 5961
199 1 1718711 7910
200 0 20040238 0
201 1 1508449 6900
202 1 1425783 6556
203 0 20073428 0
204 1 683362 3093
205 1 1834652 9622
206 0 21630260 0
207 0 22534388 0
208 0 22481442 0
209 0 15663047 0
210 1 1341992 6138
211 0 22626203 0
212 0 22517375 0
213 1 986141 5170
214 0 15546297 0
215 0 22912256 0
216 0 22517779 0
217 0 22838015 0
218 0 22507016 0
219 0 15336024 0
220 0 20541424 0
221 0 21405314 0
222 0 21026494 0
223 1 1474670 7750
224 0 20403134 0
225 0 20337419 0
226 1 1964496 9027
227 1 1240375 5705
228 0 21871107 0
229 1 1420413 6505
230 0 21235941 0
231 0 21973472 0
232 0 22051676 0
233 0 22343418 0
234 0 20259094 0
235 1 1922522 8832
236 1 1671749 8816
237 1 836699 3840
238 1 1259048 5799
239 0 15514118 0
240 1 1596454 7330
241 0 22416917 0
242 0 15298305 0
243 0 20591949 0
244 0 19935622 0
245 1 1068345 5589
246 1 1559723 7193
247 1 2518702 11635
248 0 15585097 0
249 1 1591570 8376
250 1 897741 4136
251 1 1129432 5121
252 1 1560855 7142
253 0 18684361 0
254 0 22582527 0
255 0 20369307 0
256 1 147649 651
257 0 22192903 0
258 0 19718470 0
259 1 1340423 6158
260 1 904148 4164
261 0 21126970 0
262 1 1584369 7273
263 1 3369710 15521
264 0 22476392 0
265 1 397838 1755
266 0 21752045 0
267 0 15735490 0
268 0 22473588 0
269 0 21954308 0
270 1 2095466 9646
271 0 22272677 0
272 0 21967569 0
273 1 2206123 10136
274 1 2168207 9976
275 0 21801280 0
276 1 1482831 7784
277 0 22368127 0
278 0 15321644 0
279 1 1126977 5847
280 0 19512649 0
281 1 947036 4343
282 0 19947035 0
283 0 20024191 0
284 0 15732950 0
285 1 1488264 6867
286 0 15529738 0
287 0 19990009 0
288 1 1277961 5909
289 1 1344392 6200
290 1 1192253 5521
291 1 910622 4213
292 1 94952 419
293 0 19986958 0
294 0 19012828 0
295 0 19001428 0
296 0 19916373 0
297 1 1171239 5415
298 0 19838082 0
299 0 19153005 0
300 1 1694001 7691
301 0 20570801 0
302 0 18836617 0
303 1 1976564 9141
304 1 1419177 6566
305 1 1258866 5834
306 1 952545 4397
307 1 1926300 8904
308 1 1370826 6332
309 0 19437321 0
310 1 1408232 6509
311 1 1021143 4726
312 1 131001 584
313 0 22735622 0
314 0 17519945 0
315 1 1106961 5105
316 1 956950 4429
317 0 20824720 0
318 1 1908641 8820
319 1 654804 3028
320 1 1070402 4950
321 1 902414 4171
322 0 20421660 0
323 1 1152688 6059
324 1 1679889 7780
325 1 1246949 5760
326 0 19612003 0
327 1 2195292 10103
328 0 19479876 0
329 0 21917764 0
330 0 20969578 0
331 1 1052552 4854
332 0 15654724 0
333 1 1296458 5990
334 1 1702081 7873
335 1 1306122 6865
336 0 20163283 0
337 0 19359956 0
338 1 1785982 8247
339 0 19249804 0
340 1 820421 4279
341 0 18579241 0
342 0 18981905 0
343 0 15449063 0
344 1 180232 808
345 0 20632451 0
346 0 20936274 0
347 0 18181996 0
348 0 20655835 0
349 1 829841 3814
350 1 1529712 8057
351 0 15452159 0
352 0 20253110 0
353 0 18888363 0
354 0 19098369 0
355 0 15639046 0
356 0 18678147 0
357 1 1290395 5964
358 0 18716645 0
359 1 1619175 7461
360 1 3208007 14795
361 1 1846985 8550
362 1 1953286 9041
363 0 21256634 0
364 1 1006094 4656
365 0 18780619 0
366 0 19253339 0
367 0 22220120 0
368 1 1020785 5369
369 0 18976651 0
370 0 18926142 0
371 0 19612088 0
372 0 22893666 0
373 0 19478265 0
374 0 19744510 0
375 0 19340146 0
376 0 18426301 0
377 1 2478839 11475
378 0 15629145 0
379 0 18639459 0
380 0 19288226 0
381 1 1540245 7111
382 0 19925606 0
383 0 18737184 0
384 0 18727634 0
385 0 20597224 0
386 0 15481304 0
387 1 1312726 6064
388 0 18406212 0
389 1 2339644 10804
390 0 20192069 0
391 0 18417372 0
392 1 1301358 5987
393 1 7906 22
394 0 19076356 0
395 0 20129229 0
396 0 19340505 0
397 0 15849808 0
398 0 18861887 0
399 0 19145460 0
400 0 18936762 0
401 0 19532554 0
402 0 20088405 0
403 1 1238661 5720
404 0 20029188 0
405 0 19705238 0
406 0 20870029 0
407 1 1519501 7042
408 1 813303 3760
409 0 20093499 0
410 1 1850801 8546
411 1 581008 2681
412 0 20313041 0
413 0 15662315 0
414 1 84942 356
415 0 19742425 0
416 1 1410978 6527
417 1 946448 4383
418 1 1154795 6062
419 0 15689030 0
420 1 1329295 6989
421 0 19593977 0
422 0 18640040 0
423 0 19928864 0
424 1 1796224 8302
425 0 19360335 0
426 1 1282802 5925
427 1 1324247 6101
428 0 18983367 0
429 1 1278255 5897
430 0 19466042 0
431 0 19006001 0
432 1 1223563 5640
433 1 1050440 4860
434 0 18710656 0
435 0 19834693 0
436 1 945409 4354
437 1 1444188 6676
438 0 18812607 0
439 0 15641231 0
440 0 22307186 0
441 0 15446603 0
442 0 21668018 0
443 0 20077763 0
444 0 21604956 0
445 0 21416866 0
446 0 22188448 0
447 1 1273893 5866
448 1 1613526 7403
449 0 18558690 0
450 0 21407699 0
451 0 15625965 0
452 1 1427143 6582
453 1 2426111 11190
454 0 19052609 0
455 1 1530905 7069
456 1 1935334 8962
457 1 1316947 6011
458 0 18748500 0
459 0 20849252 0
460 1 1108284 5058
461 1 2190810 10049
462 0 18809390 0
463 0 22136619 0
464 1 1318690 6803
465 1 2400944 11052
466 1 1561874 6639
467 0 18893953 0
468 0 22377636 0
469 1 1570301 7222
470 0 20547205 0
471 0 15536085 0
472 1 1045806 4805
473 0 21052851 0
474 0 21216598 0
475 0 19789826 0
476 0 15273122 0
477 0 18409463 0
478 1 1670757 7681
479 1 1591884 7331
480 0 22649575 0
481 0 22258748 0
482 0 22602191 0
483 0 20141411 0
484 1 1331510 6118
485 1 2347667 10825
486 0 21176183 0
487 1 2186307 10053
488 1 1445964 7106
489 1 755322 3478
490 0 19691744 0
491 0 18900165 0
492 0 22596006 0
493 0 15295133 0
494 1 1886814 8728
495 1 2724617 12700
496 1 1378265 6352
497 1 1345151 6214
498 1 1708490 7902
499 0 22464117 0
500 0 21205183 0
501 1 1223026 5639
502 0 21589652 0
503 0 22945020 0
504 0 20990561 0
505 0 19781671 0
506 1 1705528 7887
507 0 20946980 0
508 0 20996518 0
509 1 1296421 5975
510 1 1218118 5633
511 0 20436631 0
512 1 1222868 5636
513 0 20261457 0
514 1 1269301 5879
515 1 1489430 6893
516 1 1117132 5169
517 1 647616 2981
518 0 20103655 0
519 0 18832394 0
520 0 19488600 0
521 0 21733843 0
522 0 15656316 0
523 0 21457309 0
524 1 1494087 6861
525 0 20131122 0
526 0 19854604 0
527 1 1146080 5284
528 0 20325103 0
529 0 19550072 0
530 0 18741773 0
531 1 1042271 4819
532 0 21022597 0
533 1 1310312 6047
534 0 15605701 0
535 1 1417389 6543
536 0 18811503 0
537 1 1217349 5640
538 0 21838411 0
539 0 19102951 0
540 0 19694371 0
541 1 871425 3967
542 0 17754199 0
543 1 824606 3785
544 1 2046856 9409
545 0 19296082 0
546 1 1228485 6444
547 0 21058903 0
548 1 1048582 4787
549 0 22782323 0
550 1 617410 2824
551 1 1422669 6541
552 0 15291548 0
553 1 1634739 8584
554 0 22837593 0
555 0 22870210 0
556 0 22458958 0
557 1 1003264 4604
558 0 20860370 0
559 1 1817592 8345
560 0 22087556 0
561 0 20173687 0
562 0 22413598 0
563 0 21664216 0
564 0 19563333 0
565 0 22734996 0
566 1 2362154 10851
567 1 1601057 7374
568 1 1562776 8226
569 1 737366 3378
570 0 19121809 0
571 0 22351225 0
572 0 19353470 0
573 0 20076944 0
574 1 984887 5177
575 0 19509622 0
576 1 1703703 8938
577 1 1204023 5584
578 0 18073183 0
579 0 20603752 0
580 1 1738725 8047
581 0 19241244 0
582 0 18931935 0
583 1 1316494 6093
584 1 1971174 9098
585 1 1531366 7093
586 0 21367463 0
587 1 1379715 6345
588 0 20838775 0
589 1 1639204 7565
590 1 539260 2474
591 0 18919061 0
592 1 1094822 5046
593 1 1289491 6786
594 0 19212999 0
595 0 20008731 0
596 0 19992435 0
597 0 18457766 0
598 1 2181491 10037
599 0 20074294 0
600 1 1837354 8496
601 0 19506228 0
602 0 19271775 0
603 1 1782714 8235
604 0 20007699 0
605 0 19609010 0
606 1 1526781 7040
607 0 21840435 0
608 0 19800015 0
609 1 1550549 7161
610 0 19450898 0
611 0 21630190 0
612 1 753471 3435
613 1 1366380 6328
614 1 882378 4081
615 0 18454553 0
616 1 1304720 6008
617 1 1301494 6024
618 0 21053518 0
619 1 1434668 6624
620 0 15634238 0
621 0 19797892 0
622 0 15659329 0
623 1 1052922 4853
624 1 1532373 7095
625 1 1364025 6316
626 1 1545115 7160
627 0 18747086 0
628 0 19198200 0
629 1 780050 3588
630 0 20283797 0
631 0 19746297 0
632 0 19765688 0
633 1 1174106 5406
634 0 18774917 0
635 0 18784173 0
636 0 15768932 0
637 1 1468482 6787
638 0 18727771 0
639 0 19194267 0
640 0 20700361 0
641 1 1297701 5990
642 0 20330181 0
643 1 878773 4035
644 0 19607722 0
645 0 19391943 0
646 0 18366719 0
647 0 20699640 0
648 1 1931295 8935
649 1 1213399 5602
650 0 15648070 0
651 0 18985205 0
652 1 1470114 6800
653 0 19764590 0
654 0 20292084 0
655 0 15759383 0
656 0 20076799 0
657 1 2096693 9692
658 1 1325588 6098
659 1 720969 3279
660 0 20469936 0
661 0 19673982 0
662 0 20791253 0
663 1 1409051 6494
664 1 1570505 7257
665 1 1872289 8670
666 0 19506304 0
667 0 19561390 0
668 0 18390100 0
669 0 20323415 0
670 1 1443972 6641
671 1 516678 2372
672 1 1291466 5975
673 1 1108720 5125
674 0 19711874 0
675 1 1290790 5966
676 1 347554 1596
677 1 789657 3645
678 0 21004928 0
679 0 19807472 0
680 0 20031907 0
681 0 19258058 0
682 0 15484729 0
683 0 19226257 0
684 0 16047806 0
685 0 19672144 0
686 1 1649829 8647
687 0 18741972 0
688 0 18483915 0
689 0 20872245 0
690 1 1797452 8317
691 1 1164604 5391
692 1 2363962 10954
693 1 1467739 6792
694 0 19048430 0
695 0 20522363 0
696 0 19049617 0
697 1 277935 1431
698 1 1225994 5683
699 1 1653575 7652
700 1 2029146 9403
701 1 1104144 5081
702 1 1790771 8275
703 0 19107860 0
704 1 1625449 7514
705 0 20660121 0
706 0 15517751 0
707 1 1727850 7997
708 0 18880201 0
709 0 19607450 0
710 1 1508816 6942
711 0 22166338 0
712 1 1443692 7593
713 1 674625 3120
714 0 20503506 0
715 0 15902074 0
716 0 15641332 0
717 1 1073522 4954
718 1 343375 1552
719 1 1863722 8616
720 0 15341065 0
721 0 18337123 0
722 1 764619 3519
723 1 1422303 6576
724 1 985452 4499
725 1 1851701 8575
726 0 18953434 0
727 0 18562815 0
728 0 19800521 0
729 0 21527799 0
730 0 19278662 0
731 1 3093544 14257
732 0 22552198 0
733 1 1405379 6510
734 1 1584730 7329
735 0 19740516 0
736 1 1232678 6446
737 1 1927983 8898
738 0 22114968 0
739 0 22133455 0
740 1 1036393 5428
741 0 19097313 0
742 1 1584271 8291
743 1 1992737 9246
744 1 1070885 4962
745 0 18523819 0
746 1 1165933 5387
747 0 19677156 0
748 1 1349560 6244
749 0 22498285 0
750 1 834657 3826
751 1 936265 4311
752 1 1204049 5578
753 1 2027638 9395
754 1 1415000 6524
755 1 892651 4100
756 1 1504061 6922
757 1 1171423 5413
758 0 19564501 0
759 0 19630293 0
760 1 1408542 6511
761 1 1628986 7540
762 0 21300892 0
763 0 21348668 0
764 1 1391372 6429
765 0 19158642 0
766 0 20313438 0
767 0 21238331 0
768 0 20500412 0
769 1 1181803 5457
770 0 19677105 0
771 0 18941745 0
772 0 20042789 0
773 1 1653592 7636
774 1 991736 4577
775 0 21434060 0
776 0 18619539 0
777 0 18564946 0
778 1 1477399 6798
779 0 20855245 0
780 0 18965152 0
781 0 19378821 0
782 0 20901491 0
783 0 19669707 0
784 1 1591033 7344
785 0 20003571 0
786 1 384843 1726
787 1 1190533 6267
788 1 1337508 6165
789 0 20718306 0
790 1 1069277 4930
791 0 19409911 0
792 0 15656272 0
793 0 21165103 0
794 0 20147738 0
795 0 20060128 0
796 0 19985223 0
797 1 1370631 7209
798 1 498702 2300
799 0 18796292 0
800 1 2312016 10680
801 1 1464085 6748
802 0 19628474 0
803 0 19499631 0
804 0 19866270 0
805 1 1275279 6693
806 1 1477774 6836
807 0 15699203 0
808 1 1739396 8029
809 0 19550486 0
810 0 18327923 0
811 0 18974849 0
812 1 1798948 8334
813 1 1168011 5374
814 0 19944583 0
815 1 1157764 5338
816 0 19093133 0
817 0 15676564 0
818 0 20917196 0
819 0 19125455 0
820 1 1487355 6870
821 1 1822286 8438
822 0 18875855 0
823 1 1344694 6195
824 1 1165073 5344
825 0 19968158 0
826 0 20255877 0
827 0 18656431 0
828 0 19792155 0
829 1 1775886 9299
830 0 19239755 0
831 1 1419320 6527
832 0 19515350 0
833 1 833605 3834
834 1 3288782 15153
835 0 18992459 0
836 0 19262753 0
837 1 1093827 5030
838 0 20176498 0
839 1 1351102 6243
840 1 796820 3690
841 0 19188256 0
842 0 18637646 0
843 1 611541 2820
844 0 15774445 0
845 1 3022420 13974
846 1 1524333 7053
847 1 1925146 8922
848 1 1646406 7599
849 1 1219616 5647
850 0 19416891 0
851 1 1863933 8609
852 1 1522470 7052
853 1 1500986 6852
854 0 18366300 0
855 0 20996047 0
856 0 21801967 0
857 1 909837 4184
858 1 2227929 10316
859 1 1253811 5809
860 0 15337476 0
861 0 19665374 0
862 1 1840745 8512
863 0 18637214 0
864 0 18789467 0
865 1 1688074 7787
866 0 15840713 0
867 0 19610362 0
868 1 1386353 6361
869 1 401135 1843
870 0 19451081 0
871 0 20468540 0
872 0 15729812 0
873 0 19699413 0
874 0 19924005 0
875 1 1615108 7453
876 0 20994249 0
877 0 19391204 0
878 0 19620367 0
879 0 21444326 0
880 0 19691706 0
881 1 691716 3172
882 1 714239 3296
883 0 20123391 0
884 1 1132573 5214
885 0 19598721 0
886 1 1613462 7449
887 1 918798 4241
888 1 1374201 6355
889 0 18577367 0
890 0 18899672 0
891 1 933126 4310
892 1 1850198 8569
893 0 18538631 0
894 0 19570828 0
895 0 21172393 0
896 0 15559467 0
897 0 19073503 0
898 1 876451 4583
899 0 19966985 0
900 1 881707 4625
901 0 18554984 0
902 1 1821644 8374
903 1 828057 3820
904 1 1579188 7296
905 0 19251712 0
906 1 1955455 9062
907 1 1342692 6197
908 0 19943591 0
909 0 18728706 0
910 0 21507104 0
911 0 20480399 0
912 0 19154327 0
913 0 21366405 0
914 1 2230732 10212
915 1 1283772 5944
916 0 19643062 0
917 0 18725899 0
918 1 631150 2894
919 0 18998436 0
920 0 19156727 0
921 0 20423577 0
922 1 1221025 5597
923 1 2099290 9718
924 1 894101 4130
925 1 1384814 6394
926 1 1642893 7599
927 1 1905421 8833
928 0 20227934 0
929 0 20242250 0
930 0 18784999 0
931 1 1787415 8267
932 0 19398579 0
933 1 2138432 9886
934 1 2577755 11964
935 0 22301524 0
936 0 21204166 0
937 1 1559799 7188
938 1 1566772 7217
939 1 1085987 4981
940 1 962897 4446
941 1 2994348 13853
942 0 21521724 0
943 0 19235718 0
944 1 1285500 5928
945 0 18748221 0
946 0 19537273 0
947 1 1331229 6080
948 0 20605208 0
949 0 21902210 0
950 0 19813173 0
951 1 1175047 5433
952 0 22333445 0
953 0 21456826 0
954 0 19707513 0
955 0 15310039 0
956 0 20359814 0
957 1 2053217 9506
958 1 1819654 9566
959 0 18783066 0
960 1 1802870 8331
961 0 19018100 0
962 0 18981991 0
963 0 20469322 0
964 0 19554596 0
965 0 19320218 0
966 0 21594015 0
967 0 22186596 0
968 1 1682352 7786
969 0 20574638 0
970 1 1185652 5475
971 0 19004513 0
972 1 2078908 9607
973 0 19576425 0
974 1 1483047 6864
975 0 21935513 0
976 1 2785886 12916
977 1 735270 3384
978 1 1384131 6413
979 0 21922235 0
980 0 20947771 0
981 0 21226902 0
982 1 1330652 6149
983 0 19308160 0
984 0 20133051 0
985 0 22100452 0
986 1 1046667 4827
987 1 1497876 6916
988 1 1219163 5651
989 0 20420377 0
990 1 2523502 11668
991 0 21756626 0
992 0 22335476 0
993 1 1270806 5860
994 0 20098987 0
995 0 20448099 0
996 0 18667321 0
997 0 20445044 0
998 0 22169971 0
999 0 18988161 0
1000 0 15484042 0
1001 0 19588913 0
1002 0 15755271 0
1003 1 479484 2190
1004 0 18853034 0
1005 1 2059141 9446
1006 1 2008517 9271
1007 0 21232642 0
1008 1 376725 1718
1009 1 1762604 8158
1010 0 19820179 0
1011 1 1093804 5724
1012 1 1571560 7280
1013 0 18434748 0
1014 1 906660 4172
1015 0 18460007 0
1016 1 1759919 9218
1017 0 19094881 0
1018 1 1309729 6039
1019 0 21256904 0
1020 0 19821089 0
1021 0 21426706 0
1022 0 21197651 0
1023 0 15524640 0
1024 1 1672989 7706
1025 1 1209581 5598
1026 0 20683346 0
1027 0 20865594 0
1028 1 1845219 8515
1029 0 20669978 0
1030 1 1059902 4885
1031 1 631856 2918
1032 1 1116069 5164
1033 0 21749501 0
1034 1 1326593 6499
1035 0 21881298 0
1036 0 20523148 0
1037 1 1378513 6345
1038 1 2085234 9660
1039 1 1732295 8012
1040 1 1383771 6398
1041 0 19390821 0
1042 0 21833202 0
1043 0 20075899 0
1044 1 1474054 6806
1045 1 1407479 6517
1046 1 1724471 7976
1047 1 1179516 5459
1048 0 19964660 0
1049 1 1822423 8410
1050 0 19392234 0
1051 1 1037196 4783
1052 1 1108651 5832
1053 0 19710206 0
1054 1 1330439 6147
1055 0 19665685 0
1056 1 1106451 5076
1057 1 743061 3439
1058 0 19569354 0
1059 1 541061 2477
1060 0 19983677 0
1061 1 1016622 4681
1062 0 19164868 0
1063 0 19721727 0
1064 1 1802717 8340
1065 1 1724803 7954
1066 1 1081612 5680
1067 1 1462668 6743
1068 1 1041457 4806
1069 1 606191 2788
1070 0 21999131 0
1071 1 1049279 5496
1072 1 1151696 5326
1073 0 19070207 0
1074 0 18676357 0
1075 0 18613871 0
1076 0 18692712 0
1077 0 20748140 0
1078 1 1335927 6132
1079 1 921262 4228
1080 0 20917367 0
1081 1 1642591 7532
1082 0 20641466 0
1083 0 20206883 0
1084 0 22842759 0
1085 0 20414312 0
1086 1 2240137 10272
1087 1 2582151 11866
1088 0 21899098 0
1089 0 20551560 0
1090 1 819494 3725
1091 0 19421899 0
1092 0 19867729 0
1093 0 19510984 0
1094 0 19739849 0
1095 0 22380475 0
1096 0 19366194 0
1097 0 21147333 0
1098 1 443153 2013
1099 1 2556070 11790
1100 1 1528888 7055
1101 1 767555 3494
1102 1 555338 2556
1103 1 1547330 7142
1104 1 1572011 8232
1105 0 20442865 0
1106 1 1588812 7308
1107 0 21438108 0
1108 1 1055595 4850
1109 1 1722505 7943
1110 0 20153201 0
1111 1 1186615 5474
1112 0 18777216 0
1113 0 18219795 0
1114 1 715470 3285
1115 0 20725435 0
1116 1 1485760 6847
1117 0 19896909 0
1118 1 1612024 7441
1119 0 19250767 0
1120 0 21351379 0
1121 0 21269058 0
1122 0 21130662 0
1123 0 20443014 0
1124 0 18678988 0
1125 1 1501491 6931
1126 0 19561062 0
1127 1 1676388 7753
1128 0 15621158 0
1129 0 15419062 0
1130 1 1263122 5820
1131 1 1257887 5822
1132 1 1178191 5415
1133 1 180924 765
1134 1 1406247 6514
1135 0 18550339 0
1136 1 1733553 7998
1137 0 21629298 0
1138 1 1216762 5557
1139 1 2084580 9651
1140 0 19823244 0
1141 1 1054973 4867
1142 0 19054516 0
1143 1 882636 4081
1144 1 1783393 8267
1145 0 21437414 0
1146 0 19655069 0
1147 0 20072137 0
1148 0 19623493 0
1149 0 20715524 0
1150 0 20439577 0
1151 1 1402959 6448
1152 1 1256267 5775
1153 1 1144903 5299
1154 1 1341178 6194
1155 1 1390095 6427
1156 1 1560285 7224
1157 1 1848117 8538
1158 1 1846492 8557
1159 1 1310488 6892
1160 1 1734046 8037
1161 0 18535595 0
1162 0 19374639 0
1163 1 260745 1171
1164 0 19640871 0
1165 0 19813405 0
1166 0 21138605 0
1167 1 1580660 7296
1168 0 21691510 0
1169 1 1867966 8578
1170 0 19908047 0
1171 0 21135419 0
1172 1 1036463 4761
1173 0 19669633 0
1174 0 19336269 0
1175 1 2327803 10756
1176 1 1768988 8195
1177 1 935340 4330
1178 0 19430547 0
1179 0 19107760 0
1180 1 1524214 7996
1181 1 1588449 7354
1182 0 18460950 0
1183 0 20024378 0
1184 1 1503955 6922
1185 1 1119761 5176
1186 1 1499975 6936
1187 1 1932220 8945
1188 0 21179899 0
1189 0 19260517 0
1190 1 1564440 7227
1191 0 20970337 0
1192 1 2796262 12947
1193 0 20965430 0
1194 0 20239537 0
1195 0 21159289 0
1196 0 19716507 0
1197 0 21823802 0
1198 1 350233 1580
1199 0 15265236 0
0 0 19386298 0
1 1 1375538 6360
2 1 1598047 7410
3 0 22108007 0
4 1 1119888 5860
5 0 20902986 0
6 1 784733 3606
7 0 18852635 0
8 0 19238361 0
9 1 1842427 8529
10 0 19458082 0
11 1 605788 2749
12 0 22247634 0
13 1 2718979 12605
14 0 20282581 0
15 1 666670 3063
16 0 19165816 0
17 1 1291186 5927
18 1 1294522 5979
19 1 2350306 10925
20 1 1466552 6789
21 0 20563046 0
22 0 19377384 0
23 0 19828660 0
24 1 573983 2629
25 1 1149965 5325
26 1 768252 3545
27 0 18921041 0
28 0 15720932 0
29 1 1745083 8010
30 0 18176084 0
31 1 1220600 5636
32 0 20189729 0
33 1 1274132 5892
34 0 19022717 0
35 0 20692220 0
36 0 20578509 0
37 0 15687838 0
38 1 1393171 6430
39 0 20038182 0
40 1 973119 4493
41 0 19169494 0
42 0 19075974 0
43 0 19800132 0
44 1 1131685 5223
45 1 175499 792
46 0 19017063 0
47 0 20483293 0
48 1 836584 4338
49 1 1511401 6948
50 1 1125439 5200
51 0 19934179 0
52 1 1495151 6900
53 1 1524928 7040
54 1 703220 3253
55 1 1535799 7103
56 1 836484 3862
57 0 19198711 0
58 0 15695840 0
59 0 18661106 0
60 1 1621864 7494
61 0 18883972 0
62 1 1974855 9134
63 1 921613 4267
64 0 21376682 0
65 1 1485129 6806
66 0 15330825 0
67 0 18955271 0
68 1 691155 3167
69 0 19723507 0
70 0 20211014 0
71 1 1978025 9138
72 0 19505145 0
73 0 19924045 0
74 0 20116742 0
75 1 1573175 8260
76 1 1361149 6295
77 0 22615399 0
78 0 21313233 0
79 0 22852843 0
80 0 15534194 0
81 0 22945050 0
82 0 20244004 0
83 1 621347 2846
84 1 1369662 6316
85 1 2162207 9984
86 0 22544200 0
87 0 20267411 0
88 0 19070465 0
89 0 22351909 0
90 0 21999159 0
91 1 1798871 8280
92 0 19315442 0
93 1 1387351 6392
94 1 957953 4435
95 0 20943779 0
96 1 2125998 9803
97 0 19668298 0
98 0 19383093 0
99 0 15449987 0
100 1 1252566 5786
101 1 1228875 5692
102 0 19311053 0
103 1 656787 2951
104 0 19477525 0
105 1 1470180 7698
106 0 21900219 0
107 0 19958798 0
108 0 19431272 0
109 1 1800588 8327
110 0 19295715 0
111 1 1696129 7845
112 1 1190573 5486
113 0 19083297 0
114 0 19063754 0
115 1 1978856 9148
116 0 20044805 0
117 1 2320022 10752
118 1 1414641 7438
119 0 19478443 0
120 1 1148789 5283
121 1 1864374 8609
122 0 19060131 0
123 1 940778 4918
124 0 15629524 0
125 0 19197117 0
126 0 18661079 0
127 1 1212697 6363
128 0 19960553 0
129 1 2376199 10858
130 0 19139208 0
131 1 2225623 10230
132 0 19849209 0
133 0 18491430 0
134 1 702363 3237
135 1 53514 233
136 0 18929729 0
137 0 18920812 0
138 0 19013047 0
139 0 20991468 0
140 1 2127209 9819
141 0 20397135 0
142 0 20127438 0
143 0 21713163 0
144 0 20768499 0
145 0 21360117 0
146 1 1434757 6634
147 1 1076845 4963
148 1 1199914 5539
149 0 19201599 0
150 0 15496625 0
151 0 20579510 0
152 0 20073986 0
153 1 1246505 5770
154 0 19064089 0
155 1 1412271 6528
156 0 19523081 0
157 1 815042 4261
158 0 22369802 0
159 0 19949548 0
160 0 18878178 0
161 0 22117846 0
162 0 21786406 0
163 0 15709952 0
164 1 150052 715
165 0 20694485 0
166 0 20958746 0
167 1 1550265 8131
168 1 848563 3913
169 1 107366 477
170 0 20701924 0
171 0 19756991 0
172 0 20812144 0
173 1 1384670 7253
174 0 18458149 0
175 1 704890 3261
176 0 15696355 0
177 0 19232618 0
178 0 19216297 0
179 1 1983518 9185
180 0 21105405 0
181 1 1478276 6845
182 1 1558268 7213
183 1 1574556 7295
184 1 935296 4333
185 0 21021475 0
186 1 1438625 6658
187 0 18848415 0
188 1 1315552 6083
189 0 19416905 0
190 0 15793522 0
191 1 1555182 7061
192 1 1121897 5191
193 1 1575783 7282
194 0 19036920 0
195 0 18812124 0
196 0 19005166 0
197 1 1015936 4703
198 1 1385797 7297
199 1 948998 4355
200 0 22966688 0
201 0 21632762 0
202 0 15944960 0
203 0 19712286 0
204 1 1209328 5585
205 1 1680477 7785
206 0 19562398 0
207 1 1807679 8368
208 1 1307884 6010
209 1 1704321 7856
210 1 1368080 6341
211 0 18997096 0
212 0 19687982 0
213 1 1056740 5501
214 0 19432088 0
215 0 19206546 0
216 0 18867857 0
217 1 1303103 5996
218 0 18890105 0
219 0 15492400 0
220 0 19341196 0
221 0 19270900 0
222 0 22311719 0
223 0 15799012 0
224 1 774934 4027
225 0 22608540 0
226 1 1744724 8092
227 1 1256053 5783
228 0 20393006 0
229 1 725805 3339
230 0 18577799 0
231 0 20715057 0
232 1 1846354 8472
233 1 1105367 5119
234 1 1902634 8816
235 1 2389094 11096
236 1 667814 3095
237 0 19951467 0
238 0 18637856 0
239 0 19572115 0
240 0 19322341 0
241 1 1251291 5787
242 1 1620816 7503
243 0 18814898 0
244 1 1276093 6701
245 0 21203846 0
246 0 20912732 0
247 0 21285025 0
248 1 1521642 7032
249 0 22408099 0
250 1 1306239 6035
251 0 20761998 0
252 1 1532736 7092
253 0 20351020 0
254 1 2492467 11473
255 0 20360808 0
256 0 19184487 0
257 1 904350 4722
258 1 2113916 9772
259 0 18700023 0
260 0 20914626 0
261 0 15884288 0
262 1 1414201 7393
263 0 19233073 0
264 1 1546427 7154
265 1 1198263 5539
266 0 17984557 0
267 0 15656085 0
268 0 18607254 0
269 1 1063694 5568
270 1 1068203 4944
271 1 664110 3071
272 0 19593933 0
273 0 15486670 0
274 1 1434576 7523
275 0 15620067 0
276 1 1242381 5741
277 1 1018225 4708
278 1 2255818 10454
279 0 19015465 0
280 0 18886671 0
281 0 20665469 0
282 1 2404991 11127
283 1 2140214 9926
284 0 20868013 0
285 0 15321226 0
286 0 15348045 0
287 1 1231396 5676
288 0 19629191 0
289 1 1046986 4831
290 0 22396092 0
291 0 20390992 0
292 0 19659232 0
293 0 19539233 0
294 1 2790357 12926
295 0 22366467 0
296 1 1377139 6295
297 1 780103 4088
298 1 1491559 6869
299 0 19174344 0
300 0 19600837 0
301 0 19463795 0
302 0 19763846 0
303 0 20323117 0
304 1 521521 2395
305 0 18789669 0
306 1 1382566 6364
307 0 19538626 0
308 1 1199559 5535
309 1 1341912 6206
310 0 19444907 0
311 0 19386742 0
312 1 445491 2037
313 1 2172445 10047
314 1 1165036 5384
315 0 18741245 0
316 0 19084922 0
317 1 1214555 5615
318 1 1814714 8404
319 1 1042077 4794
320 1 1651586 7651
321 0 20602285 0
322 0 19442686 0
323 1 464357 2123
324 1 814553 3766
325 1 1616936 7491
326 0 19135940 0
327 0 18466097 0
328 1 1520820 6999
329 1 978469 4521
330 0 20166007 0
331 0 21525811 0
332 1 2005784 9280
333 0 20682266 0
334 1 980093 4504
335 1 1940162 8978
336 1 1436730 6648
337 0 18829277 0
338 0 18492655 0
339 0 19896966 0
340 0 18335148 0
341 0 20070115 0
342 0 20650166 0
343 0 15551796 0
344 0 19355071 0
345 1 1742226 8015
346 1 1380678 7254
347 1 1444289 6662
348 1 1181938 6212
349 1 1166026 5333
350 1 1511475 6904
351 1 3219235 14809
352 0 22190227 0
353 1 2754225 12713
354 0 21177365 0
355 0 22069495 0
356 0 22460226 0
357 0 22644326 0
358 1 661916 3034
359 1 519917 2372
360 0 19671005 0
361 0 20210410 0
362 1 1681292 7720
363 1 943907 4346
364 1 1326080 6959
365 0 22634009 0
366 0 19709357 0
367 0 20310387 0
368 0 19461384 0
369 0 19318759 0
370 1 3274565 15020
371 0 22690070 0
372 0 19639075 0
373 0 15577028 0
374 0 20879965 0
375 1 836524 3825
376 1 965267 4439
377 0 19657162 0
378 0 21992676 0
379 0 21326448 0
380 0 18993114 0
381 1 1037221 4771
382 1 1340110 6194
383 0 19049969 0
384 0 21388090 0
385 0 20767222 0
386 1 1592168 8352
387 1 969866 4488
388 1 1096639 5060
389 0 20600569 0
390 0 19539711 0
391 1 1456566 6711
392 0 19034409 0
393 0 20319889 0
394 0 22442432 0
395 1 1971322 9111
396 0 21210932 0
397 0 20056645 0
398 1 1763299 8158
399 1 2365963 10903
400 1 1679784 8844
401 0 15517836 0
402 1 1428998 6607
403 0 18986797 0
404 1 342589 1568
405 0 19050974 0
406 0 19259355 0
407 0 20387917 0
408 1 2111153 9771
409 0 18702697 0
410 0 15553893 0
411 0 19361912 0
412 0 20988621 0
413 0 19116880 0
414 1 1481867 7782
415 1 1531403 7089
416 1 1093992 5052
417 1 1121515 5167
418 0 21911252 0
419 1 1337172 6184
420 0 19239317 0
421 0 20956866 0
422 1 1252201 5772
423 1 652029 3014
424 1 923566 4277
425 0 18974329 0
426 1 1406478 6506
427 0 20593741 0
428 1 1939534 8989
429 0 19420703 0
430 0 21350802 0
431 1 679463 3124
432 0 20948462 0
433 1 1377927 6323
434 1 1415963 6530
435 0 15436632 0
436 0 19202925 0
437 0 21655567 0
438 1 1457872 7641
439 1 1405811 6496
440 0 21283221 0
441 1 491722 2230
442 0 20879279 0
443 1 1277481 5895
444 0 20621590 0
445 1 2446791 11338
446 1 986304 4560
447 0 19363455 0
448 1 2447700 11330
449 1 1041314 4815
450 1 1712095 7928
451 1 1174593 5425
452 1 1797971 8308
453 1 1884401 8724
454 0 19739697 0
455 0 19035912 0
456 0 17872260 0
457 1 501731 2610
458 0 19148211 0
459 0 15657772 0
460 1 2470350 11400
461 0 22932675 0
462 0 21014112 0
463 0 22950459 0
464 1 1462166 6713
465 1 749729 3448
466 0 15366418 0
467 0 20174105 0
468 1 472955 2158
469 1 1321498 6085
470 1 1807477 8302
471 1 1566148 8178
472 1 1051568 5431
473 0 19618087 0
474 1 1001467 4594
475 1 764775 3501
476 0 19432091 0
477 1 1700085 7838
478 1 1895273 8760
479 0 19794313 0
480 0 20248939 0
481 0 22598562 0
482 1 1408305 6524
483 0 21197757 0
484 0 15560783 0
485 0 20347183 0
486 1 1192432 5505
487 1 1234375 5721
488 1 531277 2444
489 1 2027946 9371
490 0 15502187 0
491 0 21756115 0
492 0 21664153 0
493 1 1127069 5188
494 0 21359401 0
495 1 1226533 6435
496 0 22954249 0
497 1 1567232 7218
498 1 1085726 5020
499 0 19438496 0
500 0 17806464 0
501 1 1521581 7036
502 1 1578598 8322
503 1 1095106 5058
504 1 1310636 6876
505 1 889284 4109
506 0 19001034 0
507 0 19882623 0
508 0 19930277 0
509 0 19856563 0
510 0 15410906 0
511 0 20160680 0
512 0 15583792 0
513 0 19988790 0
514 0 19135911 0
515 1 1407249 6475
516 0 19276733 0
517 1 1389210 7286
518 1 774058 3576
519 1 95000 465
520 1 1704327 7898
521 1 1611133 7472
522 0 19700070 0
523 0 18762473 0
524 0 15652390 0
525 0 18394069 0
526 0 19443211 0
527 1 1115540 5168
528 0 19691707 0
529 1 1275542 5894
530 1 1634434 7581
531 0 20710712 0
532 1 2274495 10525
533 1 1492778 7830
534 1 1885471 8687
535 0 18775498 0
536 0 19807690 0
537 0 19731795 0
538 0 21116764 0
539 0 18749827 0
540 0 19087484 0
541 0 20289729 0
542 0 19036584 0
543 0 19549799 0
544 0 19476583 0
545 0 19576438 0
546 1 1664243 7697
547 1 1238613 5732
548 0 21942752 0
549 0 19381427 0
550 1 2346734 10873
551 1 1406835 6516
552 0 19685001 0
553 0 21771269 0
554 0 18728754 0
555 0 19241711 0
556 0 18691937 0
557 0 22459381 0
558 0 18967151 0
559 1 1589772 7357
560 0 18781463 0
561 1 1103410 5097
562 0 18571027 0
563 1 2144541 9886
564 1 1316614 6097
565 1 900911 4711
566 1 1572298 7284
567 0 19952380 0
568 0 21372832 0
569 1 1503476 7887
570 0 20229771 0
571 1 1453027 6715
572 0 19581032 0
573 1 1728544 7991
574 0 19107078 0
575 0 15330169 0
576 0 21442695 0
577 1 1798616 8318
578 1 1496084 6938
579 1 1529211 8036
580 1 1239827 5731
581 1 2491617 11463
582 1 1351593 7089
583 1 1061945 4905
584 1 319290 1446
585 1 1682640 7796
586 0 18809131 0
587 0 20448745 0
588 1 1624215 7532
589 0 20999337 0
590 0 19222375 0
591 1 1587698 7355
592 1 940672 4354
593 1 1158448 5338
594 1 1827423 8473
595 1 1287682 5946
596 1 1169224 5418
597 0 18938327 0
598 1 1251915 5788
599 1 2035703 9452
600 0 15906636 0
601 0 19982165 0
602 0 18491411 0
603 1 1245560 5754
604 0 19913580 0
605 1 1376921 6324
606 0 19573311 0
607 1 1185951 5474
608 1 773945 4067
609 0 20121631 0
610 0 19358397 0
611 1 752422 3460
612 0 19696416 0
613 1 1899289 8784
614 0 22766954 0
615 0 20673495 0
616 1 1809099 8361
617 0 18953996 0
618 0 20041535 0
619 0 19637337 0
620 0 21963457 0
621 0 19850830 0
622 1 1284113 5904
623 0 19495954 0
624 1 1697402 7844
625 1 1623116 7517
626 1 1519817 7038
627 0 19078578 0
628 0 21533363 0
629 1 1107459 5815
630 0 20839168 0
631 1 1126991 5193
632 1 2182116 10131
633 1 2341773 10853
634 1 1502897 6970
635 0 18993849 0
636 0 18302317 0
637 0 15630440 0
638 1 2266798 10506
639 0 18869520 0
640 0 19429289 0
641 0 19251183 0
642 0 19491611 0
643 1 1323406 6109
644 1 1278615 5901
645 1 1472650 6806
646 1 1161367 5384
647 0 15615760 0
648 0 19266910 0
649 1 1014279 4670
650 0 19319850 0
651 1 1286660 5945
652 0 19799679 0
653 0 20276443 0
654 0 22217705 0
655 1 402573 1843
656 0 18265048 0
657 0 21073179 0
658 0 18989652 0
659 0 19741200 0
660 1 1571523 7261
661 0 22350746 0
662 1 1128272 5197
663 1 1359903 6295
664 0 20534598 0
665 1 1247372 5677
666 0 19353357 0
667 0 19279878 0
668 1 272247 1235
669 1 579406 2676
670 1 1965900 9105
671 0 22213830 0
672 0 20617577 0
673 1 1509967 6980
674 1 1647411 7631
675 0 19796987 0
676 0 19427347 0
677 0 20079993 0
678 1 544779 2855
679 0 20016545 0
680 1 1247092 5762
681 0 22425150 0
682 0 19524794 0
683 1 578325 2646
684 0 19366856 0
685 0 15746766 0
686 1 338527 1547
687 1 1492751 6913
688 1 2111132 9772
689 1 1196938 5538
690 0 20295816 0
691 1 1465677 6767
692 1 1182600 5476
693 1 1197457 5519
694 0 19202353 0
695 0 19639433 0
696 0 18735335 0
697 0 20796854 0
698 1 940975 4342
699 0 22014348 0
700 1 1831944 8462
701 0 20039179 0
702 1 1575686 8259
703 1 1987281 9194
704 0 21289476 0
705 0 21801648 0
706 0 20168493 0
707 0 15708313 0
708 0 19777279 0
709 0 21771083 0
710 0 20987322 0
711 0 20530802 0
712 0 20082555 0
713 0 18792899 0
714 0 15569344 0
715 0 15421815 0
716 1 1257832 5758
717 0 19132531 0
718 0 20105419 0
719 0 19316264 0
720 0 21526446 0
721 0 20624437 0
722 0 19217530 0
723 1 839895 3876
724 0 20006062 0
725 0 15789645 0
726 1 1784999 8222
727 1 937502 4327
728 1 1392656 6454
729 1 2754936 12790
730 0 19894309 0
731 0 18700741 0
732 1 1608040 7361
733 1 1366251 6259
734 0 18576425 0
735 1 1346394 6192
736 0 15340408 0
737 1 1252689 6558
738 1 1221185 5625
739 0 18683031 0
740 0 19224542 0
741 0 15642576 0
742 1 1769578 8177
743 0 15627000 0
744 0 22025460 0
745 1 1146064 5299
746 0 18997686 0
747 0 22720180 0
748 1 956248 4375
749 1 1413678 6548
750 0 17348184 0
751 0 21810362 0
752 0 20134254 0
753 0 19438445 0
754 1 681859 3131
755 1 1458885 6747
756 0 20912093 0
757 0 20003887 0
758 0 20219948 0
759 1 1110552 5071
760 0 19720218 0
761 0 18805772 0
762 0 19638187 0
763 1 203598 882
764 1 1653249 7665
765 0 18500475 0
766 0 20970357 0
767 0 20997305 0
768 0 18974411 0
769 0 22637450 0
770 1 1551680 7170
771 0 20936254 0
772 0 15948761 0
773 1 1501419 6889
774 0 18872464 0
775 1 1920349 8849
776 1 2910801 13438
777 0 18976633 0
778 1 1729979 7960
779 0 19368103 0
780 1 2437408 11216
781 0 19884867 0
782 1 1048836 4809
783 0 19278622 0
784 0 21113149 0
785 1 1612459 8473
786 1 1664132 7678
787 0 21237994 0
788 0 19266121 0
789 1 3118404 14353
790 0 19640349 0
791 1 937729 4295
792 0 19547526 0
793 0 18662906 0
794 0 15845043 0
795 0 15663499 0
796 1 1769144 8179
797 0 19247472 0
798 0 20377251 0
799 0 15725216 0
800 1 2383724 11019
801 0 18817580 0
802 0 19054033 0
803 0 15502937 0
804 0 20604209 0
805 0 15497432 0
806 1 1342925 6207
807 0 21843434 0
808 0 19176347 0
809 0 20914808 0
810 1 1972328 9136
811 1 1451790 6725
812 0 22502184 0
813 0 21740976 0
814 0 19538327 0
815 1 1464164 6764
816 0 22399461 0
817 1 1009137 4647
818 0 22951591 0
819 0 15665979 0
820 0 20947428 0
821 0 20310412 0
822 1 1152557 6033
823 1 2348490 10897
824 0 19407625 0
825 0 20002575 0
826 1 1378907 6372
827 1 1665531 7713
828 0 18407424 0
829 0 21895606 0
830 1 892325 4115
831 1 1469826 6796
832 1 1697236 8885
833 0 20672839 0
834 0 19823694 0
835 1 1784203 8244
836 0 15552605 0
837 0 19593622 0
838 1 1101377 5778
839 0 18653408 0
840 0 19848780 0
841 1 1362019 6230
842 0 15667372 0
843 1 898072 4129
844 1 1659854 7701
845 0 18727552 0
846 1 1575118 7240
847 0 19765051 0
848 1 2014682 9278
849 1 825323 3770
850 1 1488076 6873
851 0 19531152 0
852 1 1537256 7111
853 1 919512 4236
854 0 20274522 0
855 0 15276930 0
856 1 2174000 10002
857 0 22012136 0
858 1 1720479 7953
859 1 1168992 5409
860 1 979619 4510
861 0 20257957 0
862 0 21524253 0
863 1 1007636 5275
864 1 1092286 5051
865 0 22233505 0
866 1 3004034 13834
867 0 19625844 0
868 1 1168876 5367
869 0 21472008 0
870 1 1269044 5826
871 0 20848364 0
872 0 20174574 0
873 0 19585489 0
874 1 2457564 11347
875 1 770811 3567
876 0 21339913 0
877 0 18983523 0
878 1 1108573 5116
879 1 1507664 6948
880 0 19390062 0
881 0 15603710 0
882 1 323611 1476
883 1 1926856 8932
884 0 18273754 0
885 0 15448140 0
886 1 1425380 6592
887 0 20048847 0
888 0 20331626 0
889 0 15395576 0
890 0 19488157 0
891 1 1167925 6150
892 0 18763713 0
893 0 19817336 0
894 0 18599073 0
895 0 22778876 0
896 1 1306374 5985
897 0 22149690 0
898 0 18598843 0
899 0 18422170 0
900 0 19772988 0
901 0 19149586 0
902 0 21258790 0
903 0 20151020 0
904 0 19442447 0
905 1 1439114 6633
906 0 15311799 0
907 0 19563436 0
908 1 2178104 10046
909 0 19686450 0
910 0 18670189 0
911 1 1200588 6304
912 0 22214779 0
913 0 15794722 0
914 1 1308364 6883
915 0 22791328 0
916 0 19822028 0
917 0 15524723 0
918 0 15603653 0
919 0 20334768 0
920 1 1399885 6469
921 1 999167 4619
922 0 20278442 0
923 0 20320786 0
924 1 1638330 7561
925 0 20114002 0
926 1 1144557 5993
927 1 1172205 5420
928 1 1237505 5717
929 1 1257153 6593
930 1 1280567 5929
931 0 18267429 0
932 0 22687135 0
933 0 15774542 0
934 1 1292263 5977
935 1 1135603 5230
936 1 1169399 6155
937 0 21717452 0
938 0 18406519 0
939 0 16114095 0
940 0 18770719 0
941 1 1521301 7970
942 0 15227979 0
943 0 19280885 0
944 0 15322115 0
945 1 1249275 5774
946 1 1192840 6244
947 0 19108293 0
948 0 19430892 0
949 1 942480 4347
950 1 1428446 6610
951 0 22391374 0
952 1 1480610 7740
953 1 1333632 6174
954 0 20549790 0
955 1 1408222 7395
956 1 2288019 10574
957 1 975975 4493
958 0 21719722 0
959 1 3278053 15039
960 0 22574337 0
961 0 20169097 0
962 0 21276001 0
963 1 1184172 5444
964 0 20642902 0
965 1 1479273 6812
966 1 1506499 6962
967 1 1137053 5267
968 1 1627144 7526
969 1 769975 3554
970 0 15508836 0
971 1 1454354 6728
972 1 1395645 7337
973 0 21437948 0
974 0 21776198 0
975 1 1041044 4811
976 1 1375886 6332
977 1 1167979 6088
978 1 1345753 6231
979 1 866626 4014
980 0 19130976 0
981 0 18982080 0
982 1 164207 739
983 0 19500914 0
984 0 20186091 0
985 1 572434 2570
986 1 1662701 7701
987 1 1978005 9155
988 1 1335630 6185
989 1 1706575 7906
990 0 19723726 0
991 1 2261807 10462
992 0 20546708 0
993 0 19675089 0
994 0 15621336 0
995 0 18761355 0
996 0 19626081 0
997 0 19161808 0
998 1 677839 3100
999 1 1212500 5605
1000 0 21040183 0
1001 1 1338309 6167
1002 0 19974223 0
1003 0 21690168 0
1004 0 15606960 0
1005 0 15762670 0
1006 0 21650648 0
1007 1 1214005 5589
1008 1 791667 3659
1009 0 20142173 0
1010 0 22221830 0
1011 0 22446017 0
1012 0 21550935 0
1013 0 20429437 0
1014 0 21925737 0
1015 0 21202677 0
1016 0 22756787 0
1017 0 20070192 0
1018 1 1309398 6025
1019 0 21237786 0
1020 0 20351661 0
1021 0 21661593 0
1022 1 1226724 5666
1023 0 21510980 0
1024 0 19376002 0
1025 1 2011124 9292
1026 0 18949803 0
1027 0 18652903 0
1028 0 15895509 0
1029 0 19617398 0
1030 0 15529843 0
1031 1 1070054 5602
1032 0 19987780 0
1033 0 21601946 0
1034 0 21896809 0
1035 1 1197181 6275
1036 0 20225176 0
1037 0 19768227 0
1038 1 1563944 7217
1039 1 973086 4503
1040 1 796684 3678
1041 1 1219809 5653
1042 1 979468 4523
1043 0 22713666 0
1044 1 509260 2335
1045 0 19707275 0
1046 1 2314271 10684
1047 1 1066193 4935
1048 1 1602203 7412
1049 1 971397 4407
1050 0 20883287 0
1051 0 20475504 0
1052 0 21368210 0
1053 1 3439331 15755
1054 0 15612187 0
1055 0 18996387 0
1056 1 3308871 15406
1057 1 1318249 6094
1058 0 21861842 0
1059 1 1084316 5010
1060 0 22281573 0
1061 0 22432017 0
1062 1 1722107 9047
1063 0 20145236 0
1064 0 16647170 0
1065 0 15716932 0
1066 1 2751139 12715
1067 1 1932130 8953
1068 0 20765931 0
1069 1 1300536 6007
1070 0 19936273 0
1071 1 1743970 8029
1072 0 19395860 0
1073 1 1437973 6642
1074 0 21429721 0
1075 0 19934234 0
1076 0 19785357 0
1077 0 20046748 0
1078 1 660809 3030
1079 1 1637111 7585
1080 0 20325352 0
1081 0 19616269 0
1082 1 1211892 5601
1083 0 19681522 0
1084 0 19088740 0
1085 0 19459357 0
1086 0 22760867 0
1087 0 15539178 0
1088 1 470775 2120
1089 0 20328216 0
1090 1 1501101 6895
1091 0 20709178 0
1092 1 877736 4012
1093 0 20357987 0
1094 1 1597644 8393
1095 0 22125834 0
1096 1 2266411 10428
1097 0 21342183 0
1098 1 3464308 16174
1099 0 21115859 0
1100 0 15583353 0
1101 0 19200877 0
1102 1 1829505 8414
1103 0 19335022 0
1104 0 21598094 0
1105 0 15767551 0
1106 0 22642914 0
1107 0 22430610 0
1108 0 19565816 0
1109 1 1256531 5775
1110 0 21193617 0
1111 1 911412 4174
1112 0 18552848 0
1113 0 15583487 0
1114 0 19118031 0
1115 1 1391838 6373
1116 1 1523146 7018
1117 1 1203217 6319
1118 0 18589367 0
1119 1 1539697 7092
1120 1 1797266 8295
1121 0 18636358 0
1122 0 15518220 0
1123 1 1867814 8583
1124 0 20470523 0
1125 0 15670388 0
1126 0 19168455 0
1127 1 1750112 8056
1128 1 1324143 6097
1129 1 1005750 5290
1130 1 2067988 9531
1131 0 19421898 0
1132 0 22192050 0
1133 0 21947002 0
1134 0 19958626 0
1135 1 981415 4490
1136 0 19809278 0
1137 1 1625771 7484
1138 0 22604008 0
1139 1 1126479 5182
1140 1 1155318 5325
1141 1 1317370 5985
1142 0 20811285 0
1143 0 15563873 0
1144 0 19784822 0
1145 0 15356991 0
1146 0 18974907 0
1147 0 20516352 0
1148 0 20921707 0
1149 0 19927978 0
1150 0 20862936 0
1151 1 1481889 7789
1152 1 1249047 5668
1153 1 1636483 7538
1154 1 1610928 7384
1155 0 20875185 0
1156 0 18791089 0
1157 1 1612393 7417
1158 0 19107654 0
1159 1 1578254 7202
1160 0 22119305 0
1161 0 20942578 0
1162 0 19156993 0
1163 0 23086743 0
1164 0 19874806 0
1165 0 19833343 0
1166 0 15632308 0
1167 1 1467231 6761
1168 1 1219764 5628
1169 0 20179138 0
1170 0 20039805 0
1171 0 22573744 0
1172 1 1103799 5067
1173 0 19515787 0
1174 1 1347764 6216
1175 0 19641888 0
1176 0 20512231 0
1177 0 20539833 0
1178 1 947630 4343
1179 0 20528489 0
1180 0 19428475 0
1181 0 19967135 0
1182 0 15429335 0
1183 0 15774071 0
1184 1 1561679 7151
1185 0 20185058 0
1186 0 21377430 0
1187 0 15722110 0
1188 0 22141694 0
1189 0 20289423 0
1190 1 1103394 5783
1191 0 22259010 0
1192 0 20340194 0
1193 1 776256 4046
1194 1 1400791 6414
1195 0 18644831 0
1196 0 22593487 0
1197 0 21170068 0
1198 0 15893196 0
1199 0 19596034 0
0 0 19753409 0
1 1 1149775 5308
2 1 1151206 5288
3 0 20580154 0
4 0 19108232 0
5 0 19692160 0
6 0 16075957 0
7 0 19884329 0
8 1 809922 3736
9 0 19540314 0
10 1 880235 4057
11 0 22558552 0
12 0 20187769 0
13 1 1642683 8619
14 0 19477065 0
15 0 15620872 0
16 0 19714565 0
17 0 19738426 0
18 0 22342050 0
19 0 19842399 0
20 0 19456417 0
21 1 1054814 4832
22 0 19142019 0
23 1 1586310 7301
24 0 19362684 0
25 0 19717481 0
26 0 20226267 0
27 0 20449920 0
28 1 1275170 6688
29 0 20742311 0
30 0 15532175 0
31 1 1309578 5980
32 0 15559974 0
33 1 991710 4529
34 1 1453912 7638
35 0 19530640 0
36 0 21937527 0
37 0 21706520 0
38 0 21183671 0
39 1 1110292 5090
40 1 675808 3082
41 1 887712 4079
42 0 22315931 0
43 1 1338893 7018
44 0 20060931 0
45 0 19196948 0
46 0 18654200 0
47 0 21930059 0
48 0 18751715 0
49 1 1368025 6276
50 0 21460904 0
51 1 2278061 10467
52 0 18969032 0
53 0 20656061 0
54 1 1511398 6962
55 0 22444877 0
56 0 21005541 0
57 1 1219760 5591
58 0 17112154 0
59 0 20751662 0
60 0 20123238 0
61 1 1778080 8182
62 0 21460628 0
63 0 20308277 0
64 1 1398290 6410
65 1 1025894 4717
66 0 19150934 0
67 0 21880079 0
68 0 20505774 0
69 0 16061431 0
70 1 646419 2953
71 0 20435799 0
72 0 19236514 0
73 0 19610127 0
74 1 1652768 7593
75 0 16900442 0
76 0 19978564 0
77 1 1695576 8911
78 0 20952005 0
79 0 20274583 0
80 1 1040417 4747
81 1 655399 3015
82 1 1467786 6753
83 1 1084122 4997
84 1 868650 3986
85 1 1416406 6529
86 0 20999046 0
87 0 20155266 0
88 0 15616814 0
89 1 1879371 8643
90 0 21565640 0
91 1 1368190 6263
92 1 1694827 7793
93 0 22911731 0
94 0 20708706 0
95 1 3099983 14289
96 0 21693817 0
97 0 20762104 0
98 0 20502430 0
99 0 22961181 0
100 0 19169275 0
101 1 1391554 6362
102 1 1449638 6680
103 1 1444374 7570
104 1 1823733 8374
105 0 19843723 0
106 0 21424793 0
107 0 20780450 0
108 0 19636512 0
109 0 20090655 0
110 1 1292113 5919
111 0 15746488 0
112 0 22147562 0
113 0 22769686 0
114 0 22655818 0
115 0 20594714 0
116 1 1578774 7274
117 0 22960699 0
118 1 1728980 7926
119 0 20640540 0
120 0 20295983 0
121 1 1361027 6243
122 1 1434852 6582
123 0 19075842 0
124 1 1569256 7207
125 1 1404023 6463
126 0 21935306 0
127 0 19719494 0
128 0 20094474 0
129 1 1784696 8201
130 1 2071349 9510
131 1 1569434 7224
132 1 1159658 5331
133 1 1515431 6974
134 1 1352304 6223
135 0 22525363 0
136 0 22498383 0
137 1 3120310 14421
138 1 3080612 14146
139 1 1327458 6103
140 1 472128 2153
141 1 1210431 5573
142 0 15599717 0
143 1 1122416 5146
144 0 21015093 0
145 0 20712605 0
146 0 22413783 0
147 0 20458014 0
148 1 1788122 8235
149 0 20074328 0
150 0 20270430 0
151 0 22444346 0
152 1 3998144 18474
153 1 929709 4264
154 0 15665481 0
155 0 20038126 0
156 1 88038 385
157 0 15583921 0
158 1 1238942 5617
159 0 19109783 0
160 1 1463953 6722
161 1 2225627 10227
162 1 1239046 5693
163 0 15523667 0
164 0 18046625 0
165 0 19799938 0
166 1 1205495 5471
167 1 1430692 6579
168 0 19568626 0
169 1 2033099 9345
170 0 19349008 0
171 1 220471 991
172 1 1268529 5837
173 0 22794460 0
174 1 1422027 6100
175 0 22488337 0
176 1 1405128 6420
177 1 1462087 6727
178 1 1250490 5652
179 0 19838731 0
180 1 2124608 9780
181 1 1541443 7097
182 1 1674694 7699
183 0 19370221 0
184 1 2405539 11051
185 1 1507418 6944
186 1 1391083 6388
187 0 19890298 0
188 1 1090375 5000
189 0 18891028 0
190 0 21520725 0
191 0 15963077 0
192 1 1483568 6843
193 1 1694444 7844
194 1 1092027 5058
195 0 18801319 0
196 1 1952569 9014
197 0 22054169 0
198 1 1239448 6480
199 1 2180979 10042
200 1 1888759 8715
201 1 1246708 5738
202 0 19583032 0
203 1 1981977 9151
204 0 19397219 0
205 0 19491778 0
206 1 1684713 7765
207 0 20185298 0
208 0 19601220 0
209 1 1319277 6066
210 0 19149341 0
211 1 1577622 7259
212 0 20224452 0
213 1 1010429 4646
214 0 20844102 0
215 0 21062415 0
216 1 1098607 5062
217 1 1973940 9121
218 1 1327848 6132
219 0 20113270 0
220 0 18566314 0
221 0 21180712 0
222 1 1135177 5231
223 1 1607777 7427
224 0 19255653 0
225 1 651630 2991
226 0 22461544 0
227 0 20043815 0
228 1 2723174 12559
229 1 1924091 8890
230 0 15476498 0
231 0 21589462 0
232 0 15471501 0
233 1 2172849 10019
234 0 20574778 0
235 1 1352510 6232
236 0 18694080 0
237 1 2043257 9402
238 0 20134305 0
239 1 1269619 5866
240 0 19603776 0
241 0 18649977 0
242 1 1613701 7429
243 1 1379868 6368
244 1 1878655 8689
245 0 21743563 0
246 1 1686699 7787
247 0 20095444 0
248 0 16521047 0
249 0 19500190 0
250 1 2515797 11669
251 0 19679312 0
252 1 1546454 7119
253 0 18864879 0
254 1 1314345 6082
255 0 19148541 0
256 0 20127095 0
257 1 619706 2862
258 1 1426772 6584
259 1 1390247 6409
260 0 19252059 0
261 0 22352214 0
262 0 21426268 0
263 1 805054 3706
264 0 21460602 0
265 0 20295659 0
266 0 19913495 0
267 1 820566 3744
268 1 825946 3797
269 1 3116101 14401
270 0 19463626 0
271 0 15372448 0
272 0 20889380 0
273 1 1524422 6994
274 1 1804331 9477
275 0 20634843 0
276 0 15590530 0
277 0 19251780 0
278 0 22121432 0
279 1 529378 2444
280 1 1854330 8576
281 0 19813959 0
282 0 20580067 0
283 1 1308095 6040
284 0 18126543 0
285 1 1395023 6426
286 1 1111393 5141
287 1 999683 4606
288 1 1527609 7059
289 0 20572852 0
290 1 274220 1248
291 1 438037 1998
292 1 1330377 6140
293 1 1473659 6718
294 0 19442827 0
295 0 22052359 0
296 1 1225150 5655
297 0 19293303 0
298 0 19395457 0
299 0 19883472 0
300 0 21252496 0
301 1 1390637 6408
302 1 285080 1469
303 1 732300 3845
304 0 20218415 0
305 0 18914065 0
306 1 1576811 7274
307 1 1099847 5031
308 0 19291385 0
309 0 19858124 0
310 1 1726879 9072
311 1 1531717 7088
312 0 19718046 0
313 0 19794782 0
314 1 1225280 5617
315 0 22386034 0
316 0 21632321 0
317 0 20803806 0
318 1 1940903 8936
319 1 1584587 7287
320 1 2068029 9558
321 0 19850007 0
322 0 20366383 0
323 0 20261065 0
324 1 50380 194
325 0 19637285 0
326 0 18451470 0
327 0 20500681 0
328 0 22154305 0
329 1 1781312 8203
330 0 15561982 0
331 1 1639026 7537
332 0 20535875 0
333 0 20986501 0
334 1 1517343 6967
335 0 20583175 0
336 0 15462145 0
337 0 19189551 0
338 1 1406856 7364
339 0 19131056 0
340 1 787080 3599
341 1 1535818 7069
342 0 21460579 0
343 0 19582908 0
344 0 19342839 0
345 0 21163524 0
346 0 15165556 0
347 1 1135627 5202
348 1 1617162 7455
349 1 1411551 6490
350 0 20071211 0
351 1 1569322 7216
352 1 1441248 6634
353 0 21933093 0
354 0 15310433 0
355 1 2700018 12414
356 1 2041509 9374
357 1 2339800 10737
358 1 1880686 8595
359 0 19081436 0
360 0 22205858 0
361 0 20979020 0
362 1 1556304 7151
363 0 15478026 0
364 1 1429847 6562
365 0 15414964 0
366 1 533203 2450
367 0 20073301 0
368 0 20150155 0
369 1 1307471 6010
370 1 1664512 7649
371 0 19412114 0
372 1 808480 3691
373 1 2269554 10502
374 1 704979 3225
375 0 19627546 0
376 1 1291067 5920
377 0 19144848 0
378 0 18947158 0
379 1 1943765 8930
380 0 18736383 0
381 1 1656669 8710
382 0 18658147 0
383 1 1364361 6288
384 0 20721872 0
385 1 452178 2066
386 1 2048491 9402
387 0 18823629 0
388 0 22821681 0
389 0 20599977 0
390 1 918947 4220
391 1 1040531 4810
392 1 1181036 5459
393 0 18406360 0
394 1 1467134 6751
395 0 19261644 0
396 0 19731464 0
397 0 19313003 0
398 0 22473668 0
399 0 19409199 0
400 1 1355155 6248
401 1 1494961 6899
402 0 22713158 0
403 0 19494434 0
404 1 917226 4230
405 0 22018248 0
406 0 21355738 0
407 0 20519369 0
408 0 20231262 0
409 1 1201845 5537
410 0 19527168 0
411 1 1665087 7700
412 0 20244135 0
413 1 1518608 7028
414 0 19987164 0
415 0 19552033 0
416 1 1096634 5028
417 1 1254995 5765
418 1 666151 3071
419 0 20407634 0
420 0 20074211 0
421 0 19510470 0
422 1 1040161 4801
423 0 19985311 0
424 1 2336845 10762
425 1 1954796 9046
426 1 1559131 7204
427 1 1889958 8755
428 0 15769669 0
429 0 21500774 0
430 0 15671944 0
431 0 19581263 0
432 0 20693409 0
433 1 1170180 5397
434 1 1362747 6277
435 0 19622262 0
436 1 1277488 6712
437 0 19930773 0
438 1 779185 4050
439 1 824433 4319
440 0 19211532 0
441 0 18737380 0
442 1 1548598 8143
443 0 21581960 0
444 0 20037080 0
445 0 21851048 0
446 1 1245958 5723
447 0 21523533 0
448 1 2712230 12475
449 0 22600800 0
450 1 994426 4534
451 0 15741697 0
452 0 19555205 0
453 0 19691917 0
454 1 805308 3703
455 0 18643301 0
456 1 1892801 8740
457 1 1671460 7725
458 0 20322617 0
459 1 890567 4091
460 0 18904411 0
461 1 1089266 4992
462 0 19177204 0
463 1 2396290 11071
464 0 19653107 0
465 0 18510661 0
466 0 19391838 0
467 1 1284787 5916
468 0 19395078 0
469 1 1789370 8267
470 0 18825713 0
471 0 18607081 0
472 0 20607618 0
473 0 21944416 0
474 1 1293339 5987
475 1 1904546 8814
476 0 19459719 0
477 0 21122791 0
478 1 1263224 5813
479 1 1366222 6314
480 1 1030583 4760
481 1 1163697 5359
482 0 18868499 0
483 0 21263279 0
484 0 20118440 0
485 1 2133527 9851
486 0 20083136 0
487 1 1103570 5075
488 0 15315493 0
489 1 605064 2762
490 1 1582399 8330
491 1 2121472 9836
492 0 19518467 0
493 0 21488193 0
494 0 19419586 0
495 1 2249803 10424
496 1 1556331 7189
497 0 18649369 0
498 1 1895144 8739
499 0 19513396 0
500 0 15758805 0
501 0 20480375 0
502 0 21560249 0
503 0 19919429 0
504 0 21068875 0
505 0 19579030 0
506 0 19116344 0
507 0 21866187 0
508 1 2128888 9839
509 0 18904232 0
510 1 1078540 4978
511 0 20441974 0
512 0 22318810 0
513 0 15561564 0
514 0 15693202 0
515 0 20597761 0
516 1 1366247 6322
517 1 1186481 5426
518 0 20384269 0
519 1 230486 1039
520 1 2251314 10435
521 1 830027 3825
522 0 21461335 0
523 0 21970915 0
524 1 832673 3813
525 1 1543060 7150
526 1 1612243 7464
527 0 15624148 0
528 1 681887 3114
529 0 19866872 0
530 0 19411196 0
531 1 631641 2882
532 0 21103383 0
533 0 19054248 0
534 1 396816 1814
535 1 1418666 6554
536 1 2008997 9271
537 1 1136266 5254
538 0 19073130 0
539 0 22619085 0
540 1 1651223 8651
541 1 2388872 11065
542 0 15461158 0
543 1 170965 724
544 1 1843720 8528
545 1 551779 2546
546 1 2725468 12590
547 0 18705962 0
548 1 896420 4133
549 1 462360 2131
550 0 19299596 0
551 0 22694994 0
552 1 2852693 13147
553 0 22212193 0
554 0 21257237 0
555 0 19552945 0
556 0 21773209 0
557 1 1229393 5634
558 0 21741438 0
559 0 19647031 0
560 0 22302791 0
561 1 1340119 6151
562 0 21079850 0
563 0 18539190 0
564 0 20781024 0
565 1 1358349 6233
566 0 22744243 0
567 0 21816428 0
568 1 2271464 10450
569 1 1345002 6186
570 0 22129546 0
571 1 1360608 6265
572 0 15633256 0
573 1 2843748 13033
574 0 22978566 0
575 1 812084 3701
576 1 1177730 5374
577 1 1268439 6667
578 1 1499652 6875
579 1 1355237 7118
580 1 1307705 5982
581 0 22153191 0
582 1 1200620 5509
583 1 850121 3898
584 1 1345079 6192
585 1 2277548 10507
586 0 21102132 0
587 0 21443389 0
588 0 19196477 0
589 0 19659166 0
590 0 15624925 0
591 1 46052 187
592 1 1627945 7488
593 1 1327633 6115
594 0 19454949 0
595 0 22685656 0
596 1 1370642 7199
597 0 20167818 0
598 0 15832618 0
599 0 18980014 0
600 1 1096695 5753
601 1 422953 1942
602 0 15608252 0
603 0 19817041 0
604 0 18914028 0
605 1 2193827 10120
606 1 148761 756
607 0 20697674 0
608 1 1397413 6435
609 1 915681 4179
610 0 21059310 0
611 0 20801128 0
612 0 21346031 0
613 0 22405399 0
614 0 21938027 0
615 1 786167 3609
616 1 782501 3598
617 1 2417199 11081
618 0 20530667 0
619 0 19705933 0
620 0 15711992 0
621 0 21888994 0
622 0 21641098 0
623 0 20801109 0
624 1 1225245 5631
625 0 19890061 0
626 1 1574355 7245
627 0 15561705 0
628 0 19050679 0
629 1 1300337 5962
630 1 451373 2059
631 1 1537194 7071
632 1 1368400 6298
633 1 1953169 8987
634 1 527358 2407
635 0 22941271 0
636 1 1732480 7955
637 0 19897463 0
638 1 1404658 6447
639 0 20415745 0
640 0 19442583 0
641 1 1371067 6255
642 0 22581378 0
643 0 21737225 0
644 1 1562421 7166
645 0 20358638 0
646 1 1484717 6808
647 1 1367378 6282
648 1 571282 2591
649 1 2372562 10920
650 1 1261385 5801
651 1 1067810 4908
652 0 20476347 0
653 1 1505845 6898
654 0 21387453 0
655 0 22338145 0
656 1 1228628 5632
657 1 1506575 6910
658 0 15505816 0
659 1 1325890 6073
660 0 19331799 0
661 1 1108171 5099
662 1 799905 4154
663 1 1424264 6561
664 0 19523710 0
665 0 19975933 0
666 1 1316954 6044
667 0 21692427 0
668 0 19538661 0
669 0 21490689 0
670 1 1186668 5428
671 1 1586210 8300
672 1 1281897 5852
673 0 21733684 0
674 0 19549119 0
675 1 1696072 7787
676 1 3048243 14021
677 1 1207468 5556
678 0 23035733 0
679 1 708377 3224
680 0 15640051 0
681 1 1961782 9017
682 0 18148888 0
683 0 21514805 0
684 0 20023731 0
685 1 1710464 7861
686 0 20412723 0
687 1 1009980 4621
688 0 21799260 0
689 1 991934 4542
690 0 22294465 0
691 1 1421970 6530
692 1 1312211 6025
693 1 1705479 7838
694 0 18433250 0
695 0 22405340 0
696 0 21619098 0
697 1 2168090 9954
698 1 75419 330
699 1 526277 2420
700 0 15567329 0
701 0 20104300 0
702 1 1161497 5341
703 1 1297480 5967
704 0 22110500 0
705 0 19603367 0
706 0 21074899 0
707 1 2146806 9873
708 1 1249912 5752
709 1 904075 4121
710 0 20606867 0
711 1 1261810 5768
712 1 1454942 6692
713 0 22279475 0
714 0 15245742 0
715 0 20559466 0
716 0 15765291 0
717 0 19567895 0
718 0 20099508 0
719 1 1153305 5309
720 1 812783 3735
721 1 2092555 9658
722 1 1338846 6166
723 1 858169 3961
724 1 1028111 4744
725 0 22058658 0
726 1 1696398 8877
727 1 1219167 5649
728 0 19672810 0
729 0 20347067 0
730 0 20022506 0
731 0 15629246 0
732 0 19455434 0
733 0 19214721 0
734 1 453847 2057
735 1 2112898 9736
736 1 1385049 6385
737 1 1573956 7230
738 0 19528952 0
739 1 1586900 8341
740 1 1320762 6099
741 0 19542973 0
742 1 1288903 6758
743 1 458966 2110
744 1 2355003 10913
745 1 1420773 6559
746 1 1438586 7556
747 1 1010930 4666
748 0 19534209 0
749 0 15691815 0
750 0 19074328 0
751 1 1501833 6875
752 0 18984187 0
753 0 21593075 0
754 1 1275918 6649
755 0 19449764 0
756 0 15472484 0
757 1 1373737 6331
758 0 20605445 0
759 0 20723178 0
760 1 1679556 7751
761 1 824925 3769
762 1 1470222 6798
763 1 1353366 6257
764 0 19546643 0
765 0 20205231 0
766 0 19416632 0
767 1 2019787 9303
768 0 22187464 0
769 0 20365769 0
770 0 19609534 0
771 1 707564 3239
772 0 18588084 0
773 0 19035324 0
774 0 18939595 0
775 1 2625920 12127
776 1 1676400 7753
777 0 19255088 0
778 0 20532391 0
779 1 1614800 7453
780 1 1286953 5937
781 1 895996 4130
782 0 19732659 0
783 1 1848197 8539
784 1 1777404 8226
785 1 1811427 8350
786 0 19681031 0
787 0 19332203 0
788 0 21809678 0
789 1 1322972 6096
790 0 20867626 0
791 0 20164929 0
792 1 1707821 7883
793 1 1275465 5893
794 0 19581816 0
795 0 20937882 0
796 0 15740347 0
797 1 1412488 6535
798 1 1666506 7704
799 0 21841203 0
800 0 19441457 0
801 0 19573402 0
802 1 1740212 8014
803 0 22852797 0
804 1 751087 3442
805 1 1497915 7868
806 1 743454 3904
807 0 18994172 0
808 1 1355119 6222
809 0 18875169 0
810 1 2303840 10568
811 1 1131106 5194
812 0 20655301 0
813 0 20400143 0
814 0 19924617 0
815 0 20442626 0
816 1 1497339 6873
817 1 1311920 6034
818 0 19385043 0
819 1 1319146 6060
820 0 18984392 0
821 1 1373493 6312
822 0 19798027 0
823 0 19287431 0
824 0 19436226 0
825 1 838737 4392
826 0 22591049 0
827 0 19470475 0
828 0 21846717 0
829 1 1556542 7149
830 0 19653195 0
831 0 21966573 0
832 0 19268236 0
833 0 15720891 0
834 0 20813447 0
835 0 21480383 0
836 1 381122 1725
837 1 3870728 17792
838 1 1304439 5990
839 0 22310269 0
840 0 21218243 0
841 0 22115064 0
842 0 21660152 0
843 0 22362511 0
844 0 16722352 0
845 1 1221163 5613
846 0 19567436 0
847 0 18692164 0
848 1 1312250 6022
849 0 19357264 0
850 1 1404606 6464
851 1 1147231 5258
852 0 15670259 0
853 1 1939296 8913
854 0 19226015 0
855 0 19749569 0
856 0 22449900 0
857 1 2497582 11514
858 0 19624352 0
859 1 1585568 7281
860 0 21084648 0
861 1 1478343 6785
862 0 19461937 0
863 0 20740352 0
864 1 1599853 7328
865 1 1066305 5469
866 0 20096953 0
867 0 20471669 0
868 1 1476055 7747
869 0 21282988 0
870 0 21661443 0
871 0 21990142 0
872 0 15982220 0
873 0 19767281 0
874 0 19441563 0
875 0 18615950 0
876 0 22479607 0
877 1 1073188 4936
878 1 1410404 6522
879 0 19856720 0
880 0 18998652 0
881 0 21373528 0
882 0 19392302 0
883 1 1320573 6067
884 0 19100220 0
885 0 18843942 0
886 1 1787929 8231
887 0 18517475 0
888 1 1530514 7058
889 1 1486619 6868
890 0 21376961 0
891 0 19479295 0
892 0 19506784 0
893 1 1308978 6029
894 1 1237644 5720
895 0 19582461 0
896 1 836908 3849
897 1 1533317 7075
898 0 20478254 0
899 0 19479301 0
900 0 20410651 0
901 1 1816552 8362
902 0 21340881 0
903 0 19374035 0
904 1 1141563 5258
905 1 1875446 8665
906 0 19510713 0
907 1 1026050 4725
908 0 22045468 0
909 0 22397874 0
910 0 20952634 0
911 0 19725662 0
912 0 18911022 0
913 0 19803666 0
914 1 1465644 7687
915 1 233081 1059
916 1 2347653 10843
917 1 831147 3809
918 0 19575534 0
919 1 791289 3627
920 0 18232764 0
921 0 19663791 0
922 0 19596723 0
923 1 1615656 7438
924 0 20640404 0
925 0 19607238 0
926 0 19725252 0
927 1 220772 968
928 0 15281347 0
929 1 1281573 5861
930 0 19866855 0
931 0 19009953 0
932 1 1405650 6448
933 1 1246500 5737
934 0 18629023 0
935 1 1365627 7133
936 1 1505910 6932
937 0 19543701 0
938 0 15409202 0
939 1 523594 2414
940 0 19751966 0
941 0 19547029 0
942 1 891933 4640
943 0 18632776 0
944 0 21321374 0
945 0 19285957 0
946 1 1399704 6439
947 0 18975448 0
948 1 1525575 8032
949 0 19015851 0
950 0 15550097 0
951 0 18990810 0
952 0 18877584 0
953 1 1753532 8084
954 1 1510540 7910
955 0 19443088 0
956 0 19807851 0
957 0 19464456 0
958 0 19177817 0
959 0 18929359 0
960 0 20481807 0
961 1 1303740 6010
962 1 1527011 7022
963 1 1614217 7436
964 1 789536 3635
965 0 15480695 0
966 0 20554268 0
967 1 755042 3479
968 1 1509968 6979
969 1 1071651 4953
970 0 18820549 0
971 0 21885843 0
972 1 1457066 6731
973 0 21125099 0
974 0 20107215 0
975 0 21064928 0
976 0 19022769 0
977 1 1167162 6110
978 0 20062080 0
979 0 18524928 0
980 1 1791034 8286
981 0 19136921 0
982 1 1163249 6085
983 1 1991466 9221
984 0 19335901 0
985 1 1130215 5214
986 0 19105552 0
987 0 21874209 0
988 0 21412855 0
989 0 22239811 0
990 0 22346972 0
991 0 21565438 0
992 1 1102620 5085
993 1 1612196 7446
994 0 19418683 0
995 1 2592333 12011
996 1 152455 692
997 1 1171648 5403
998 0 19317103 0
999 1 1134607 5213
1000 0 19627842 0
1001 0 19853677 0
1002 1 727750 3347
1003 1 2116968 9782
1004 0 20133064 0
1005 0 22400084 0
1006 1 1564971 7177
1007 1 1083034 4998
1008 1 1801833 8344
1009 1 1511401 6992
1010 1 1512287 6991
1011 1 913150 4204
1012 0 20263317 0
1013 1 484204 2177
1014 0 20236725 0
1015 1 1959689 9027
1016 0 18823873 0
1017 1 1365601 6292
1018 0 15493860 0
1019 0 21459544 0
1020 0 20058541 0
1021 1 1172602 5424
1022 1 1969179 9106
1023 0 18647852 0
1024 0 19083104 0
1025 1 1829880 8426
1026 0 18845070 0
1027 0 18681280 0
1028 1 2430899 11184
1029 0 20288053 0
1030 0 19584023 0
1031 0 19024461 0
1032 1 1528471 7008
1033 1 1887620 8715
1034 1 2155837 9976
1035 0 19493682 0
1036 0 19316952 0
1037 1 3185791 14731
1038 1 1021894 4710
1039 1 608780 2802
1040 1 1321373 6101
1041 0 22651880 0
1042 0 21264086 0
1043 1 1664125 7682
1044 1 1150386 5313
1045 0 20541917 0
1046 1 1111039 5128
1047 1 1446554 6663
1048 1 3252035 15000
1049 0 20108780 0
1050 0 19878846 0
1051 0 19912936 0
1052 1 693725 3157
1053 0 19397138 0
1054 0 20915758 0
1055 1 2522084 11702
1056 1 1602777 7373
1057 1 1730364 8004
1058 1 1168259 5393
1059 0 20380552 0
1060 1 1145888 5275
1061 1 1282715 5929
1062 1 1427568 6566
1063 0 19337802 0
1064 1 1401459 6445
1065 1 1875049 8675
1066 0 15492558 0
1067 1 1087273 5009
1068 1 1353741 6253
1069 0 20080362 0
1070 0 19203809 0
1071 0 19239795 0
1072 0 19505363 0
1073 0 19828700 0
1074 0 19604848 0
1075 0 18772274 0
1076 1 410297 1872
1077 0 19491038 0
1078 0 18877104 0
1079 1 1311396 6038
1080 1 931199 4304
1081 1 1411623 6512
1082 0 17966880 0
1083 0 19747842 0
1084 0 21406577 0
1085 0 20870861 0
1086 0 19862622 0
1087 0 20135397 0
1088 0 21569815 0
1089 0 15553836 0
1090 0 22144989 0
1091 0 22401023 0
1092 0 19797570 0
1093 0 19526112 0
1094 1 1593316 7329
1095 1 1338132 6175
1096 1 1819782 8407
1097 1 897006 4096
1098 1 2342193 10816
1099 0 21061366 0
1100 0 15514655 0
1101 0 19916806 0
1102 1 1269821 5827
1103 1 1309331 6841
1104 0 19703707 0
1105 0 20141408 0
1106 1 1216051 5540
1107 0 20056939 0
1108 0 19301172 0
1109 0 19007990 0
1110 0 15436412 0
1111 1 2340638 10784
1112 0 19527614 0
1113 0 19932796 0
1114 0 22372876 0
1115 0 19234841 0
1116 0 19655801 0
1117 1 1241714 5726
1118 1 292962 1336
1119 0 20950977 0
1120 0 18947450 0
1121 0 19373915 0
1122 0 20329627 0
1123 1 2225531 10287
1124 0 20035111 0
1125 0 19628869 0
1126 1 598338 2735
1127 1 1222007 5644
1128 0 19529697 0
1129 1 989667 4546
1130 0 18562891 0
1131 1 1670034 7709
1132 1 879268 4061
1133 1 493662 2264
1134 1 1736520 7995
1135 0 19028461 0
1136 0 18770408 0
1137 0 19757461 0
1138 0 19127538 0
1139 0 19525666 0
1140 0 21776709 0
1141 1 987987 5163
1142 0 19389502 0
1143 1 1308681 6018
1144 0 20368045 0
1145 0 21793695 0
1146 1 1035702 4758
1147 1 1620860 7496
1148 1 1671945 8779
1149 0 20884578 0
1150 0 20826168 0
1151 1 2234287 10346
1152 0 19191076 0
1153 1 1291864 5965
1154 0 20219014 0
1155 0 15353649 0
1156 0 19961538 0
1157 1 875579 4030
1158 1 205845 939
1159 0 19815752 0
1160 0 15537343 0
1161 0 19274264 0
1162 0 19040999 0
1163 1 1615605 7453
1164 1 1587133 7329
1165 1 1444151 6652
1166 0 15768315 0
1167 1 1837944 8487
1168 0 15650579 0
1169 1 1697640 7858
1170 1 2591500 11969
1171 1 1448667 6696
1172 1 1902440 8784
1173 0 18537421 0
1174 0 19672170 0
1175 0 19086636 0
1176 1 1450018 7589
1177 1 76882 338
1178 0 19443193 0
1179 1 1175799 5428
1180 0 20851911 0
1181 0 15204197 0
1182 0 20147495 0
1183 1 296417 1351
1184 1 1172864 5412
1185 0 20408424 0
1186 1 1442877 6649
1187 0 20172642 0
1188 0 19428535 0
1189 0 20332468 0
1190 1 1352632 7082
1191 1 1391698 6451
1192 0 19314289 0
1193 0 21876591 0
1194 0 16267277 0
1195 0 15244718 0
1196 1 1053370 4870
1197 1 1508296 6965
1198 0 15303858 0
1199 0 20394169 0
0 0 19833189 0
1 0 18928645 0
2 0 19824123 0
3 1 547985 2496
4 1 1643664 7605
5 1 1638423 7569
6 0 19378952 0
7 0 20078700 0
8 1 1314513 6042
9 0 15319206 0
10 1 1383660 6393
11 0 18912237 0
12 1 1128088 5893
13 0 19728707 0
14 1 1141210 5255
15 1 1267970 5843
16 0 20356965 0
17 0 19658702 0
18 1 1675261 7711
19 1 1417487 6538
20 0 19598511 0
21 0 15983117 0
22 0 18530371 0
23 1 1938480 8919
24 0 20263980 0
25 1 1276037 5843
26 1 2035289 9353
27 0 18990693 0
28 1 1408114 6485
29 0 19500117 0
30 1 1852526 8558
31 1 1713345 7917
32 1 1523843 7029
33 1 1263206 5837
34 1 1398594 6473
35 1 1573267 7282
36 0 19497396 0
37 1 1549125 7147
38 1 1252506 5773
39 0 19791714 0
40 1 1078420 4950
41 0 18981810 0
42 0 15976827 0
43 1 1486993 7800
44 0 18883488 0
45 0 19442158 0
46 0 19649924 0
47 0 20864408 0
48 0 15646515 0
49 1 1423617 6564
50 0 20377759 0
51 1 2701722 12466
52 1 1139575 5182
53 1 1112063 5148
54 0 21201239 0
55 0 18863308 0
56 0 19516624 0
57 1 2302381 10602
58 1 2433314 11224
59 1 1205036 5575
60 0 19403984 0
61 1 257338 1148
62 1 1729137 7984
63 0 19631204 0
64 0 19311239 0
65 0 15663411 0
66 1 1383818 7253
67 0 18849896 0
68 1 1152222 5295
69 0 22260080 0
70 0 20523159 0
71 0 22012414 0
72 0 20310247 0
73 0 21278848 0
74 1 1270110 5844
75 1 1213414 5612
76 1 1630809 7553
77 0 18993171 0
78 0 20125524 0
79 0 19051856 0
80 0 19051132 0
81 1 2300001 10673
82 0 18793627 0
83 1 1208629 6318
84 0 21425275 0
85 0 15732163 0
86 0 15564288 0
87 0 19031657 0
88 0 22517130 0
89 0 20432805 0
90 1 1282055 6727
91 1 1559124 7203
92 0 18756608 0
93 0 19591805 0
94 0 19637602 0
95 1 1556391 7143
96 0 22670294 0
97 1 2354581 10857
98 0 21331745 0
99 0 22088094 0
100 1 1389240 7273
101 0 22852991 0
102 1 1556379 8182
103 1 633599 2926
104 0 15666910 0
105 0 19063910 0
106 0 19140244 0
107 0 19003935 0
108 1 1216852 5574
109 1 1239474 5709
110 0 19481835 0
111 1 543866 2824
112 1 3618376 16562
113 1 1329079 6122
114 1 1106878 5079
115 0 22078090 0
116 0 15590560 0
117 0 22310080 0
118 0 22342196 0
119 0 22840480 0
120 0 15620136 0
121 1 1208823 5543
122 0 19449423 0
123 0 20385617 0
124 0 20688517 0
125 1 1216178 5581
126 1 846321 4421
127 1 1003936 4575
128 1 1668199 7694
129 0 19256455 0
130 1 1022927 4675
131 0 22025664 0
132 1 1127125 5151
133 1 1545332 7113
134 0 21107929 0
135 0 22397524 0
136 0 22879911 0
137 0 22887527 0
138 1 710102 3256
139 1 1926848 8852
140 0 19990121 0
141 1 1063578 4897
142 1 1773687 8200
143 0 19266417 0
144 1 2516962 11648
145 0 19300384 0
146 0 15385344 0
147 0 23036653 0
148 0 19620931 0
149 0 19621638 0
150 0 15687895 0
151 1 1420266 6547
152 1 2031701 9370
153 1 1968205 9092
154 1 55385 222
155 0 18805816 0
156 1 2147600 9903
157 1 1408990 6524
158 0 19789797 0
159 0 18676385 0
160 1 524500 2349
161 0 22339835 0
162 1 858440 3915
163 1 1120400 5157
164 1 1524374 7030
165 0 19886233 0
166 1 1367758 6280
167 1 3481512 15964
168 1 425676 1956
169 1 1240274 5721
170 0 21811326 0
171 0 21135218 0
172 0 15568421 0
173 0 22126515 0
174 1 1477846 7719
175 1 1208313 5530
176 1 1212405 6382
177 0 19584735 0
178 0 15400890 0
179 1 1595735 7333
180 0 18690851 0
181 0 19256379 0
182 0 18641406 0
183 0 21812001 0
184 0 15626405 0
185 0 20074937 0
186 0 20109017 0
187 1 1709824 7848
188 0 19496048 0
189 0 21693321 0
190 1 1532000 8056
191 0 19738983 0
192 1 1633035 7472
193 0 20032680 0
194 1 1396440 6403
195 1 1477633 6796
196 1 2013194 9292
197 0 19570963 0
198 0 19323193 0
199 0 19323548 0
200 0 20529479 0
201 1 1098241 5015
202 0 19382730 0
203 1 1666231 7657
204 1 1297674 6000
205 0 18765995 0
206 1 1434201 6599
207 0 19104396 0
208 0 19428749 0
209 0 19231687 0
210 0 18745262 0
211 1 1138903 5232
212 0 20011295 0
213 0 19383846 0
214 1 2362029 10910
215 1 2037308 9427
216 0 19102429 0
217 1 1314906 6054
218 0 15851979 0
219 0 19720241 0
220 1 670242 3038
221 0 18927239 0
222 0 20772809 0
223 1 2269811 10461
224 1 1497819 6922
225 1 1903123 8803
226 1 1606901 7445
227 0 18575140 0
228 0 19363373 0
229 0 19682569 0
230 1 1488602 6868
231 0 15947346 0
232 1 1280856 5880
233 0 18499223 0
234 1 1532278 8030
235 1 1221902 5643
236 0 22170051 0
237 0 22535317 0
238 0 15682883 0
239 0 15705800 0
240 1 1590255 7348
241 0 21316293 0
242 1 1068973 4934
243 0 19994181 0
244 0 20657848 0
245 0 18965199 0
246 1 1038976 4777
247 1 282508 1277
248 0 18748320 0
249 1 573373 2627
250 0 15819730 0
251 1 1402050 6469
252 0 19602156 0
253 1 1239423 5695
254 0 19347577 0
255 1 1279888 5904
256 1 861751 3982
257 0 19480145 0
258 1 1141863 5253
259 0 19786317 0
260 1 1339489 6172
261 1 1390152 6417
262 0 19716723 0
263 0 21416723 0
264 1 1533427 7060
265 1 439031 2026
266 0 22229184 0
267 0 21437645 0
268 0 20780299 0
269 0 20578998 0
270 0 22721280 0
271 1 881249 4044
272 0 15636503 0
273 0 21601628 0
274 1 1097968 5749
275 0 20244305 0
276 0 18982374 0
277 0 20064182 0
278 1 1325094 6085
279 1 1126009 5217
280 1 1109135 5123
281 0 19021970 0
282 0 18643218 0
283 0 20818989 0
284 1 1502204 6930
285 0 19842859 0
286 1 1357894 6267
287 0 20145961 0
288 0 19066987 0
289 0 19337498 0
290 0 19604537 0
291 0 19992318 0
292 0 18684047 0
293 0 18978122 0
294 1 1911733 10030
295 0 19359184 0
296 1 1129889 5185
297 0 19189431 0
298 0 15423291 0
299 0 20796836 0
300 1 1401961 6359
301 0 20695596 0
302 1 853593 4437
303 1 1566853 7219
304 0 22603790 0
305 1 2360957 10883
306 1 1500730 6916
307 0 20996178 0
308 0 15754889 0
309 1 1301308 5971
310 0 19106853 0
311 0 18703095 0
312 0 21843304 0
313 1 990785 4537
314 0 18729927 0
315 0 18745304 0
316 0 20987017 0
317 0 21700324 0
318 1 1123674 5178
319 0 19614477 0
320 0 19149323 0
321 0 19353516 0
322 1 1485699 6848
323 1 2653196 12252
324 0 19747268 0
325 1 1593671 7289
326 0 20175790 0
327 1 928246 4276
328 0 20020418 0
329 1 1422693 6566
330 1 1570100 7249
331 1 1332705 6169
332 0 18660453 0
333 1 712543 3246
334 0 19040589 0
335 0 19259603 0
336 1 1149765 6029
337 1 1420525 6542
338 0 15347850 0
339 0 20238306 0
340 1 1166829 5342
341 1 1128171 5198
342 0 19309399 0
343 0 15261594 0
344 0 19411825 0
345 1 2041145 9394
346 0 22240774 0
347 0 19898355 0
348 1 1201507 5508
349 0 21523168 0
350 0 15330425 0
351 1 1594138 7368
352 1 948000 4386
353 1 1095416 5064
354 0 18409257 0
355 0 20092720 0
356 0 19873937 0
357 1 1564723 7244
358 0 20298343 0
359 0 18776271 0
360 0 15672854 0
361 0 19246292 0
362 1 1401453 6469
363 1 1222974 5660
364 1 614089 2821
365 1 892128 4130
366 0 20062081 0
367 1 3355983 15604
368 1 303015 1362
369 1 1205199 6346
370 1 2775711 12854
371 0 21906914 0
372 0 22590076 0
373 0 21768463 0
374 1 1448417 6684
375 1 1027353 4733
376 1 42864 171
377 0 21228757 0
378 0 15420754 0
379 1 911185 4193
380 0 19566908 0
381 0 20468345 0
382 0 21092355 0
383 0 20327607 0
384 0 15470463 0
385 1 824722 3781
386 1 1469166 6776
387 1 1275318 5870
388 1 946695 4369
389 0 20828814 0
390 1 1930478 8897
391 1 1519115 6986
392 1 1648801 7468
393 0 18432006 0
394 0 19261317 0
395 0 15663812 0
396 1 2792604 12904
397 0 22296101 0
398 1 1250605 5748
399 0 22637826 0
400 1 1164619 5309
401 1 1463429 6727
402 0 22054520 0
403 0 22868287 0
404 0 15644758 0
405 1 174862 739
406 1 2375189 10902
407 1 1492375 6806
408 0 20394361 0
409 0 20024179 0
410 1 1608346 8419
411 1 1332100 6146
412 0 20316818 0
413 0 22394824 0
414 0 15838454 0
415 0 21672865 0
416 0 20806364 0
417 1 1673301 7715
418 0 19609610 0
419 1 1245619 5757
420 0 19896339 0
421 1 377855 1723
422 0 18737960 0
423 1 1346786 6203
424 1 1560471 7224
425 1 1139490 5273
426 0 18833626 0
427 0 19309781 0
428 1 1711013 7908
429 0 15646167 0
430 1 1942357 8976
431 1 1179103 5424
432 1 1650383 7617
433 1 979328 4500
434 1 1727118 7983
435 1 2125897 9847
436 1 1257283 5821
437 0 22322614 0
438 0 22059191 0
439 0 20856765 0
440 0 15563762 0
441 0 19651773 0
442 0 15585602 0
443 0 19189459 0
444 1 1199065 5486
445 0 19417813 0
446 0 18979984 0
447 0 18784402 0
448 1 1905609 8824
449 0 20090794 0
450 0 18950849 0
451 1 1096026 5038
452 0 22696142 0
453 1 1219311 5592
454 0 15620397 0
455 0 19895144 0
456 1 1542914 7107
457 1 1256199 5809
458 0 19470345 0
459 0 15291677 0
460 0 19242836 0
461 0 22206990 0
462 0 20970863 0
463 1 1671636 7722
464 1 665142 3059
465 0 16179165 0
466 0 19771666 0
467 0 19163524 0
468 1 1120967 5857
469 1 1665946 7705
470 0 19631722 0
471 1 779485 3582
472 1 1690491 7832
473 1 2491852 11538
474 0 20896589 0
475 1 3100037 14328
476 1 1570922 7261
477 1 742442 3420
478 0 20342538 0
479 0 22176713 0
480 1 2060834 9512
481 1 1628990 7541
482 0 21032841 0
483 1 779526 4054
484 1 2120071 9778
485 0 19181380 0
486 0 21567465 0
487 1 1205788 6212
488 0 20626189 0
489 0 19264659 0
490 0 20790104 0
491 1 1408690 6496
492 0 20413363 0
493 0 18846928 0
494 0 15721956 0
495 0 19310181 0
496 1 1803060 8276
497 0 21926393 0
498 0 20029847 0
499 1 977536 4506
500 0 19743711 0
501 1 1093648 5703
502 0 19645233 0
503 0 15543542 0
504 0 19032860 0
505 1 3005730 13944
506 0 22582133 0
507 0 15725602 0
508 0 15617473 0
509 0 19215574 0
510 0 21617172 0
511 1 2095226 9708
512 1 1160566 5362
513 0 16116211 0
514 1 1521228 6997
515 0 19769176 0
516 0 21466159 0
517 1 2579805 11959
518 0 15987956 0
519 1 860182 3975
520 0 20330403 0
521 0 18641452 0
522 0 19239963 0
523 0 18841594 0
524 0 19402557 0
525 0 19310331 0
526 0 18817831 0
527 1 978780 4492
528 1 1506728 6973
529 1 2119053 9802
530 0 15386170 0
531 1 1474301 6777
532 0 19442326 0
533 0 19123226 0
534 0 18858628 0
535 0 19679682 0
536 0 18926701 0
537 1 2468536 11434
538 1 1260517 5843
539 1 1527789 7046
540 0 18961232 0
541 0 21429508 0
542 1 1166849 5382
543 0 18862470 0
544 1 1223897 5644
545 0 18985364 0
546 1 1371432 6307
547 1 1238926 5711
548 0 18934580 0
549 0 19058587 0
550 0 21456715 0
551 0 21849980 0
552 1 875688 4007
553 1 3417315 15785
554 1 1587176 7336
555 1 1305080 6039
556 0 19792161 0
557 0 21789558 0
558 1 2156812 9944
559 1 1423534 6596
560 0 19421673 0
561 0 20986389 0
562 0 15964241 0
563 0 18854910 0
564 0 20716183 0
565 0 19755210 0
566 1 1487256 7754
567 1 1823400 8418
568 0 19939530 0
569 0 19619225 0
570 0 19941467 0
571 0 19427050 0
572 1 1047181 5478
573 0 19165312 0
574 0 20353292 0
575 1 1428777 6547
576 1 1728622 7977
577 0 19157157 0
578 0 20503981 0
579 0 18938016 0
580 1 2327816 10764
581 1 1753522 8124
582 1 1616650 7448
583 0 19010576 0
584 1 2141747 9906
585 0 21223532 0
586 0 19542952 0
587 0 22349763 0
588 0 20264085 0
589 1 1585576 7325
590 1 846257 3885
591 0 19418026 0
592 1 1836521 8457
593 1 2070325 9588
594 1 1428657 6604
595 0 19120428 0
596 1 11175 26
597 1 1240186 5719
598 1 1571158 7287
599 0 19471440 0
600 1 1424181 7461
601 0 19306418 0
602 0 18805894 0
603 1 2566750 11830
604 0 15600926 0
605 0 18872774 0
606 1 1200497 5529
607 1 1630932 7546
608 0 18761701 0
609 0 18990079 0
610 0 19995682 0
611 1 1134491 5219
612 0 20211212 0
613 0 19585929 0
614 0 19137818 0
615 0 15216445 0
616 0 19294725 0
617 1 1249134 6524
618 0 20478550 0
619 0 19682358 0
620 1 1460517 6744
621 0 20914915 0
622 0 15617791 0
623 0 19159835 0
624 0 21678146 0
625 0 19956529 0
626 0 15630035 0
627 1 1111478 5119
628 0 19689641 0
629 0 21223528 0
630 0 15610153 0
631 1 1136938 5229
632 0 19044668 0
633 0 20819176 0
634 0 19953813 0
635 1 1958251 9065
636 1 555142 2562
637 1 1452914 6722
638 0 19280496 0
639 0 18940020 0
640 0 22245369 0
641 0 20504910 0
642 1 1213560 6352
643 0 22381621 0
644 0 20227672 0
645 1 325774 1464
646 1 1434279 6648
647 0 20114084 0
648 1 1285062 6733
649 1 661933 3049
650 1 1426723 6558
651 1 1480758 6862
652 1 1184229 5469
653 0 20379471 0
654 1 1216672 5591
655 0 19885894 0
656 0 22438359 0
657 1 1070368 4943
658 1 1295214 5985
659 0 15727625 0
660 0 15548406 0
661 0 22695450 0
662 0 15425465 0
663 0 22030829 0
664 0 22511324 0
665 1 1239678 5707
666 1 823353 3801
667 0 22231245 0
668 1 1127769 5200
669 0 22214969 0
670 0 20042261 0
671 1 1245617 5682
672 1 184028 837
673 0 18965720 0
674 1 1075203 4968
675 0 20660218 0
676 1 811152 4230
677 1 2101109 9700
678 0 15559162 0
679 1 1790291 8279
680 0 19581710 0
681 0 19086376 0
682 1 1336786 6146
683 1 2355899 10904
684 0 18666033 0
685 1 1952531 8987
686 1 872620 4024
687 0 19460211 0
688 1 1142562 5278
689 0 20600637 0
690 0 19685282 0
691 0 19507522 0
692 0 15636274 0
693 1 1735645 8009
694 1 2124326 9839
695 0 20401269 0
696 1 417485 1890
697 0 19286995 0
698 0 15705394 0
699 1 1446345 6689
700 0 15688810 0
701 1 460206 2088
702 1 1271336 5875
703 1 1877575 8681
704 1 1380522 6388
705 1 1705681 7896
706 1 1437845 6657
707 1 1978180 9133
708 0 19283424 0
709 1 1232391 5675
710 0 21979942 0
711 1 1612835 7458
712 0 15506175 0
713 0 19431818 0
714 0 15591843 0
715 0 19691070 0
716 1 1412601 7400
717 0 19530146 0
718 0 19051346 0
719 0 19700418 0
720 1 1588883 7313
721 0 16998498 0
722 1 2533125 11709
723 1 1863232 8637
724 0 19513103 0
725 0 22360249 0
726 0 15714459 0
727 1 907693 4174
728 0 19278921 0
729 0 19475269 0
730 1 1885944 8682
731 1 1360790 6256
732 1 1172762 5417
733 1 998112 4615
734 0 20982306 0
735 0 20223316 0
736 1 1748938 8069
737 0 20188594 0
738 1 1470584 6786
739 0 19375867 0
740 1 1366672 6285
741 1 1858053 8600
742 1 1395668 7324
743 1 2677886 12371
744 0 19379244 0
745 1 1736531 8015
746 1 1046955 4844
747 1 1982609 9170
748 0 19476663 0
749 0 19528560 0
750 0 15761762 0
751 1 1909287 8812
752 0 20065884 0
753 0 20157338 0
754 0 21824215 0
755 1 1470917 6784
756 1 493655 2277
757 0 22792865 0
758 1 1565581 7239
759 1 2384758 11035
760 0 22028908 0
761 0 20736090 0
762 1 2891928 13359
763 0 15700811 0
764 0 19517054 0
765 0 19718026 0
766 1 1570292 7191
767 0 19566504 0
768 1 2838313 13024
769 1 1514305 6983
770 0 20961361 0
771 1 1624734 7454
772 1 1394570 6420
773 1 1592033 7337
774 1 1324602 6973
775 0 19598496 0
776 1 1497479 7874
777 0 20432204 0
778 0 19073276 0
779 0 22221102 0
780 1 1465319 6714
781 1 294619 1338
782 0 18534547 0
783 1 1523652 6991
784 0 22197811 0
785 0 22330843 0
786 1 1288870 6767
787 0 19392522 0
788 0 18707428 0
789 0 19293905 0
790 1 993072 5168
791 1 1664091 7627
792 0 22631198 0
793 1 994187 4553
794 1 3111015 14347
795 1 1484225 6833
796 0 22467396 0
797 1 1643068 7560
798 1 3054872 13955
799 1 1250974 5753
800 0 20030521 0
801 0 22255689 0
802 1 321198 1452
803 0 20470561 0
804 1 980532 5152
805 1 1371017 6347
806 0 19177775 0
807 0 18521146 0
808 1 1676475 7708
809 1 1475193 6698
810 1 1514372 6908
811 0 19891570 0
812 1 1660964 8720
813 0 18639551 0
814 0 22748652 0
815 0 20749799 0
816 0 15462698 0
817 0 19747997 0
818 1 2128246 9758
819 0 20096225 0
820 0 15340077 0
821 1 1046799 5465
822 1 2174838 10081
823 1 1218145 5627
824 0 19589578 0
825 1 1154156 5316
826 0 15567985 0
827 0 20523888 0
828 1 1590629 7266
829 0 18493330 0
830 0 19640510 0
831 0 20155106 0
832 1 1026066 4656
833 1 2454642 11386
834 0 19918496 0
835 0 15459983 0
836 1 1694757 7833
837 1 1493803 6843
838 0 18883622 0
839 1 2061443 9493
840 1 1229493 6471
841 0 18791724 0
842 0 19851094 0
843 0 19652802 0
844 0 20677840 0
845 1 1302545 5994
846 1 1184387 5473
847 0 19379408 0
848 1 1729419 7989
849 1 1729422 7994
850 0 18957775 0
851 0 18812653 0
852 1 1656734 7650
853 0 19420924 0
854 0 19140166 0
855 1 1715087 7911
856 0 19085249 0
857 0 21910090 0
858 1 1201724 6275
859 1 1154940 5328
860 0 19485084 0
861 1 1119395 5145
862 1 2069129 9553
863 1 1707837 7905
864 1 1431346 6595
865 0 18948594 0
866 0 15662745 0
867 0 18955454 0
868 1 1675724 7724
869 1 302797 1561
870 1 1711791 7908
871 0 21849938 0
872 0 20391539 0
873 0 21929486 0
874 1 1605607 7420
875 1 1389346 6436
876 1 1280156 5860
877 1 1015720 4699
878 0 20287899 0
879 0 19896887 0
880 0 19064422 0
881 1 2234999 10311
882 0 19436444 0
883 0 18801024 0
884 1 998309 5203
885 1 1361120 6292
886 0 20967439 0
887 0 19797284 0
888 0 15480111 0
889 1 1395146 6401
890 0 22569028 0
891 0 19878380 0
892 1 729863 3771
893 1 1089671 5027
894 0 19329918 0
895 0 15396382 0
896 0 19166033 0
897 1 781385 3575
898 0 15896993 0
899 1 1109353 5089
900 0 20973121 0
901 0 15424768 0
902 1 981644 4440
903 1 2873367 13286
904 0 20767704 0
905 0 22215380 0
906 0 20918134 0
907 1 1314959 6029
908 1 1287222 5839
909 1 1259324 5774
910 0 19395632 0
911 0 19433397 0
912 1 724407 3762
913 0 22509726 0
914 1 1126446 5167
915 0 18774289 0
916 1 1373596 6291
917 1 1044348 4803
918 1 1380384 6342
919 0 20017899 0
920 0 22150918 0
921 0 22383298 0
922 1 1115680 5052
923 0 20109045 0
924 1 1181447 5421
925 1 988328 5046
926 1 1028767 4671
927 0 19922981 0
928 0 20041163 0
929 1 1570424 7255
930 1 1341325 7034
931 1 2153795 9960
932 1 1342175 7052
933 1 5864 11
934 1 1110145 5128
935 0 19538280 0
936 0 21182010 0
937 0 19318084 0
938 0 19668988 0
939 1 971213 4472
940 1 1334709 7022
941 0 22418547 0
942 1 2129839 9840
943 1 1823624 8401
944 0 19766996 0
945 0 20433874 0
946 1 1234664 5681
947 1 1335730 6185
948 1 1970949 9106
949 0 19215279 0
950 1 1316265 6881
951 0 21289220 0
952 1 1377616 6360
953 1 1191109 5442
954 0 19556166 0
955 0 19132681 0
956 0 19313502 0
957 1 1233396 5689
958 1 1048210 5495
959 1 635877 2931
960 1 572110 2635
961 1 1181930 5470
962 1 1597262 7383
963 0 18999799 0
964 1 1472785 6801
965 0 22013834 0
966 0 21455999 0
967 0 20098421 0
968 0 19173018 0
969 1 2010905 9253
970 1 1521523 7040
971 0 20313029 0
972 0 18726648 0
973 1 1567460 7126
974 1 1532789 8077
975 0 19584170 0
976 1 1063351 5531
977 1 1230621 6449
978 1 1059184 4822
979 0 19223611 0
980 1 397057 1792
981 0 21151923 0
982 0 20045245 0
983 0 19819179 0
984 1 1569391 7816
985 1 2008363 9243
986 1 1240486 5705
987 0 21504595 0
988 0 15664533 0
989 0 21587024 0
990 0 22458990 0
991 1 1001673 4600
992 1 1166043 5343
993 1 1080115 4978
994 0 15557614 0
995 1 1463371 6722
996 1 1711586 9006
997 0 22674409 0
998 1 1659348 7613
999 0 19280857 0
1000 1 1051403 5476
1001 1 2176741 10052
1002 1 2543938 11725
1003 0 21152808 0
1004 1 2364653 10852
1005 0 22693142 0
1006 1 1470307 6766
1007 0 21496539 0
1008 0 20107910 0
1009 1 746694 3393
1010 1 1404744 7399
1011 0 15421346 0
1012 1 1097155 5032
1013 1 2167729 9994
1014 1 1071973 4921
1015 0 20027870 0
1016 0 18701465 0
1017 0 15427138 0
1018 0 19699926 0
1019 0 15480616 0
1020 0 19093709 0
1021 0 22107090 0
1022 1 1450729 6663
1023 0 22224896 0
1024 0 15407073 0
1025 1 1935681 8901
1026 1 928926 4254
1027 1 1719976 7904
1028 0 19357628 0
1029 1 2131306 9800
1030 1 879853 4033
1031 0 20013740 0
1032 0 15772220 0
1033 1 1799350 8279
1034 0 19456571 0
1035 0 19607087 0
1036 1 1036576 4731
1037 0 20134560 0
1038 0 15702656 0
1039 1 969044 4415
1040 0 15757515 0
1041 1 1428047 6556
1042 1 708985 3262
1043 0 19183156 0
1044 0 21549568 0
1045 1 1252366 5744
1046 0 19593113 0
1047 1 1237599 6486
1048 1 1403371 6445
1049 0 19742172 0
1050 0 15506566 0
1051 1 1590096 7260
1052 0 20655516 0
1053 1 1080472 4940
1054 0 15715178 0
1055 0 19262554 0
1056 1 3163037 14455
1057 1 2528764 11742
1058 0 19924201 0
1059 1 1116317 5146
1060 0 19016530 0
1061 0 21699547 0
1062 0 19851879 0
1063 1 1537949 7076
1064 1 2440610 11255
1065 0 19510242 0
1066 1 1155659 5331
1067 0 20707031 0
1068 0 15400039 0
1069 0 15636784 0
1070 0 15625821 0
1071 1 1635681 7554
1072 0 19496485 0
1073 0 19507530 0
1074 1 2704352 12464
1075 0 19518468 0
1076 1 1301998 5935
1077 1 2476968 11452
1078 0 18649453 0
1079 0 19550728 0
1080 0 21973536 0
1081 1 846151 3880
1082 0 19498496 0
1083 1 501077 2275
1084 0 19914423 0
1085 0 20176761 0
1086 1 1496118 6914
1087 1 710570 3723
1088 0 19543022 0
1089 0 19735404 0
1090 0 19531218 0
1091 1 869138 4014
1092 0 18901552 0
1093 0 20857704 0
1094 1 1188970 5495
1095 1 1315887 6024
1096 1 1010043 4656
1097 0 20802055 0
1098 0 21094830 0
1099 1 1479655 6832
1100 0 19007710 0
1101 1 1278358 5894
1102 1 1481734 7786
1103 0 22201532 0
1104 1 506817 2319
1105 1 1513637 6982
1106 0 19335377 0
1107 0 20603637 0
1108 0 15640966 0
1109 0 19515226 0
1110 0 15591685 0
1111 1 1767678 8173
1112 1 98703 433
1113 0 21937131 0
1114 0 19259158 0
1115 0 15491061 0
1116 0 19816720 0
1117 0 16832620 0
1118 0 20885494 0
1119 0 19427045 0
1120 0 15364112 0
1121 1 1516403 7000
1122 1 1397710 6463
1123 0 19741075 0
1124 0 15648226 0
1125 0 18192678 0
1126 0 19422811 0
1127 1 724272 3311
1128 1 1221309 6422
1129 0 19244940 0
1130 0 15968737 0
1131 0 18812585 0
1132 0 15782020 0
1133 0 19681426 0
1134 1 1816269 8381
1135 0 18888876 0
1136 1 1209201 5517
1137 1 1403185 6480
1138 1 857469 3854
1139 1 64246 273
1140 1 1347136 7067
1141 1 1602429 7421
1142 1 1451736 6719
1143 1 1479928 6866
1144 1 1254352 5796
1145 1 2524202 11692
1146 0 19626602 0
1147 1 1285715 5942
1148 1 1474599 6832
1149 1 984889 4549
1150 0 15560479 0
1151 1 1530120 7057
1152 1 1772283 9336
1153 1 1206595 5584
1154 1 306130 1396
1155 0 20556561 0
1156 1 1625741 7494
1157 1 796851 3688
1158 0 19094010 0
1159 0 18906893 0
1160 1 861031 4478
1161 1 1554991 7194
1162 1 569929 2994
1163 1 1503875 6951
1164 0 19174339 0
1165 0 20989940 0
1166 1 1310859 6006
1167 1 1688565 7768
1168 1 2114793 9762
1169 0 19346027 0
1170 1 1134501 5207
1171 0 19530120 0
1172 1 703620 3198
1173 0 19562064 0
1174 1 1365383 6297
1175 0 20798273 0
1176 0 19939574 0
1177 0 20669231 0
1178 1 1801069 8314
1179 1 1332292 6165
1180 0 15860102 0
1181 0 20399283 0
1182 0 20542423 0
1183 1 489430 2236
1184 0 21197167 0
1185 1 959464 4391
1186 1 1644404 7591
1187 1 2074812 9595
1188 1 1198057 5535
1189 1 1397736 6467
1190 0 20978989 0
1191 1 1793379 8277
1192 0 19325937 0
1193 0 19644516 0
1194 0 20101782 0
1195 0 18707716 0
1196 0 15609176 0
1197 0 19395819 0
1198 0 19293781 0
1199 0 18616497 0
