0 0 15728095 0
1 1 1477791 6840
2 1 1696794 8938
3 0 19817565 0
4 1 1525077 7061
5 0 15497242 0
6 0 19860487 0
7 1 2025931 9393
8 1 1411266 6534
9 1 1240507 6518
10 0 18505061 0
11 1 1545408 8090
12 0 20168175 0
13 0 22999138 0
14 1 2167353 9991
15 0 20043938 0
16 0 20833679 0
17 1 3128956 14386
18 1 933848 4273
19 1 1688297 7785
20 0 22756807 0
21 1 3203703 14869
22 1 1389965 6395
23 1 1677447 7730
24 0 21747115 0
25 1 3366907 15567
26 0 20429814 0
27 1 1356418 6229
28 1 2144693 9868
29 0 20048752 0
30 0 21920360 0
31 0 21435941 0
32 0 20161582 0
33 1 146057 627
34 1 1580906 7281
35 1 1665101 7678
36 1 1095632 5042
37 0 20990242 0
38 1 3073129 14076
39 0 22616192 0
40 1 1693411 7749
41 0 19983853 0
42 0 21007822 0
43 0 21339247 0
44 0 15570735 0
45 0 15578163 0
46 1 1422909 6545
47 1 928465 4211
48 1 1708132 7890
49 1 1432482 6599
50 1 1760697 8134
51 0 19098380 0
52 0 19067084 0
53 1 1767116 8162
54 1 1733102 8021
55 0 21276349 0
56 1 1381509 6359
57 1 1880710 8711
58 0 19795661 0
59 1 1544243 7152
60 1 1279290 5930
61 1 1005924 4639
62 0 21530042 0
63 0 15644689 0
64 1 364797 1663
65 0 19298475 0
66 0 20804522 0
67 0 20475727 0
68 1 106674 469
69 0 22313771 0
70 1 2105969 9751
71 0 20198618 0
72 0 21159640 0
73 1 955221 5008
74 1 2152141 9968
75 1 517643 2364
76 0 21084448 0
77 0 18575148 0
78 0 15713578 0
79 0 20421039 0
80 1 1637707 7524
81 1 1383702 6418
82 0 21175760 0
83 0 15442780 0
84 1 1404271 6489
85 0 20520896 0
86 0 19893320 0
87 1 1556662 8095
88 1 1334791 6181
89 0 20424291 0
90 0 15680458 0
91 1 1634207 7575
92 0 15175138 0
93 1 1616022 7474
94 0 19441050 0
95 1 1259115 5824
96 1 1648173 7639
97 1 1517532 7024
98 1 1142516 5290
99 0 15472929 0
100 0 18570963 0
101 0 19171337 0
102 1 1437453 7512
103 1 986298 4557
104 1 19930 66
105 1 793415 3652
106 0 20100640 0
107 1 1471731 6812
108 0 19445162 0
109 0 16108813 0
110 1 1565427 7245
111 0 20221066 0
112 1 1464856 7617
113 0 15537473 0
114 1 863204 3946
115 1 1081456 5008
116 0 18352463 0
117 0 19203070 0
118 1 1192161 6239
119 1 2163953 10002
120 0 18972352 0
121 0 18519442 0
122 1 1519626 7013
123 0 19909316 0
124 1 747070 3413
125 0 18746552 0
126 1 1293641 6779
127 1 1306331 6021
128 1 1256374 5791
129 0 19254991 0
130 1 997657 4583
131 0 19733985 0
132 0 19914767 0
133 0 19428838 0
134 1 1895556 8778
135 0 21301434 0
136 0 15538308 0
137 0 20368255 0
138 0 20253757 0
139 0 19567105 0
140 0 19319366 0
141 0 17080819 0
142 1 737785 3841
143 1 1613276 7442
144 0 19671153 0
145 1 1413293 6495
146 0 19112323 0
147 1 1580662 7269
148 1 2123287 9801
149 1 1540323 7065
150 1 2717673 12424
151 1 1347211 6207
152 1 1439548 6616
153 0 19465089 0
154 0 15613763 0
155 0 18772673 0
156 1 2280205 10529
157 0 19774752 0
158 0 18945938 0
159 1 1601855 7410
160 0 19256280 0
161 0 19990386 0
162 1 1556973 7231
163 0 18995832 0
164 1 1717901 7935
165 0 19805882 0
166 0 19723449 0
167 1 1102626 5096
168 1 2308462 10684
169 0 22469800 0
170 1 909038 4186
171 1 933705 4306
172 1 1497190 6921
173 0 19680286 0
174 0 20823703 0
175 1 1564898 7245
176 0 19838812 0
177 0 18834074 0
178 0 15385363 0
179 0 18376623 0
180 1 1727317 9066
181 0 21348281 0
182 1 1555264 8150
183 1 1157404 5340
184 0 21825351 0
185 0 18885529 0
186 0 19304430 0
187 1 1497818 6939
188 1 1296220 6010
189 0 22050825 0
190 1 1693017 8885
191 0 22017329 0
192 1 2894636 13350
193 1 1601417 7430
194 0 19857883 0
195 0 19200995 0
196 1 1140018 5255
197 1 885254 4094
198 0 21725204 0
199 1 804255 3700
200 1 2097763 9710
201 0 22452648 0
202 0 20947083 0
203 0 20590484 0
204 0 15301042 0
205 1 2084358 9648
206 1 1404507 7379
207 1 1316797 6085
208 1 1395429 6461
209 1 1153424 5345
210 0 18911990 0
211 0 21150849 0
212 0 19439165 0
213 0 19164591 0
214 1 1722088 7972
215 1 1675712 7762
216 0 15328011 0
217 1 1247699 5751
218 0 19711274 0
219 0 22190512 0
220 0 20000902 0
221 1 1933790 8951
222 1 1542173 7129
223 0 19164092 0
224 1 382500 1728
225 0 19397318 0
226 1 2867718 13208
227 1 1131705 5196
228 0 19120109 0
229 1 1358606 6270
230 1 1582292 7329
231 0 19314662 0
232 0 18626707 0
233 1 1224925 5652
234 0 19548203 0
235 0 20548355 0
236 1 1425330 6612
237 0 19303989 0
238 1 1476383 6837
239 1 1473581 6822
240 1 1187160 5507
241 1 1698811 7869
242 0 19501983 0
243 0 19289664 0
244 1 887219 4637
245 0 20632347 0
246 0 18896239 0
247 0 15251694 0
248 0 22228176 0
249 0 21503319 0
250 1 1738798 8051
251 0 19508535 0
252 1 1749217 8097
253 0 19504908 0
254 0 21342719 0
255 1 2332481 10812
256 0 19346216 0
257 1 1769305 8179
258 0 15522860 0
259 1 2684403 12459
260 1 1302484 6038
261 0 20015386 0
262 0 19165289 0
263 1 2055161 9493
264 1 1560493 7204
265 0 20099002 0
266 1 1711937 9005
267 1 754438 3490
268 1 1301079 6024
269 0 19018106 0
270 0 21330150 0
271 1 1384862 6393
272 1 1434157 7559
273 0 19516778 0
274 0 18720449 0
275 0 15610243 0
276 0 19259060 0
277 1 2545053 11768
278 0 22382213 0
279 0 21274570 0
280 0 15535546 0
281 0 19439826 0
282 0 21716688 0
283 1 1739236 8036
284 1 1656689 7681
285 0 19994758 0
286 0 15654545 0
287 0 15298926 0
288 1 1572111 8281
289 0 21559250 0
290 0 15613175 0
291 0 15544285 0
292 1 1280038 5936
293 1 1282760 5931
294 0 19571487 0
295 0 18419640 0
296 1 1370622 7185
297 0 19802114 0
298 1 1815301 9562
299 0 19957985 0
300 0 19108224 0
301 0 19241593 0
302 0 22292655 0
303 0 15618816 0
304 0 18953074 0
305 1 1580042 6684
306 0 20452001 0
307 1 751159 3456
308 1 1480951 6832
309 1 1102927 5073
310 0 18304316 0
311 1 1102299 5066
312 0 22457763 0
313 0 16046997 0
314 0 19333304 0
315 1 1416940 6512
316 1 1451342 6685
317 1 2006953 9254
318 0 19756075 0
319 1 1862735 8629
320 0 19503367 0
321 0 15821718 0
322 1 1153949 5345
323 0 19602116 0
324 1 2512511 11543
325 1 1434488 6598
326 0 19781914 0
327 0 21204276 0
328 0 20209343 0
329 1 28620 90
330 0 20325537 0
331 1 1623973 7480
332 1 649858 2984
333 0 19380934 0
334 1 1495733 7839
335 0 22425292 0
336 1 1400212 7349
337 0 18986173 0
338 0 19791993 0
339 0 15415176 0
340 0 19507887 0
341 0 20118722 0
342 0 15648414 0
343 0 19942602 0
344 1 1420688 6584
345 1 1861463 9813
346 0 19698011 0
347 0 19496867 0
348 1 1274543 6634
349 0 18383341 0
350 1 1086342 5665
351 0 21662601 0
352 1 1642808 7586
353 1 1308632 6892
354 0 20508888 0
355 0 19401099 0
356 0 20201991 0
357 1 2926449 13300
358 1 1961441 9095
359 1 1059699 4903
360 0 19195749 0
361 0 19984470 0
362 1 1451317 6695
363 0 19423053 0
364 0 20669609 0
365 0 19877187 0
366 1 2159671 10012
367 1 2019943 9363
368 1 1433265 6618
369 0 19767924 0
370 0 19633118 0
371 0 18519456 0
372 1 1337948 6173
373 0 22317125 0
374 0 15370704 0
375 0 19854867 0
376 0 19538403 0
377 1 1578447 7284
378 0 18810358 0
379 0 20496565 0
380 0 21310216 0
381 1 1026592 4708
382 0 21033450 0
383 1 911430 4203
384 1 1069561 4950
385 1 1546328 7170
386 0 20620631 0
387 0 19623527 0
388 1 1204663 5542
389 1 909500 4197
390 1 949102 4381
391 0 18830193 0
392 1 2013867 9327
393 0 19923477 0
394 0 18802523 0
395 0 19508418 0
396 1 813204 3737
397 0 20536897 0
398 1 1625982 7486
399 1 1997452 9249
400 0 15578217 0
401 0 19075450 0
402 1 1575109 7280
403 0 19058839 0
404 1 1850352 8545
405 0 18995484 0
406 1 848115 3900
407 1 1129975 5243
408 1 1973545 9131
409 0 18750342 0
410 1 1734424 8025
411 1 1613814 7479
412 1 1481347 6846
413 1 1519148 7039
414 1 1281538 5897
415 0 18695396 0
416 1 1953705 9041
417 1 2334555 10796
418 1 1719904 7951
419 0 20095638 0
420 0 19596910 0
421 0 15333193 0
422 0 20298991 0
423 0 15485514 0
424 1 1523080 8005
425 0 20270127 0
426 1 1322307 6063
427 1 1260241 5831
428 0 19565711 0
429 1 437052 1983
430 1 701254 3240
431 1 1319525 6112
432 0 18890069 0
433 1 1322651 6113
434 1 1563466 7253
435 0 19500169 0
436 1 1480346 6841
437 1 1631062 7509
438 0 20824595 0
439 1 912237 4172
440 0 20081550 0
441 1 2101138 9735
442 1 1666722 7731
443 1 1244779 5765
444 0 22712651 0
445 1 1342251 7054
446 1 1204170 5550
447 0 20603108 0
448 1 981478 4495
449 1 1719806 7975
450 1 1713209 7947
451 1 2103300 9763
452 1 993346 4579
453 0 20447165 0
454 0 19409683 0
455 0 18870869 0
456 0 15582360 0
457 1 1250659 5766
458 0 20340394 0
459 1 1993071 9230
460 0 19448941 0
461 1 1135429 5247
462 0 19461653 0
463 0 15161276 0
464 0 20063483 0
465 0 22146620 0
466 1 2124577 9853
467 1 2848926 13087
468 0 15467477 0
469 0 15448332 0
470 0 20213053 0
471 0 20505131 0
472 0 19382774 0
473 1 1196986 6273
474 1 1287775 5965
475 1 1348039 7074
476 1 1474387 7747
477 1 1085588 5019
478 0 18532256 0
479 0 19829021 0
480 0 15368460 0
481 0 22313172 0
482 0 15400333 0
483 0 22517375 0
484 0 22106244 0
485 1 1258026 5801
486 0 20725603 0
487 0 19525519 0
488 0 18984474 0
489 0 20417754 0
490 0 20000128 0
491 1 1552506 7180
492 0 20838874 0
493 1 1275110 5865
494 1 1603151 7374
495 1 1269867 5877
496 0 19158186 0
497 0 19535778 0
498 1 508129 2324
499 1 1368633 7203
500 1 1361244 6307
501 1 1394749 6458
502 0 19744659 0
503 1 1650978 8669
504 0 21348919 0
505 0 19527484 0
506 0 15638459 0
507 0 19347568 0
508 1 1889344 8717
509 0 18800594 0
510 0 19019186 0
511 1 1470168 6816
512 1 1128422 5225
513 0 19428363 0
514 1 1722059 7984
515 1 1734129 7974
516 1 2038678 9440
517 0 19540914 0
518 1 1216250 5619
519 0 19914846 0
520 0 20669958 0
521 0 22237741 0
522 1 1652153 7631
523 1 1237072 5716
524 1 1205071 5578
525 1 1117748 5157
526 1 1159632 5332
527 1 1536520 7095
528 1 1480939 6845
529 1 1847111 8536
530 0 22626156 0
531 0 15536804 0
532 0 20493333 0
533 0 20941540 0
534 1 1082485 5009
535 1 2146640 9898
536 0 19122477 0
537 1 1461730 7679
538 0 20508237 0
539 1 1486964 6888
540 0 19642627 0
541 0 19259673 0
542 1 1452591 7625
543 1 1307195 6070
544 1 1519615 7047
545 0 21254313 0
546 0 19843432 0
547 0 20193919 0
548 0 20422134 0
549 1 1040010 4772
550 1 1536712 7028
551 0 19045244 0
552 0 19024186 0
553 1 1390544 6400
554 0 21863915 0
555 0 19722469 0
556 1 1413718 6468
557 1 2906941 13408
558 1 2833219 13065
559 0 21126577 0
560 0 21824961 0
561 0 21645583 0
562 0 21916541 0
563 1 727246 3348
564 0 18483870 0
565 0 15727143 0
566 0 19961128 0
567 1 1209848 6351
568 1 2085366 9661
569 0 21698686 0
570 0 20455448 0
571 0 20321924 0
572 0 19338917 0
573 0 15509613 0
574 0 19313593 0
575 1 1410648 6519
576 1 729074 3371
577 1 1686677 8870
578 1 1684819 7798
579 0 18676637 0
580 0 18420372 0
581 0 20770634 0
582 0 20573339 0
583 0 15781037 0
584 1 937609 4301
585 0 20585716 0
586 0 22613715 0
587 0 15195444 0
588 0 21127207 0
589 0 19482056 0
590 0 18855006 0
591 0 22555203 0
592 0 20888630 0
593 0 15596216 0
594 0 20079298 0
595 0 19993605 0
596 1 2215309 10269
597 0 19266562 0
598 0 20572813 0
599 0 19250335 0
600 1 1237303 5704
601 1 1131300 5240
602 1 1927388 8926
603 0 18750945 0
604 1 1432355 6625
605 0 20139287 0
606 0 18133598 0
607 1 1711728 7891
608 1 760702 3520
609 0 21307467 0
610 0 22192738 0
611 0 21803955 0
612 1 1573399 7270
613 0 22094340 0
614 1 994710 4564
615 1 1592162 7343
616 1 1156985 5332
617 0 20116543 0
618 0 19568979 0
619 0 15454374 0
620 1 781256 3543
621 1 2989593 13751
622 1 1632072 7524
623 1 1384392 6384
624 1 1593754 7336
625 0 20565701 0
626 0 18653465 0
627 1 1050308 4803
628 0 19669432 0
629 1 1518232 6970
630 1 1698635 7842
631 0 18859369 0
632 0 18327556 0
633 1 1213393 5573
634 0 19668474 0
635 0 19262757 0
636 0 19537809 0
637 0 19752152 0
638 0 15546265 0
639 1 1275356 5860
640 0 20788234 0
641 0 19034030 0
642 1 3064597 14132
643 0 18872500 0
644 1 1169212 5368
645 0 18962642 0
646 0 21674970 0
647 1 815929 3743
648 0 20606020 0
649 1 2004936 9229
650 1 1126715 5191
651 0 22044327 0
652 1 1266736 5770
653 0 20550662 0
654 0 19667264 0
655 1 1303159 6027
656 1 45479 196
657 1 2721133 12639
658 0 22302917 0
659 0 19871010 0
660 0 15850964 0
661 0 21601253 0
662 1 1518002 6908
663 1 1725747 7947
664 0 19903462 0
665 0 22233748 0
666 1 1169014 5345
667 1 1617663 7435
668 1 2283536 10482
669 0 21698920 0
670 0 19712896 0
671 0 20325289 0
672 1 3087986 14299
673 0 20515768 0
674 1 2091777 9644
675 1 1056192 4860
676 0 19084115 0
677 0 18697552 0
678 1 1914391 10093
679 1 929837 4235
680 1 1035203 4719
681 0 20425717 0
682 1 1488033 6844
683 0 20866309 0
684 1 1409751 7413
685 1 3264306 15045
686 0 22663178 0
687 0 18613119 0
688 1 1449213 6673
689 0 21955161 0
690 0 22580741 0
691 0 21476128 0
692 0 21754879 0
693 1 1419333 7421
694 0 15579879 0
695 0 20679599 0
696 1 770180 4039
697 1 1157853 5359
698 1 1252545 6583
699 1 1573395 7297
700 1 1875811 8690
701 0 18557604 0
702 0 19102356 0
703 1 1672299 7695
704 1 1738204 8045
705 1 1003092 4638
706 1 456791 2108
707 1 1533291 7104
708 0 18894953 0
709 1 1256985 5817
710 0 19281697 0
711 0 19608727 0
712 0 15485307 0
713 1 1524884 7999
714 0 18575924 0
715 1 878840 4054
716 0 18920184 0
717 1 1031808 4753
718 1 785214 3635
719 0 19122576 0
720 1 887533 4105
721 0 19415928 0
722 1 1540211 7112
723 0 15457083 0
724 1 1779362 8223
725 0 19425507 0
726 1 1997286 9230
727 0 18985372 0
728 1 2186353 10126
729 0 19031141 0
730 1 808199 3729
731 0 18822083 0
732 1 1493925 6856
733 0 19061705 0
734 1 1994481 9174
735 0 19286831 0
736 0 19675126 0
737 1 2392164 11028
738 1 1793103 8278
739 0 20738085 0
740 1 817727 3745
741 0 19673519 0
742 0 21494990 0
743 1 455245 2074
744 0 20156124 0
745 0 15395555 0
746 0 19450083 0
747 0 20056836 0
748 1 1277999 5874
749 0 19552635 0
750 0 22426266 0
751 1 1646314 8672
752 1 2715842 12506
753 1 1299886 5999
754 0 22807974 0
755 1 1266181 5788
756 0 20906252 0
757 0 20252623 0
758 0 15213868 0
759 0 19551153 0
760 0 15348943 0
761 1 913539 4210
762 0 19622350 0
763 0 22140940 0
764 0 19218015 0
765 0 22662214 0
766 1 2776648 12844
767 0 19751095 0
768 1 941131 4322
769 0 19668730 0
770 0 22300481 0
771 0 22093644 0
772 1 1319253 6075
773 0 22087574 0
774 0 19909461 0
775 0 22550622 0
776 1 1248840 5735
777 0 21825953 0
778 0 19929964 0
779 0 22509260 0
780 0 17912459 0
781 0 22135005 0
782 1 2090167 9571
783 0 21112260 0
784 1 1733557 7952
785 1 1870005 8581
786 1 1992300 9195
787 1 1374659 7239
788 0 18497326 0
789 1 795665 3658
790 0 19058527 0
791 0 22092403 0
792 1 821922 3753
793 0 20625964 0
794 0 15628990 0
795 0 20562346 0
796 0 22420224 0
797 0 21010197 0
798 0 15739695 0
799 1 1341428 6176
800 0 21787837 0
801 0 19909504 0
802 0 21161975 0
803 0 15734761 0
804 0 19855772 0
805 1 2016759 9345
806 0 22323183 0
807 0 21588976 0
808 1 1516196 6990
809 0 20885485 0
810 0 15682046 0
811 1 2561746 11883
812 0 19232480 0
813 0 19741685 0
814 1 2056376 10797
815 1 484709 2238
816 1 1308704 6055
817 1 1568595 7271
818 1 1298973 6003
819 1 1572234 7282
820 0 20053162 0
821 0 18704703 0
822 1 1538161 7117
823 1 1988677 9224
824 0 19237056 0
825 0 19853070 0
826 0 19252724 0
827 0 19057859 0
828 0 20032840 0
829 1 414604 1902
830 0 20382017 0
831 1 1459140 6760
832 1 1150473 5327
833 1 2466854 11437
834 0 20494183 0
835 0 20363002 0
836 1 1543659 7134
837 1 876818 4055
838 1 2764517 12768
839 0 20351427 0
840 1 339774 1551
841 0 20347392 0
842 0 19195024 0
843 0 19552592 0
844 0 20485983 0
845 1 1391335 7291
846 0 19220329 0
847 1 1927106 8908
848 0 19381041 0
849 1 2317384 10728
850 0 19194722 0
851 0 19936448 0
852 0 19412941 0
853 0 19414010 0
854 0 19235641 0
855 0 21170207 0
856 1 1322356 6111
857 1 1420371 6577
858 0 19110748 0
859 0 20978605 0
860 0 18957522 0
861 0 18506193 0
862 0 22693525 0
863 1 986854 5168
864 1 945426 4357
865 0 19232901 0
866 1 1498532 6925
867 0 19736048 0
868 1 1341822 6208
869 0 19348681 0
870 0 20187102 0
871 1 1953934 9049
872 1 1004571 4608
873 0 15881646 0
874 1 1991769 9197
875 1 1001077 4636
876 1 1109799 5131
877 1 834741 3870
878 0 19881459 0
879 0 19733926 0
880 1 2247031 10358
881 0 21145404 0
882 0 19729946 0
883 0 18868416 0
884 0 18927060 0
885 1 1942710 8977
886 0 21014769 0
887 1 1131506 5216
888 1 1124308 5174
889 1 2294475 10600
890 0 19253296 0
891 1 1585220 8325
892 1 913755 4211
893 0 15819250 0
894 1 655197 3005
895 1 506115 2335
896 0 19185587 0
897 1 1394357 6435
898 0 18839076 0
899 0 15878994 0
900 0 18867741 0
901 0 18855005 0
902 1 1659843 8745
903 0 21970811 0
904 1 1378345 7257
905 0 18396701 0
906 0 19566808 0
907 1 1164625 6121
908 1 1913644 8878
909 1 1075932 4984
910 0 19685654 0
911 0 20684920 0
912 1 1894571 8771
913 0 19279207 0
914 1 1271600 5887
915 0 21690211 0
916 0 15354545 0
917 0 20981353 0
918 1 1332139 6129
919 0 21714327 0
920 0 21523878 0
921 1 1788609 8288
922 0 19905709 0
923 1 1409233 6504
924 0 15718192 0
925 0 19295095 0
926 0 19968788 0
927 0 22159855 0
928 0 15588463 0
929 1 1470119 6797
930 1 699408 3192
931 0 21366693 0
932 0 20688683 0
933 1 2612698 12136
934 1 1197586 5480
935 1 1572803 7298
936 0 19383185 0
937 1 1833877 8491
938 0 20922627 0
939 1 329206 1487
940 0 19245032 0
941 0 19607982 0
942 0 20160504 0
943 0 22321129 0
944 1 1368942 6334
945 0 21718261 0
946 0 15621056 0
947 0 18877804 0
948 0 15381313 0
949 1 530965 2437
950 1 1409884 6536
951 0 15833034 0
952 0 20919059 0
953 0 18509403 0
954 0 19955903 0
955 1 1146029 5272
956 0 21599562 0
957 0 15593174 0
958 0 20083462 0
959 1 1769204 9307
960 1 1256850 5819
961 1 3084768 14312
962 0 19534397 0
963 1 1367773 7158
964 1 1051024 5514
965 0 19441665 0
966 0 20725697 0
967 0 19136698 0
968 0 18794588 0
969 1 1443588 7590
970 0 19417271 0
971 1 1436440 6642
972 1 2635484 12244
973 0 18993644 0
974 0 18895103 0
975 1 1585537 8276
976 0 20870760 0
977 0 15320285 0
978 1 2722619 12509
979 0 21977412 0
980 1 2539013 11738
981 1 1581868 7321
982 0 19742948 0
983 1 665646 3067
984 0 21607121 0
985 1 1720155 7954
986 0 21156277 0
987 1 1379736 6374
988 1 1667393 8781
989 0 19472360 0
990 0 15484222 0
991 0 19849540 0
992 1 356375 1611
993 0 18955329 0
994 0 15649367 0
995 0 18829163 0
996 0 20091444 0
997 1 1807871 8377
998 0 19515649 0
999 1 1533377 7082
1000 1 1557684 7213
1001 0 20577376 0
1002 1 1535328 7085
1003 0 22107902 0
1004 1 1229338 5687
1005 1 2443845 11307
1006 0 19062409 0
1007 1 2108500 9679
1008 0 15546072 0
1009 0 19236648 0
1010 0 18986308 0
1011 1 2116048 9734
1012 0 21218626 0
1013 0 18571635 0
1014 1 1561667 7188
1015 0 19161178 0
1016 1 2479876 11394
1017 0 19535650 0
1018 1 1242809 5703
1019 0 21418528 0
1020 0 15491800 0
1021 0 20958251 0
1022 1 1615296 8504
1023 0 20502154 0
1024 1 2770419 12739
1025 0 21033884 0
1026 1 1686024 7723
1027 0 20494626 0
1028 0 18926406 0
1029 0 22382507 0
1030 1 1483976 6838
1031 0 22091805 0
1032 0 19772678 0
1033 0 15336247 0
1034 1 596117 2713
1035 1 1609570 7419
1036 1 1234829 5677
1037 0 20670824 0
1038 1 2620038 12076
1039 0 19680665 0
1040 0 18790851 0
1041 1 1714671 7915
1042 1 1286938 5927
1043 1 715301 3233
1044 0 20500068 0
1045 0 21585221 0
1046 0 22395982 0
1047 1 1367567 7190
1048 1 281927 1292
1049 1 1324481 6107
1050 1 1730424 7912
1051 0 18633869 0
1052 1 2109531 9698
1053 1 1172196 5403
1054 0 18898845 0
1055 1 2375936 10943
1056 0 19535542 0
1057 1 2257516 10414
1058 1 1714906 7901
1059 0 21073178 0
1060 0 15432945 0
1061 1 1630654 7480
1062 0 19385932 0
1063 1 1389847 6373
1064 0 19490892 0
1065 0 15618078 0
1066 0 19429677 0
1067 1 825265 3798
1068 1 1014776 4694
1069 1 1001235 4623
1070 1 1510922 7001
1071 0 18961541 0
1072 1 1415062 6540
1073 1 2014433 9313
1074 0 19407367 0
1075 1 1509989 6971
1076 0 20357578 0
1077 0 20151308 0
1078 0 19575603 0
1079 0 19673424 0
1080 0 21617757 0
1081 0 22094556 0
1082 0 19969596 0
1083 0 22283517 0
1084 0 19053735 0
1085 0 18424305 0
1086 1 1210522 5571
1087 0 20183743 0
1088 0 20305014 0
1089 0 20240434 0
1090 1 2222668 10291
1091 1 1062727 4897
1092 0 19122636 0
1093 1 1117510 5162
1094 1 2265648 10484
1095 0 19286686 0
1096 1 1753649 8117
1097 1 3135922 14531
1098 1 1114427 5151
1099 1 1367005 6319
1100 0 22009264 0
1101 0 21823338 0
1102 0 21830260 0
1103 1 1574011 7287
1104 0 19702054 0
1105 1 1096303 5057
1106 0 21264779 0
1107 0 20264821 0
1108 0 19694565 0
1109 0 20634715 0
1110 0 20253894 0
1111 1 1630190 7540
1112 0 18890948 0
1113 1 456280 2097
1114 0 21659529 0
1115 1 1347193 6228
1116 1 1421846 6561
1117 1 690085 3174
1118 0 18788077 0
1119 0 19071767 0
1120 1 1120588 5824
1121 1 1597197 7357
1122 1 1467371 6740
1123 0 19979106 0
1124 0 19953364 0
1125 1 1064912 4882
1126 0 18493284 0
1127 1 1203596 6311
1128 1 1636890 7581
1129 1 1509363 6942
1130 0 19996388 0
1131 1 560156 2586
1132 0 19462737 0
1133 1 1368113 6322
1134 1 1963624 9091
1135 0 15684292 0
1136 0 15483260 0
1137 1 1084672 5683
1138 0 20238500 0
1139 1 1888413 8741
1140 0 19258257 0
1141 0 19905509 0
1142 1 1312946 6073
1143 1 1146959 5320
1144 1 1314712 6087
1145 1 1703030 7876
1146 0 21865983 0
1147 0 22176914 0
1148 1 2122928 9818
1149 1 1869566 8650
1150 1 1714847 7945
1151 1 1535688 7108
1152 1 1443750 6669
1153 0 20711055 0
1154 0 19510813 0
1155 0 19725252 0
1156 0 15781205 0
1157 0 20636580 0
1158 0 20636140 0
1159 0 20401985 0
1160 0 21262950 0
1161 1 657174 2979
1162 0 20642269 0
1163 0 15292346 0
1164 0 19117978 0
1165 1 1459162 6752
1166 1 1818762 9127
1167 0 19649526 0
1168 0 22149209 0
1169 1 1166052 5367
1170 0 19693664 0
1171 1 1488287 6883
1172 0 18744327 0
1173 0 19739040 0
1174 0 18911484 0
1175 1 578860 3011
1176 0 18709055 0
1177 1 1670907 7729
1178 0 15691014 0
1179 1 1489352 6873
1180 0 19361661 0
1181 0 20592171 0
1182 1 1097476 5770
1183 1 1469489 6767
1184 1 810821 3714
1185 1 1508481 6946
1186 0 19380912 0
1187 0 15237499 0
1188 0 20949397 0
1189 1 837249 3853
1190 1 1652670 7624
1191 1 1595331 7390
1192 0 18445950 0
1193 0 15808656 0
1194 0 19840409 0
1195 1 1465161 7685
1196 1 1531953 7096
1197 1 1331174 6156
1198 1 1678104 7778
1199 1 1419193 6584
0 0 19589690 0
1 0 15966984 0
2 0 20436462 0
3 1 1938498 8967
4 0 19189165 0
5 0 18890989 0
6 1 2321156 10714
7 1 1567080 7225
8 0 19448731 0
9 0 19528335 0
10 0 22496250 0
11 1 1467853 6740
12 0 20172943 0
13 0 15579763 0
14 1 1787094 8181
15 1 1822894 8270
16 0 21110006 0
17 0 15647889 0
18 0 22395158 0
19 1 1384877 6390
20 1 838714 3805
21 1 1440892 6654
22 0 19297122 0
23 0 15510767 0
24 0 18927778 0
25 1 1447986 6597
26 0 20230189 0
27 0 20528254 0
28 0 22276173 0
29 0 20137984 0
30 0 19716193 0
31 1 1857149 8535
32 0 19337695 0
33 1 1779947 9355
34 0 19461633 0
35 0 15898924 0
36 0 19134447 0
37 0 21761496 0
38 1 571526 2992
39 1 878641 4061
40 1 787447 3641
41 1 1310519 6061
42 0 19718603 0
43 1 1675392 7701
44 0 21125977 0
45 1 1600837 7409
46 0 20043342 0
47 0 15822647 0
48 1 1807071 8350
49 0 19202465 0
50 1 531877 2772
51 0 22395003 0
52 1 479544 2186
53 0 18607858 0
54 1 1278765 5902
55 1 1367075 6326
56 0 22539333 0
57 0 20320680 0
58 0 21961827 0
59 1 1043417 4795
60 0 22346934 0
61 1 1325553 6113
62 0 20880071 0
63 1 1230878 5684
64 0 19249072 0
65 1 768657 3524
66 0 20882427 0
67 1 1380390 6360
68 1 1455489 7640
69 0 19320287 0
70 1 1803554 8330
71 1 1321587 6122
72 0 18811991 0
73 0 20119314 0
74 0 19238244 0
75 1 1793532 9421
76 0 22217661 0
77 1 1733056 8015
78 1 1514423 6954
79 1 1498457 6933
80 0 19564393 0
81 1 1316642 6083
82 0 21826066 0
83 0 20247273 0
84 1 1388907 7291
85 1 1474055 6818
86 0 20356173 0
87 0 15703518 0
88 0 15422109 0
89 0 19795829 0
90 0 19706193 0
91 1 1604301 7377
92 1 1631453 7492
93 1 1428964 6586
94 0 22779403 0
95 0 15472919 0
96 0 18711356 0
97 0 15220526 0
98 1 1663625 7669
99 1 2538598 11657
100 0 19643884 0
101 0 19576988 0
102 0 20959068 0
103 1 673527 3517
104 0 22518967 0
105 0 15652389 0
106 1 1551700 7119
107 1 2879657 13310
108 1 482969 2229
109 0 20919233 0
110 1 1453830 6703
111 1 1502357 6956
112 0 22078640 0
113 0 20125315 0
114 1 1218121 5609
115 0 22412573 0
116 1 2279503 10575
117 0 15298068 0
118 0 22778329 0
119 0 21361439 0
120 0 20411879 0
121 1 1217514 5630
122 0 20141065 0
123 0 19932574 0
124 0 19141400 0
125 0 19307074 0
126 0 19958201 0
127 1 1314000 6070
128 1 1702548 7868
129 1 1171680 6158
130 0 18322399 0
131 1 1857661 8542
132 1 1954129 9022
133 0 19010535 0
134 0 16827238 0
135 0 21091645 0
136 0 18973568 0
137 0 21139135 0
138 0 20986392 0
139 1 690385 3194
140 1 1171053 5399
141 0 19590618 0
142 0 18871429 0
143 1 1071786 5610
144 0 19271555 0
145 0 18941254 0
146 0 18668049 0
147 0 15544831 0
148 0 19109143 0
149 1 1156977 5333
150 0 19381349 0
151 1 1516060 7024
152 0 19219416 0
153 0 18905456 0
154 1 2294384 10601
155 0 20000418 0
156 1 1044571 5471
157 0 18547592 0
158 0 19120115 0
159 1 1430463 6604
160 0 19603824 0
161 0 15601500 0
162 1 993168 4585
163 0 19285359 0
164 0 19595798 0
165 0 19095904 0
166 1 1746334 9179
167 0 19021081 0
168 0 19246988 0
169 1 1689367 7780
170 1 2641684 12220
171 1 1017093 4700
172 0 18374881 0
173 0 15324489 0
174 0 19565234 0
175 0 18849745 0
176 1 1097050 5065
177 0 21960932 0
178 0 15489098 0
179 1 1414904 6536
180 1 1464512 6764
181 1 889308 4105
182 1 1185979 5483
183 0 19330657 0
184 0 18773145 0
185 0 19082177 0
186 0 22123621 0
187 0 19240399 0
188 1 151152 674
189 0 19882055 0
190 1 490448 2246
191 0 18812031 0
192 1 1995386 9203
193 0 22495509 0
194 1 1642549 7600
195 0 17272956 0
196 0 20561710 0
197 1 579592 2651
198 1 1220132 5651
199 0 19750615 0
200 1 1551159 7166
201 1 1867194 8636
202 1 1816516 8403
203 1 782939 3576
204 0 20288199 0
205 1 791196 3648
206 0 19231081 0
207 1 1506494 6955
208 0 18847323 0
209 1 1888120 8738
210 1 1644248 7612
211 0 18839859 0
212 1 1011751 4680
213 0 19236456 0
214 1 1107027 5111
215 1 559701 2583
216 1 1078348 4990
217 1 536021 2472
218 0 18905372 0
219 1 1636440 7569
220 0 17872907 0
221 0 22254945 0
222 1 3284350 15127
223 0 22586316 0
224 1 580406 2676
225 1 1046516 4840
226 1 1216265 5607
227 1 760069 3511
228 0 20319145 0
229 0 21574532 0
230 0 15906068 0
231 1 1692117 7836
232 1 471324 2179
233 0 19969719 0
234 0 19278934 0
235 1 1592015 7351
236 1 1155436 5318
237 0 15682447 0
238 1 1434432 6625
239 0 20850921 0
240 0 21015794 0
241 0 15657603 0
242 1 1282429 5918
243 0 20686968 0
244 1 1773647 8216
245 1 1070305 4968
246 0 19698738 0
247 1 2981030 13679
248 0 19042317 0
249 1 1064926 5582
250 1 1705994 7890
251 1 1012369 4683
252 1 1597056 7404
253 1 1152065 5314
254 1 1661851 8737
255 0 15395743 0
256 1 1582661 7311
257 0 19221834 0
258 0 20746667 0
259 0 15788033 0
260 1 986565 4543
261 1 1777012 8195
262 0 15452777 0
263 0 15525633 0
264 1 1492141 6910
265 1 1664347 7720
266 0 22093273 0
267 0 21036323 0
268 0 20210525 0
269 1 340850 1525
270 0 19685141 0
271 1 1354333 7106
272 0 21326161 0
273 1 1842437 8525
274 0 20346793 0
275 0 21713422 0
276 1 1165884 5379
277 0 22055283 0
278 1 1865315 8609
279 1 1046703 4850
280 0 22265046 0
281 1 1422226 6560
282 0 20556243 0
283 1 1734713 7940
284 1 1139394 5274
285 0 21161131 0
286 1 1855075 8592
287 0 19311644 0
288 1 1889530 8737
289 0 15519224 0
290 0 19919950 0
291 0 19305076 0
292 0 19512754 0
293 0 19395934 0
294 0 18546979 0
295 0 15713402 0
296 0 18828733 0
297 0 19442416 0
298 1 975621 4486
299 1 2203428 10170
300 1 1372694 6331
301 1 1778525 8216
302 0 19032084 0
303 0 19738607 0
304 0 18712051 0
305 0 16861940 0
306 0 19224918 0
307 1 1833948 8458
308 0 22766261 0
309 0 22611039 0
310 1 1299016 5946
311 0 20556946 0
312 0 15400123 0
313 0 15439094 0
314 0 22766716 0
315 1 2998772 13796
316 0 20743216 0
317 0 20327759 0
318 0 19482234 0
319 1 1652351 8671
320 0 21361437 0
321 1 1495456 6878
322 0 23007197 0
323 0 20782308 0
324 1 1310969 6003
325 0 22777107 0
326 0 20259154 0
327 1 1130479 5194
328 1 1066084 4911
329 0 21628988 0
330 0 19671840 0
331 1 1275189 6680
332 1 1214987 5594
333 0 19928964 0
334 0 19233115 0
335 0 15798249 0
336 0 21022600 0
337 1 1089241 4995
338 0 20394192 0
339 0 15933737 0
340 1 1274009 6684
341 1 1571445 7235
342 0 20368344 0
343 1 2557288 11808
344 1 1408003 6489
345 1 1742582 8030
346 0 19613298 0
347 1 92388 459
348 0 18353809 0
349 1 2260007 10423
350 0 20676301 0
351 0 19472735 0
352 1 1377402 6369
353 0 15457781 0
354 1 1326292 6124
355 0 15625091 0
356 0 18589991 0
357 0 22511906 0
358 1 1313036 6060
359 1 1448407 6712
360 0 20821369 0
361 0 19533206 0
362 1 1569838 7276
363 1 3170406 14667
364 0 22200037 0
365 1 1704857 7870
366 1 1556134 7211
367 0 19563754 0
368 1 1369421 7190
369 0 22294705 0
370 1 735570 3377
371 1 792558 3654
372 0 17778993 0
373 0 15326907 0
374 0 22605470 0
375 0 20645367 0
376 1 1214889 5563
377 1 1630599 7507
378 1 1430561 6603
379 0 21934834 0
380 0 21233987 0
381 1 854263 3930
382 0 21988031 0
383 0 20506737 0
384 1 2768210 12728
385 1 1117679 5141
386 0 19525022 0
387 1 3266241 15048
388 0 19236699 0
389 0 20806349 0
390 1 1804514 8311
391 0 22087660 0
392 1 1717993 7842
393 1 1061062 4873
394 0 19441094 0
395 0 20892015 0
396 1 1611301 7411
397 1 973149 4476
398 0 21156676 0
399 1 1323384 6948
400 1 1702252 7806
401 1 1175349 5391
402 1 1516650 6982
403 0 19581962 0
404 1 256338 1159
405 0 19333952 0
406 1 949621 4369
407 0 20134894 0
408 1 1684481 7719
409 1 444952 2033
410 0 18919626 0
411 1 1947779 8932
412 0 19033944 0
413 1 1423447 6543
414 0 19054830 0
415 1 1058955 4835
416 0 19073118 0
417 0 19264870 0
418 0 19526855 0
419 1 1707475 7898
420 0 19491733 0
421 0 18853351 0
422 0 19092672 0
423 0 15604079 0
424 1 1687370 7810
425 1 1286744 6777
426 0 22769924 0
427 1 1745153 8062
428 0 20436721 0
429 0 19205509 0
430 1 801543 4114
431 1 1305271 6045
432 0 20305074 0
433 0 19578441 0
434 0 19520830 0
435 1 1507199 6958
436 0 19595808 0
437 1 2239666 10373
438 1 1025505 4740
439 1 1344933 6226
440 0 19970048 0
441 1 1666102 7697
442 0 19251975 0
443 1 1465271 6759
444 1 1627893 7514
445 1 1296741 5998
446 1 888177 4057
447 1 2185223 10071
448 1 971662 4493
449 1 1282781 5943
450 1 1907240 8830
451 0 19226988 0
452 0 20977973 0
453 0 19143152 0
454 1 1483819 6846
455 1 1287077 5867
456 1 948656 4396
457 0 20308079 0
458 1 1868664 8650
459 1 1616772 7466
460 0 15182392 0
461 0 20653225 0
462 1 1546072 7143
463 1 1730572 8003
464 1 691389 3178
465 0 22150952 0
466 0 19532802 0
467 1 1419811 6576
468 1 816626 4300
469 1 1510128 7932
470 0 18773414 0
471 1 1520218 7041
472 0 22098744 0
473 1 1070236 4935
474 0 22143940 0
475 0 22617758 0
476 1 221302 974
477 1 1911592 8844
478 0 18636941 0
479 1 2005271 9254
480 0 15555378 0
481 0 22437179 0
482 0 21738377 0
483 0 19856345 0
484 0 19301976 0
485 1 347997 1561
486 0 20267328 0
487 0 21400084 0
488 0 22629529 0
489 0 18770684 0
490 0 20389073 0
491 1 2370718 10939
492 0 18674414 0
493 0 18880685 0
494 1 1167011 5367
495 1 1581752 7339
496 0 19322023 0
497 1 1486690 6870
498 1 1851766 8576
499 1 1603881 7431
500 1 1605934 7435
501 1 2446577 11334
502 0 18617661 0
503 1 1769013 8179
504 0 15619576 0
505 1 1392745 6365
506 1 494921 2282
507 1 2480553 11497
508 0 18325420 0
509 1 1741516 8054
510 0 19547014 0
511 0 15488795 0
512 0 20087382 0
513 0 19576721 0
514 0 22752474 0
515 0 21883792 0
516 1 1967705 9099
517 1 1538011 7108
518 0 19256565 0
519 0 22141929 0
520 0 21465487 0
521 1 1199701 5519
522 0 19782740 0
523 1 1688125 7770
524 1 1614286 7474
525 1 17155 64
526 1 1651984 7632
527 0 19277160 0
528 0 21372710 0
529 1 1218137 6384
530 0 21171602 0
531 1 1500608 6939
532 1 808844 4221
533 0 22052147 0
534 1 825675 3802
535 1 1404855 6506
536 1 1261032 5832
537 1 1609201 7438
538 0 18354122 0
539 0 18518544 0
540 0 21364435 0
541 0 19875232 0
542 0 20387752 0
543 0 18930855 0
544 1 1973314 9116
545 0 20231626 0
546 1 1462559 6745
547 1 1680358 7789
548 0 19066648 0
549 0 15566866 0
550 0 19503645 0
551 0 19708537 0
552 1 1486117 6877
553 0 22049695 0
554 0 19802571 0
555 1 740812 3884
556 1 2298013 10653
557 0 20267731 0
558 1 1455980 6705
559 0 21707190 0
560 1 1638648 7579
561 1 1370651 6356
562 0 19453046 0
563 0 15853042 0
564 0 18913126 0
565 1 1657729 7672
566 0 19735767 0
567 0 19032243 0
568 0 18790927 0
569 0 18624317 0
570 0 19303922 0
571 1 1310545 6051
572 1 1457009 6713
573 0 19330225 0
574 1 2570534 11853
575 1 1543646 7144
576 1 1317362 6105
577 0 18850349 0
578 0 15622659 0
579 0 18259972 0
580 1 1590959 7341
581 1 1468582 6804
582 0 20043748 0
583 0 19648248 0
584 0 20436479 0
585 1 1369925 6329
586 0 19743025 0
587 0 20521147 0
588 0 19377792 0
589 0 15629452 0
590 0 19385071 0
591 0 18700447 0
592 0 19555690 0
593 0 19756793 0
594 1 1536398 7106
595 0 19448415 0
596 0 19521954 0
597 1 1505504 6946
598 0 15821900 0
599 1 1312253 6079
600 0 18450787 0
601 0 18668278 0
602 0 18777516 0
603 0 18489130 0
604 1 1752599 8132
605 0 20909524 0
606 0 20068079 0
607 0 19523404 0
608 0 21076803 0
609 0 19517612 0
610 0 22257399 0
611 0 21491097 0
612 0 21081319 0
613 1 1413770 6530
614 1 1534241 7111
615 1 418842 1861
616 0 21415135 0
617 0 19270690 0
618 1 69576 280
619 0 18664421 0
620 0 19892988 0
621 1 845050 3880
622 1 1205897 5572
623 0 18383855 0
624 1 1418623 6495
625 1 2049429 9484
626 1 737187 3365
627 1 2240490 10311
628 1 1756163 9261
629 0 19733964 0
630 1 1684719 8859
631 1 1535509 7055
632 1 1699263 7823
633 1 1659871 7643
634 1 2824581 12989
635 1 1470858 6769
636 1 1437918 7566
637 1 1643890 7588
638 0 23084709 0
639 0 20311638 0
640 0 19841492 0
641 1 1708010 7905
642 0 19126674 0
643 0 20727948 0
644 1 1357164 6280
645 0 19134105 0
646 1 1634888 8616
647 0 19599758 0
648 0 18990860 0
649 0 15783130 0
650 1 1106697 5129
651 0 18828705 0
652 1 1877445 9839
653 0 18874218 0
654 0 19453751 0
655 1 334613 1529
656 0 20432625 0
657 1 2594812 12002
658 0 15705228 0
659 0 19040847 0
660 0 19912458 0
661 1 1534143 7080
662 1 1202014 5563
663 1 454704 2101
664 1 2154180 9981
665 0 20346260 0
666 1 915430 4196
667 1 1465750 6788
668 1 1285865 5949
669 1 1735258 8042
670 1 1016413 4707
671 1 2084350 9667
672 1 1194365 5539
673 0 18492007 0
674 0 15510655 0
675 0 15423137 0
676 0 18584966 0
677 0 19638588 0
678 0 20050207 0
679 1 2468108 11414
680 1 1437034 6659
681 1 1506381 6976
682 1 1601914 7429
683 1 1549273 7175
684 1 1594012 7382
685 1 1272702 5871
686 0 20031440 0
687 0 20366314 0
688 0 20210371 0
689 1 1633522 7547
690 0 18995378 0
691 1 2182111 10084
692 0 22195805 0
693 1 1050103 4839
694 0 18891074 0
695 1 2862622 13219
696 1 576905 2658
697 1 1301131 6030
698 0 19334862 0
699 1 1991726 9227
700 1 3100432 14272
701 1 871513 4565
702 1 1140950 5241
703 1 1345154 6167
704 0 21935662 0
705 0 21401400 0
706 1 1340404 6181
707 1 877147 4066
708 0 20742695 0
709 1 1999095 9241
710 0 21903921 0
711 0 20165338 0
712 1 1714960 9000
713 0 19985235 0
714 0 19597136 0
715 0 18910204 0
716 1 585723 2684
717 0 18867970 0
718 0 18968374 0
719 0 18615623 0
720 0 18714372 0
721 1 1138894 5254
722 1 1875713 8683
723 0 22598863 0
724 1 1133463 5233
725 0 22134435 0
726 0 22150386 0
727 1 1527731 8018
728 0 21993727 0
729 0 20017405 0
730 1 903837 4146
731 0 20231320 0
732 0 18115529 0
733 0 15648550 0
734 0 15961577 0
735 1 1633911 8569
736 0 22462531 0
737 0 21947427 0
738 1 859251 3945
739 0 22640073 0
740 0 20895418 0
741 0 20428402 0
742 0 15199974 0
743 0 20256281 0
744 0 20795271 0
745 1 1757478 8105
746 0 20467917 0
747 0 22390004 0
748 1 1047090 4833
749 1 1456964 6741
750 0 20556269 0
751 0 18469215 0
752 1 1546449 8105
753 1 577147 2667
754 0 18926647 0
755 0 21043287 0
756 1 1449915 6707
757 0 21640557 0
758 0 20619896 0
759 0 20757364 0
760 1 1482748 6851
761 1 1605351 7431
762 0 19016168 0
763 0 18634317 0
764 0 20495326 0
765 0 19137302 0
766 0 19515094 0
767 0 18851980 0
768 1 2361026 10954
769 1 1587811 7355
770 0 15425387 0
771 1 2402329 11114
772 0 19327214 0
773 1 1240801 5740
774 0 19389007 0
775 0 18178213 0
776 0 18975563 0
777 0 19923687 0
778 1 629965 2897
779 0 21491025 0
780 1 1220097 5640
781 1 1915644 8881
782 0 20030639 0
783 1 1335007 6133
784 0 15541675 0
785 0 15823068 0
786 1 1833462 8485
787 0 21130553 0
788 0 20316334 0
789 1 1283198 5914
790 0 19510138 0
791 1 850395 3932
792 1 1574138 7269
793 0 20664009 0
794 0 20001629 0
795 0 15585552 0
796 1 1720309 7963
797 1 1655594 7675
798 0 19054528 0
799 0 19335477 0
800 1 1806816 8341
801 0 19029490 0
802 0 17881663 0
803 0 20173235 0
804 0 18872918 0
805 1 1266147 5854
806 1 1885127 8739
807 0 19099540 0
808 1 1344987 6221
809 0 19834196 0
810 0 18615264 0
811 0 18549179 0
812 1 1818423 8395
813 0 18535582 0
814 1 1397006 6458
815 1 995210 4579
816 1 1078240 4988
817 0 18992618 0
818 0 22232296 0
819 1 1153162 6047
820 0 15428193 0
821 0 19631124 0
822 1 1242309 6538
823 0 19249250 0
824 1 1378066 6348
825 1 3444252 15792
826 0 21759463 0
827 1 1765098 8107
828 0 15582395 0
829 1 1719230 9038
830 1 1339584 6172
831 1 1859179 8555
832 1 1616031 7252
833 0 22569116 0
834 0 23218933 0
835 1 1607576 7410
836 1 3278087 15086
837 1 2906400 13384
838 1 1779048 8056
839 0 20074563 0
840 0 20393333 0
841 0 22335262 0
842 1 1235295 5643
843 1 2912285 13380
844 1 1309461 6033
845 0 22429199 0
846 0 18171601 0
847 0 20235913 0
848 0 19125201 0
849 0 19188892 0
850 1 1344251 6195
851 0 22287203 0
852 1 1522249 7975
853 1 2532739 11753
854 1 1817175 8418
855 1 1385654 6389
856 1 718562 3314
857 1 2804597 12978
858 1 1716413 7930
859 0 20693644 0
860 0 21504986 0
861 0 19369639 0
862 1 1518791 6981
863 1 1914199 8870
864 0 19289013 0
865 0 19342174 0
866 0 15313768 0
867 1 1705286 8957
868 1 1161197 5356
869 0 19244992 0
870 1 1936439 8950
871 1 2078736 9631
872 1 482224 2222
873 1 1090436 5047
874 0 19152330 0
875 0 20217929 0
876 0 19309569 0
877 1 1684387 7768
878 0 18866055 0
879 0 18993621 0
880 0 18491284 0
881 1 1649683 7603
882 0 22524792 0
883 0 20774830 0
884 0 20444372 0
885 0 19948320 0
886 0 19877448 0
887 1 1549494 7126
888 1 1171622 5391
889 0 19628267 0
890 0 20106104 0
891 0 15775066 0
892 1 2284864 10525
893 0 19338751 0
894 1 305317 1374
895 0 21385060 0
896 0 15845167 0
897 0 19851968 0
898 0 19445513 0
899 1 1190571 5510
900 1 1579984 7315
901 0 18570220 0
902 0 19705107 0
903 0 19579910 0
904 1 1108769 5120
905 1 3242895 15047
906 1 1888876 8757
907 1 1161523 5378
908 0 19976095 0
909 1 1506677 7915
910 0 21274991 0
911 1 1635069 7558
912 1 1035735 4779
913 1 1465252 6779
914 1 2049077 9441
915 0 19096810 0
916 1 2263921 10435
917 1 1376018 6339
918 0 20111796 0
919 0 19077566 0
920 1 1418675 6524
921 0 22780797 0
922 1 1826006 9582
923 0 19841402 0
924 1 1413427 6494
925 1 1515084 6891
926 0 19067494 0
927 1 1469337 6767
928 1 1717216 8462
929 1 1162393 5619
930 0 15495197 0
931 0 18949340 0
932 0 15571626 0
933 1 1422546 6547
934 0 22661097 0
935 0 20094256 0
936 1 647111 2934
937 1 2339027 10772
938 0 20309586 0
939 1 2284306 10579
940 1 2389165 11000
941 0 20352524 0
942 0 18897668 0
943 1 322014 1453
944 0 18792543 0
945 0 20325282 0
946 0 19131029 0
947 0 19261669 0
948 0 19480744 0
949 0 19242050 0
950 0 19074030 0
951 0 20294187 0
952 0 18978477 0
953 1 1933125 8928
954 1 2671384 12372
955 0 18381344 0
956 1 1418668 7433
957 1 1105896 5123
958 1 1218704 5623
959 1 993062 4593
960 1 414568 1912
961 0 21476827 0
962 1 1370675 7178
963 1 4108161 19121
964 0 21503914 0
965 1 1750399 8067
966 1 1603335 7415
967 1 3067288 14230
968 1 700647 3220
969 0 19524692 0
970 1 2727262 12628
971 1 2092720 9695
972 1 1377340 6373
973 0 18876800 0
974 1 1920776 10114
975 1 2619030 12128
976 0 18749333 0
977 1 1515048 6986
978 0 17107086 0
979 0 18908115 0
980 0 15675981 0
981 0 19788184 0
982 1 3039441 14072
983 1 1466823 6802
984 0 19229872 0
985 0 18992454 0
986 0 19133802 0
987 0 19089742 0
988 1 1272477 5857
989 0 19113781 0
990 1 1587993 7267
991 0 21782522 0
992 0 19285128 0
993 1 1727693 9060
994 0 19359147 0
995 0 19425947 0
996 0 20089821 0
997 1 1456452 6697
998 1 1998466 9252
999 0 15705475 0
1000 1 1364740 6288
1001 0 22518100 0
1002 1 1732261 7934
1003 0 19581955 0
1004 0 22118907 0
1005 0 21639413 0
1006 1 1515938 7971
1007 0 19365346 0
1008 1 1769672 8155
1009 1 1601704 7355
1010 0 20028221 0
1011 0 19496621 0
1012 1 1757204 8071
1013 1 1996032 9215
1014 0 18468900 0
1015 0 22811947 0
1016 1 980800 4502
1017 0 22231803 0
1018 1 1956661 9002
1019 0 20247741 0
1020 1 1392843 6436
1021 0 18317021 0
1022 0 19349712 0
1023 1 2175576 10066
1024 1 1232912 5714
1025 1 880003 4079
1026 1 658445 3038
1027 1 1184465 5480
1028 1 1752292 9226
1029 1 1631367 7504
1030 1 1685450 7744
1031 0 19033279 0
1032 0 19148487 0
1033 1 1076060 5639
1034 0 21826450 0
1035 0 21983079 0
1036 0 15562091 0
1037 0 19299261 0
1038 0 22318997 0
1039 0 19659908 0
1040 1 1477127 6784
1041 1 2251791 10361
1042 0 19555116 0
1043 0 15680081 0
1044 0 15685525 0
1045 1 1287100 6757
1046 0 18666124 0
1047 1 2456544 11307
1048 1 738078 3400
1049 0 20343849 0
1050 0 19951446 0
1051 0 19675150 0
1052 0 15760222 0
1053 0 21368769 0
1054 0 19941428 0
1055 1 1015005 4648
1056 0 22669890 0
1057 0 20687375 0
1058 1 2843190 13039
1059 0 21277321 0
1060 1 2463354 11328
1061 1 1588532 7301
1062 0 22720390 0
1063 0 22011400 0
1064 0 21691341 0
1065 0 22290431 0
1066 0 19488827 0
1067 1 1543804 8091
1068 0 20692493 0
1069 1 1894353 8739
1070 1 2138073 9879
1071 0 19291857 0
1072 0 19158819 0
1073 1 1837217 8400
1074 1 1797235 8280
1075 1 1472950 6778
1076 0 18369381 0
1077 0 22292661 0
1078 1 1201380 5477
1079 0 19857701 0
1080 1 1337936 6160
1081 1 2580347 11993
1082 0 15448823 0
1083 0 19165358 0
1084 1 2144370 9938
1085 0 18891556 0
1086 1 1394369 6444
1087 1 2543000 11793
1088 0 19789928 0
1089 1 2993227 13805
1090 0 20619142 0
1091 0 19370682 0
1092 1 1827935 8451
1093 1 796159 3669
1094 1 2026709 10668
1095 0 19219043 0
1096 1 2246918 10408
1097 1 1980410 9145
1098 0 19001328 0
1099 1 871587 4014
1100 0 22144921 0
1101 1 1065451 4913
1102 0 20636210 0
1103 0 20865627 0
1104 1 1414659 7423
1105 1 1352341 6242
1106 0 19237801 0
1107 1 632646 2900
1108 0 18814643 0
1109 1 505934 2284
1110 0 19122667 0
1111 1 1295388 6795
1112 0 18921588 0
1113 0 19457316 0
1114 1 1221470 5639
1115 1 1609225 7447
1116 0 22487143 0
1117 1 1405272 7346
1118 0 21279535 0
1119 0 15528847 0
1120 0 20392719 0
1121 1 1164007 5367
1122 0 15676084 0
1123 1 1549183 7167
1124 1 1364543 7186
1125 1 1397423 6472
1126 0 19896658 0
1127 0 15682531 0
1128 0 19092804 0
1129 1 1200708 5551
1130 1 1830687 8470
1131 0 19847890 0
1132 1 1304957 6831
1133 1 1597358 7402
1134 1 90037 399
1135 1 1344608 6230
1136 1 1287535 5968
1137 1 1205951 5560
1138 0 22459631 0
1139 1 1532370 7050
1140 1 1257580 5817
1141 0 22125010 0
1142 1 1138730 5970
1143 1 2955493 13633
1144 1 1479618 6847
1145 1 893588 4130
1146 0 21348878 0
1147 0 20260063 0
1148 1 1199180 5544
1149 1 1745362 9193
1150 1 1515326 7029
1151 0 19597528 0
1152 1 1791067 9393
1153 0 20001645 0
1154 1 1505488 6966
1155 1 1120047 5169
1156 1 1897430 8787
1157 0 19916920 0
1158 0 21897456 0
1159 1 947594 4350
1160 1 979376 4540
1161 0 19775122 0
1162 0 19238528 0
1163 0 15745066 0
1164 0 18997909 0
1165 1 1399576 6425
1166 1 1554518 7168
1167 1 3334563 15468
1168 0 15546597 0
1169 1 2001632 9213
1170 1 1375254 6326
1171 0 19201572 0
1172 0 15605151 0
1173 1 2425478 11215
1174 1 1130188 5221
1175 0 19476440 0
1176 0 19633623 0
1177 0 21857035 0
1178 1 989744 4557
1179 0 19790238 0
1180 0 19097362 0
1181 0 15927227 0
1182 1 1633801 7540
1183 0 19290653 0
1184 0 21484951 0
1185 1 1418382 7461
1186 0 20418840 0
1187 0 15694237 0
1188 0 20678715 0
1189 0 20217018 0
1190 0 19168602 0
1191 0 19136802 0
1192 0 20942660 0
1193 1 1563048 7188
1194 0 20158179 0
1195 1 1128303 5213
1196 1 1085158 5015
1197 1 605782 2785
1198 0 20241185 0
1199 0 20184454 0
0 0 20188188 0
1 0 19970830 0
2 1 1134623 5218
3 1 196349 872
4 0 20509294 0
5 1 3302184 15315
6 0 19806715 0
7 1 1456583 6731
8 0 21836675 0
9 1 921837 4787
10 1 1122217 5179
11 0 20185877 0
12 0 19084395 0
13 0 19343056 0
14 1 2056628 9440
15 0 22486420 0
16 0 20147072 0
17 0 21381904 0
18 0 21542794 0
19 0 21065300 0
20 1 1416135 6481
21 1 568899 2604
22 0 20298840 0
23 0 20097697 0
24 1 1396103 6417
25 1 1449191 6666
26 0 22403592 0
27 1 1012425 4627
28 1 2100078 9639
29 1 754523 3468
30 0 20466345 0
31 1 1291919 5935
32 1 1838276 8435
33 1 1660531 7627
34 0 20330006 0
35 0 20130549 0
36 0 21074857 0
37 0 23021301 0
38 0 22667165 0
39 0 22851250 0
40 1 1658016 7600
41 1 1401808 6442
42 1 1533571 7057
43 0 20589802 0
44 0 15720099 0
45 0 19741411 0
46 1 2651665 12207
47 0 22221744 0
48 0 20510484 0
49 0 21671954 0
50 0 22226754 0
51 0 22033180 0
52 0 22914026 0
53 1 1502515 6912
54 0 21886317 0
55 1 837991 3838
56 0 19831595 0
57 0 21994577 0
58 0 22323915 0
59 1 1532565 7048
60 1 2576585 11869
61 1 541960 2843
62 1 2944180 13514
63 0 19808601 0
64 0 22388622 0
65 1 1434251 6589
66 1 3145601 14485
67 1 1526889 7020
68 0 21635692 0
69 0 22589345 0
70 1 1366901 6266
71 0 22528671 0
72 1 1421349 6540
73 0 21109635 0
74 0 19176375 0
75 0 20800019 0
76 1 1428977 7486
77 1 2011198 9247
78 0 21018789 0
79 0 20355683 0
80 1 1533427 7021
81 0 19932959 0
82 0 15566702 0
83 0 19672854 0
84 0 15664922 0
85 1 1826704 8403
86 0 19274425 0
87 1 1152059 5299
88 1 1496320 6893
89 0 21320429 0
90 1 1665485 8719
91 1 1488585 7813
92 0 20490860 0
93 1 1489473 6853
94 0 15503107 0
95 1 1523474 7032
96 1 1393976 7313
97 1 1490525 6854
98 0 18459489 0
99 0 19654418 0
100 0 22570813 0
101 0 15734775 0
102 0 20068909 0
103 1 1101299 5054
104 0 22353511 0
105 1 1803726 8290
106 0 18178964 0
107 1 1985197 9132
108 0 19150234 0
109 0 19844902 0
110 0 20037280 0
111 1 1467822 6729
112 0 19199290 0
113 0 22928667 0
114 1 954974 5010
115 1 1512079 6936
116 0 22543541 0
117 0 22119433 0
118 1 87881 377
119 0 22542576 0
120 0 22809163 0
121 0 20921766 0
122 0 21057820 0
123 0 21327818 0
124 0 19878364 0
125 0 21084544 0
126 1 1801536 8270
127 0 20009139 0
128 1 1413675 7402
129 1 1289572 5939
130 0 18921554 0
131 1 953567 4352
132 1 1563219 7109
133 0 20224758 0
134 0 19623547 0
135 0 21395987 0
136 0 22362220 0
137 1 1033065 4727
138 1 2894953 13370
139 0 20285696 0
140 1 1788667 8243
141 0 20696951 0
142 1 916503 4210
143 0 18389280 0
144 1 1403234 6486
145 0 19075981 0
146 1 1350414 6233
147 0 19829587 0
148 1 1319602 6055
149 1 1207570 5587
150 0 18905044 0
151 0 19474834 0
152 0 15742190 0
153 1 2200708 10165
154 1 2092049 9647
155 0 18949508 0
156 1 1031622 4756
157 1 2288804 10581
158 1 2351969 10875
159 0 21832991 0
160 1 2522244 11291
161 0 21513108 0
162 1 615160 3182
163 1 3290478 15214
164 1 1316028 6091
165 1 79732 349
166 1 1652523 7642
167 1 902412 4158
168 0 22389501 0
169 1 1792639 8281
170 0 20283608 0
171 0 19104115 0
172 0 19683666 0
173 0 19928529 0
174 1 1535909 7086
175 0 22587265 0
176 1 1058966 4864
177 0 22198863 0
178 0 22113247 0
179 0 22651882 0
180 0 22058456 0
181 0 19720737 0
182 0 20237259 0
183 1 1153333 5319
184 0 19673727 0
185 0 21794337 0
186 1 1475674 6785
187 1 1042037 4806
188 0 19544457 0
189 1 980802 4540
190 0 19692831 0
191 0 19500020 0
192 1 2262867 10451
193 1 1304908 6037
194 1 355065 1616
195 0 22002817 0
196 0 19889957 0
197 0 21978205 0
198 1 1093107 5030
199 1 1697172 7826
200 1 1207084 5572
201 0 15530323 0
202 1 2160387 9936
203 0 15744092 0
204 0 19371287 0
205 0 18525281 0
206 0 15647316 0
207 0 19772030 0
208 0 18986397 0
209 1 2198918 10157
210 0 15578987 0
211 0 19445410 0
212 1 1411304 6485
213 1 268315 1230
214 1 1719249 7935
215 0 18812059 0
216 0 18976131 0
217 1 1785834 8253
218 0 22019868 0
219 0 19535782 0
220 1 1363490 6287
221 1 1792193 8278
222 0 20193720 0
223 1 1251504 5773
224 1 1212613 5601
225 0 18626658 0
226 0 19679820 0
227 0 20290046 0
228 0 18368017 0
229 1 1396559 6452
230 1 1992713 9209
231 1 2021193 9335
232 1 1407239 6500
233 0 19186522 0
234 0 19523840 0
235 0 15757561 0
236 1 1345046 6191
237 1 1142362 5276
238 1 2177739 10065
239 0 19224980 0
240 0 16714033 0
241 1 2149635 9948
242 0 18668037 0
243 1 437514 1998
244 0 18753236 0
245 1 1146246 6017
246 0 19702335 0
247 0 15645513 0
248 1 2240409 10261
249 1 1512374 6893
250 0 19740576 0
251 1 1130258 5191
252 1 1867274 9823
253 0 15661558 0
254 1 1748459 8060
255 1 355412 1620
256 1 1311097 6046
257 0 22302212 0
258 0 19080749 0
259 0 19527117 0
260 0 22089450 0
261 0 18704052 0
262 0 20670221 0
263 1 2468804 11337
264 1 1561813 8200
265 1 240754 1093
266 0 22449951 0
267 1 2164728 9991
268 1 1716333 7928
269 1 966680 4462
270 1 461183 2125
271 1 1467232 6777
272 0 19764665 0
273 1 1280276 5884
274 0 19490993 0
275 0 19787767 0
276 0 19929565 0
277 0 21432273 0
278 1 1380965 6391
279 0 20887252 0
280 0 20067388 0
281 1 1889311 8723
282 1 1913066 8810
283 0 19708010 0
284 1 1384673 6381
285 0 19328327 0
286 1 1065870 4927
287 1 3165277 14692
288 0 19116457 0
289 0 19560941 0
290 0 18862630 0
291 0 19068877 0
292 1 1511518 6946
293 0 20195984 0
294 1 769207 3449
295 0 19383082 0
296 0 19060630 0
297 0 20053609 0
298 0 22755601 0
299 1 465906 2114
300 0 20590159 0
301 0 21368729 0
302 0 19958259 0
303 1 1423645 6567
304 1 1650251 7626
305 1 1739453 8039
306 0 19591483 0
307 1 2370857 10956
308 1 2150942 9919
309 1 1454881 6721
310 1 995932 5218
311 0 18575114 0
312 1 2091660 9663
313 0 19906537 0
314 0 19113252 0
315 0 19920865 0
316 0 20099620 0
317 0 20459512 0
318 1 1534038 8037
319 0 20128814 0
320 0 15558127 0
321 0 19698672 0
322 0 19631911 0
323 1 1460894 7636
324 0 20017424 0
325 0 20063706 0
326 0 15596099 0
327 0 15739878 0
328 0 18747327 0
329 1 522287 2391
330 1 1604679 7409
331 1 1109504 5111
332 1 1637954 7564
333 0 18974864 0
334 1 1725736 7965
335 1 1570415 7205
336 1 1573863 7264
337 0 22139358 0
338 0 22763388 0
339 0 20144277 0
340 1 2536932 11714
341 1 1540676 7102
342 1 1144194 5275
343 1 1329394 6145
344 0 22153479 0
345 1 1718073 8985
346 1 2214901 10243
347 0 19658939 0
348 0 19002659 0
349 1 1575138 7276
350 1 1356039 6267
351 0 21484475 0
352 1 1816671 8382
353 0 20474344 0
354 1 1255482 6542
355 1 1300510 5960
356 1 1097671 5039
357 1 1182412 5460
358 0 19959030 0
359 0 19446355 0
360 1 1686583 7790
361 0 19046676 0
362 1 2932592 13608
363 0 18726593 0
364 0 19583177 0
365 0 15698289 0
366 0 15841726 0
367 0 22376116 0
368 0 15594099 0
369 0 21855499 0
370 1 1390643 7314
371 0 20660409 0
372 0 22205914 0
373 1 2691460 12326
374 0 20842540 0
375 0 15528232 0
376 0 20287107 0
377 1 536103 2430
378 0 22338913 0
379 1 1774381 8135
380 0 15616049 0
381 0 15719606 0
382 1 1356419 7101
383 1 3192965 14625
384 0 20585779 0
385 0 21865964 0
386 1 1967781 9019
387 1 1392545 6381
388 0 19439870 0
389 0 20306404 0
390 0 20839907 0
391 1 890603 4094
392 1 1318297 6047
393 1 1994270 9168
394 0 19911508 0
395 1 1205379 5516
396 0 21002446 0
397 0 21943327 0
398 1 1330634 6971
399 1 2978733 13717
400 1 1520981 6948
401 0 21218301 0
402 0 20101353 0
403 1 1396838 7318
404 0 19595540 0
405 1 1581027 7257
406 1 1450600 6659
407 1 2809916 12943
408 0 20358631 0
409 0 19742681 0
410 1 1227891 5646
411 1 1192057 5310
412 1 1287804 5908
413 1 1562656 7206
414 1 1360104 6284
415 0 20109541 0
416 0 18729940 0
417 1 1584708 7296
418 0 22311848 0
419 1 2608716 11947
420 0 20485655 0
421 0 15723674 0
422 1 118006 524
423 1 2233613 10355
424 0 19530909 0
425 0 19707619 0
426 1 2811124 12977
427 0 18519721 0
428 0 19696357 0
429 0 19966134 0
430 0 19691668 0
431 0 21996718 0
432 1 1361415 7112
433 1 1183173 5431
434 0 19716097 0
435 1 1321449 6043
436 0 15504284 0
437 1 1456748 6691
438 0 19088474 0
439 0 21540361 0
440 0 21964214 0
441 0 22745967 0
442 1 2065117 9457
443 0 22325021 0
444 1 1321471 6027
445 0 15643585 0
446 1 1261191 5778
447 1 1322840 6083
448 0 22502848 0
449 0 20583285 0
450 0 22638279 0
451 1 1388600 6345
452 0 21364371 0
453 0 19896104 0
454 1 1486766 6810
455 1 1082504 4978
456 1 1140146 5247
457 0 21792765 0
458 1 1228104 5611
459 1 1684618 7753
460 0 19782091 0
461 0 19281629 0
462 0 22289200 0
463 0 21369021 0
464 0 15727374 0
465 1 1467537 6739
466 0 15852136 0
467 0 22801333 0
468 0 20149286 0
469 0 19325165 0
470 0 22254967 0
471 0 22598997 0
472 1 1343566 6164
473 0 22601040 0
474 1 1621440 7432
475 0 22723214 0
476 0 23144875 0
477 1 2061131 9458
478 0 19750759 0
479 1 1763324 8085
480 0 18938015 0
481 0 18597901 0
482 0 21244170 0
483 1 1939011 8908
484 0 20710364 0
485 1 1263380 5795
486 1 1448841 6664
487 0 19902835 0
488 1 3717142 17097
489 1 1472376 6763
490 0 22441662 0
491 1 1703754 7816
492 0 21715683 0
493 1 1192052 5457
494 0 20696762 0
495 1 1596544 7308
496 0 21277405 0
497 0 22177456 0
498 0 20554214 0
499 1 1637279 7528
500 0 22880601 0
501 0 22492608 0
502 0 20555246 0
503 1 1136222 5211
504 0 22435040 0
505 0 21354655 0
506 0 20850794 0
507 0 15719909 0
508 0 15558854 0
509 0 21424278 0
510 0 21029060 0
511 1 1137019 5206
512 0 19772221 0
513 0 20398526 0
514 0 20020093 0
515 1 1347912 6177
516 1 1666689 7654
517 0 22090502 0
518 0 19664352 0
519 0 19517838 0
520 1 1332242 6120
521 0 20476448 0
522 0 20613984 0
523 1 2404422 11034
524 0 15544085 0
525 1 1442938 6598
526 0 21347354 0
527 0 22365465 0
528 1 990042 4545
529 0 22785334 0
530 1 1523749 6989
531 1 1397186 6436
532 0 20869646 0
533 1 1495349 6864
534 0 22419268 0
535 0 21028591 0
536 1 414219 1887
537 0 19945461 0
538 0 19916688 0
539 1 2288423 10470
540 1 2550796 11754
541 1 1516373 6916
542 1 422332 1938
543 0 19832340 0
544 0 19026154 0
545 1 1276957 5846
546 0 19051083 0
547 1 2371276 10905
548 1 1494152 6857
549 0 20390818 0
550 0 18616002 0
551 0 20668115 0
552 1 3190941 14597
553 0 16562524 0
554 0 19056615 0
555 1 1481666 6795
556 0 20520513 0
557 1 1393274 7293
558 1 2949620 13510
559 0 21412667 0
560 1 2715907 12511
561 0 20441715 0
562 1 1215126 5524
563 0 16609732 0
564 0 22948043 0
565 1 1554872 7096
566 1 1718992 7875
567 1 1533015 7042
568 0 19045872 0
569 1 1598849 7322
570 1 1564988 7176
571 0 21378599 0
572 0 19885874 0
573 1 1730597 7954
574 1 1503137 7891
575 0 20337165 0
576 1 2611679 12006
577 1 1081802 4924
578 1 1398763 6429
579 1 1745938 8028
580 1 1798073 8282
581 1 1247765 5737
582 1 1140603 5208
583 1 726789 3338
584 0 18476216 0
585 1 1649696 7555
586 1 1323673 6086
587 1 1423382 6515
588 0 19791106 0
589 0 18987000 0
590 1 2206650 10102
591 0 18759685 0
592 1 1646521 7556
593 1 3147159 14464
594 1 1071579 4930
595 1 3782401 17446
596 1 1587876 7295
597 1 1325828 6104
598 0 20945867 0
599 1 1445771 6603
600 1 1609575 7404
601 1 2421162 11203
602 1 496306 2275
603 0 23012645 0
604 1 1259725 5789
605 1 2541484 11684
606 1 1559140 7176
607 1 1879395 8648
608 0 21321045 0
609 1 1261395 5796
610 0 19220457 0
611 0 19977536 0
612 0 16799638 0
613 0 19156774 0
614 0 21592735 0
615 0 20436517 0
616 0 19031329 0
617 0 15771503 0
618 1 2173776 10025
619 0 19839815 0
620 0 19481936 0
621 1 1132061 5203
622 0 19601758 0
623 1 2386515 11001
624 0 19937740 0
625 0 18682681 0
626 1 1013965 4650
627 0 18325799 0
628 0 19669585 0
629 1 1253795 5790
630 0 19997823 0
631 0 21044117 0
632 0 20292307 0
633 0 19759982 0
634 1 47680 176
635 1 1014230 4681
636 0 18518680 0
637 0 18552849 0
638 1 2907236 13432
639 0 20483772 0
640 1 1694110 7786
641 0 19166586 0
642 1 1577435 7282
643 0 20347165 0
644 1 1222915 5611
645 1 1263748 5817
646 0 18979501 0
647 1 1265723 5808
648 0 19089929 0
649 0 18853097 0
650 1 791556 4139
651 0 18997159 0
652 0 19615954 0
653 1 1621644 7465
654 0 19207148 0
655 1 1067450 4920
656 1 1069125 4907
657 0 21039347 0
658 1 1320715 6083
659 0 20034709 0
660 0 22114984 0
661 0 22232621 0
662 0 15652355 0
663 1 1454389 6710
664 0 19582113 0
665 1 1613839 7438
666 0 21466463 0
667 0 19749913 0
668 0 19590461 0
669 0 20234120 0
670 1 1904512 8760
671 1 1368434 6324
672 1 1432165 6609
673 1 674187 3108
674 1 1357027 6258
675 1 1072119 4943
676 0 20611836 0
677 0 19476416 0
678 0 19817135 0
679 0 20697111 0
680 1 1496296 6900
681 0 19343511 0
682 0 22110671 0
683 1 1202499 5482
684 1 2572230 11891
685 1 1281032 5918
686 1 1484809 6855
687 1 3365133 15518
688 1 1391946 6426
689 1 808926 3731
690 0 19942552 0
691 1 1438700 7532
692 0 18893021 0
693 1 1955171 9022
694 1 1627986 7524
695 0 20554310 0
696 1 1842916 8500
697 0 19078270 0
698 1 2560551 11757
699 1 1315451 6074
700 1 1528633 7059
701 0 18356584 0
702 0 18713302 0
703 1 1396732 6436
704 1 512568 2365
705 0 19090843 0
706 0 19520746 0
707 0 15751869 0
708 1 1608390 7410
709 0 20137020 0
710 1 1194114 6243
711 0 15768112 0
712 0 20803362 0
713 1 1255890 5769
714 1 1510063 6970
715 0 22349520 0
716 0 21016319 0
717 1 1591007 7340
718 0 19803790 0
719 1 750505 3456
720 1 1203378 5546
721 1 920377 4241
722 0 21396016 0
723 0 19579379 0
724 0 21674382 0
725 1 641039 2941
726 0 19797702 0
727 1 1540998 7099
728 0 19765418 0
729 0 21825962 0
730 0 22973591 0
731 1 1772438 9312
732 1 1032311 4767
733 0 16585433 0
734 0 19706569 0
735 0 22592897 0
736 1 1752797 8092
737 1 929131 4251
738 0 20450611 0
739 1 1488461 6844
740 0 18561115 0
741 0 18991042 0
742 1 1204939 6257
743 0 22791114 0
744 1 1249247 5726
745 1 1350932 6212
746 1 2259100 10352
747 0 20717100 0
748 1 1726441 7931
749 0 21689473 0
750 0 21205212 0
751 0 21569984 0
752 1 1729562 7908
753 0 21480619 0
754 0 19833953 0
755 1 1242246 5694
756 1 1190228 5465
757 1 1280802 5879
758 1 1230756 5652
759 1 1317048 6064
760 0 22473600 0
761 0 22682405 0
762 1 1638518 8570
763 0 19905206 0
764 1 1449917 7599
765 1 1929472 8896
766 0 22540906 0
767 1 811089 3738
768 0 21598404 0
769 0 19485718 0
770 0 19799792 0
771 1 2315633 10696
772 0 20123515 0
773 0 21946411 0
774 0 21914963 0
775 0 20488462 0
776 0 20280943 0
777 0 20189364 0
778 0 19626984 0
779 0 21486582 0
780 1 1369006 6313
781 0 20220209 0
782 1 1876794 8664
783 1 1457251 6736
784 1 1472143 6796
785 0 20021525 0
786 1 1867344 8631
787 1 1602291 7418
788 0 20450414 0
789 1 1421939 6558
790 0 19038697 0
791 1 2298906 10619
792 1 679864 3119
793 0 19164876 0
794 1 1388997 6367
795 1 1493141 6889
796 1 2263774 10472
797 0 19257818 0
798 0 19142367 0
799 1 1670470 7701
800 0 19927605 0
801 0 19496802 0
802 0 19721701 0
803 0 20763622 0
804 0 21647623 0
805 0 20078185 0
806 0 15536929 0
807 1 1181167 5467
808 0 18445161 0
809 0 15575345 0
810 1 1831526 8435
811 1 1252015 5749
812 1 1428532 6595
813 0 19167167 0
814 0 18984397 0
815 1 1095329 5039
816 0 19324088 0
817 0 18419275 0
818 1 1567799 7211
819 0 18960726 0
820 1 1290758 5920
821 0 18859860 0
822 1 1563585 7172
823 1 1283136 5901
824 0 19229296 0
825 0 20491786 0
826 0 22640249 0
827 1 1374637 6308
828 0 19104097 0
829 1 1824313 8370
830 0 21776275 0
831 0 21153780 0
832 0 22812396 0
833 0 22585358 0
834 0 20093579 0
835 0 19850547 0
836 0 19163279 0
837 1 1821920 8399
838 0 15610626 0
839 0 19233388 0
840 1 1698778 7832
841 1 1946599 8992
842 0 19589830 0
843 1 1098928 5732
844 1 1282746 5912
845 0 19086899 0
846 0 21868690 0
847 1 1546574 7132
848 0 20007423 0
849 0 19665937 0
850 0 20812528 0
851 0 21977945 0
852 1 1707089 7874
853 1 1779790 8222
854 0 21037966 0
855 1 507088 2651
856 1 1464002 6706
857 1 1656392 7661
858 0 18916709 0
859 0 15555878 0
860 1 1749773 8091
861 0 15624442 0
862 0 19531975 0
863 0 19624082 0
864 1 1068242 4915
865 0 19171896 0
866 0 19778705 0
867 0 18819824 0
868 0 18906338 0
869 1 536902 2456
870 1 1356496 6218
871 1 1748375 7989
872 1 1787602 8212
873 1 1775524 8162
874 1 2399643 10998
875 1 432615 1980
876 1 1868237 8563
877 1 1661306 7611
878 1 2134885 9806
879 0 19202591 0
880 0 19173483 0
881 1 1345401 6177
882 1 1418025 6519
883 1 1168216 5363
884 0 22210894 0
885 0 15712346 0
886 1 1728237 7942
887 0 15697968 0
888 0 15552753 0
889 1 1417228 6505
890 1 2069048 9509
891 0 19514026 0
892 1 1394237 6411
893 1 1174004 5336
894 0 19041817 0
895 0 20150508 0
896 0 21454991 0
897 0 19044114 0
898 0 21697939 0
899 0 22605312 0
900 0 15833868 0
901 0 19072794 0
902 1 2244960 10319
903 1 1149980 5288
904 0 19992696 0
905 1 1662842 7641
906 0 19399905 0
907 1 1653373 7592
908 1 1258229 5791
909 0 18909340 0
910 0 20774940 0
911 1 2173693 9997
912 1 1214155 5576
913 0 19402554 0
914 1 1368850 7179
915 0 20491148 0
916 0 18610277 0
917 1 1147778 5273
918 0 20511438 0
919 0 22141224 0
920 0 21232351 0
921 0 15893541 0
922 0 20110858 0
923 0 19837732 0
924 0 19489022 0
925 1 1641745 7542
926 1 878588 4034
927 1 2181343 10015
928 1 1582749 7267
929 1 1522092 6984
930 0 19750000 0
931 0 22500026 0
932 1 2618325 12024
933 0 22095306 0
934 1 1383697 6357
935 0 20030520 0
936 1 1805038 8303
937 0 22212310 0
938 0 19053462 0
939 0 22920422 0
940 1 1113917 5120
941 0 19392988 0
942 1 2493478 11444
943 0 19019120 0
944 1 1473852 7733
945 1 1553076 7141
946 0 21961926 0
947 0 22108354 0
948 1 1638923 7539
949 0 22861733 0
950 0 20643179 0
951 0 15744289 0
952 0 21588338 0
953 1 1759044 8077
954 1 1591332 7321
955 1 724960 3306
956 0 22383679 0
957 0 20517221 0
958 0 21407256 0
959 0 22751139 0
960 1 1178709 5414
961 1 2188076 10061
962 0 21860662 0
963 0 22939783 0
964 0 22074948 0
965 1 1583103 7267
966 1 1466011 6720
967 1 1353839 6222
968 0 22816312 0
969 0 15432899 0
970 1 1195424 6153
971 1 1362716 6249
972 1 1686777 7758
973 0 20180867 0
974 1 2103053 9644
975 1 1623424 7464
976 1 1154072 5312
977 1 749664 3431
978 1 1423152 6540
979 1 1288483 5899
980 1 1186848 5455
981 1 1324035 6085
982 0 19252811 0
983 0 20652241 0
984 1 1533177 7031
985 0 19244672 0
986 0 19337875 0
987 1 884011 4056
988 0 21829769 0
989 0 22349982 0
990 1 1336883 6108
991 0 19529399 0
992 0 20244181 0
993 0 22277581 0
994 0 21645998 0
995 1 1746962 9172
996 0 15461251 0
997 1 1494646 7859
998 0 15698947 0
999 1 1461934 6731
1000 1 1911778 8791
1001 1 1573864 7210
1002 0 19682377 0
1003 0 20384178 0
1004 1 1550295 7107
1005 1 280426 1274
1006 1 1876358 8617
1007 0 15546400 0
1008 0 19668092 0
1009 0 20333974 0
1010 1 1455308 6695
1011 1 471106 2155
1012 0 20284983 0
1013 0 21851288 0
1014 0 22984459 0
1015 1 1583875 7282
1016 1 1921402 8813
1017 0 20848024 0
1018 1 1224225 5603
1019 1 973322 4464
1020 0 20487092 0
1021 1 1583818 7267
1022 0 21292002 0
1023 0 22795123 0
1024 1 714069 3266
1025 0 15562424 0
1026 1 1159427 5324
1027 0 19378442 0
1028 0 15747477 0
1029 0 20381920 0
1030 0 21081929 0
1031 1 1427249 6523
1032 0 20917241 0
1033 0 19635555 0
1034 0 21145283 0
1035 0 20981876 0
1036 0 19852717 0
1037 0 21906368 0
1038 0 18948735 0
1039 0 22413724 0
1040 0 19584465 0
1041 0 22160997 0
1042 1 1266029 5812
1043 0 21168131 0
1044 1 1471654 6754
1045 1 1489129 6844
1046 1 1035820 4642
1047 0 19475658 0
1048 0 22326415 0
1049 0 21642715 0
1050 0 19635773 0
1051 0 20217059 0
1052 1 1282977 5862
1053 1 1868642 8528
1054 1 1994925 9131
1055 1 1326424 6103
1056 1 1142787 5232
1057 0 18843451 0
1058 0 22426659 0
1059 0 19642254 0
1060 1 1400754 6469
1061 0 18999309 0
1062 1 1810054 8362
1063 0 19795360 0
1064 0 18889180 0
1065 1 1462876 7675
1066 1 881185 4067
1067 0 18289883 0
1068 1 2182574 10093
1069 0 22593984 0
1070 1 1471326 6777
1071 0 20894702 0
1072 1 2130105 9803
1073 1 702369 3192
1074 1 681114 3137
1075 1 1662380 7665
1076 1 2403814 11078
1077 1 1906228 8813
1078 0 19208739 0
1079 0 20614594 0
1080 1 2744605 12680
1081 1 2397296 11052
1082 0 19629344 0
1083 0 19179556 0
1084 1 2124324 9787
1085 0 18398697 0
1086 1 1615340 7458
1087 0 18590812 0
1088 1 45120 181
1089 1 220310 1005
1090 0 20432417 0
1091 0 19198881 0
1092 0 19623646 0
1093 0 20171006 0
1094 1 1517876 7003
1095 0 20157112 0
1096 1 1166551 6111
1097 0 18986357 0
1098 1 1606974 8416
1099 1 1804446 8321
1100 1 1444322 6658
1101 1 591203 2721
1102 1 1985509 9177
1103 0 19360297 0
1104 0 15396175 0
1105 1 1394795 6422
1106 0 18942784 0
1107 0 19600025 0
1108 0 19090295 0
1109 0 19235998 0
1110 0 19693314 0
1111 0 19155612 0
1112 0 21470188 0
1113 1 1334549 6157
1114 1 1410151 7395
1115 1 1616345 7469
1116 0 15839967 0
1117 1 821573 3786
1118 1 731564 3356
1119 1 1609478 7440
1120 0 20095533 0
1121 0 21585152 0
1122 1 1214424 6339
1123 0 22381135 0
1124 0 22030073 0
1125 0 19125771 0
1126 1 1596300 7314
1127 1 904167 4166
1128 1 1533146 7073
1129 0 20474183 0
1130 0 21927214 0
1131 0 15843228 0
1132 1 919864 4240
1133 0 19853778 0
1134 1 1711777 7849
1135 0 18929650 0
1136 0 15395657 0
1137 0 22145631 0
1138 1 1165334 5343
1139 1 3247903 14919
1140 0 19794735 0
1141 0 19805649 0
1142 0 21947058 0
1143 1 1332303 6099
1144 0 19117357 0
1145 1 850427 3896
1146 0 20188704 0
1147 1 1375950 6312
1148 0 19367116 0
1149 0 19257596 0
1150 0 15696498 0
1151 1 1232937 5462
1152 1 1412869 6483
1153 1 2714178 12496
1154 0 22891229 0
1155 0 19177512 0
1156 1 1663412 7655
1157 0 22284380 0
1158 1 1369633 6282
1159 0 21713291 0
1160 1 1738082 7983
1161 1 1142171 5250
1162 1 1373648 6315
1163 1 1094360 4994
1164 1 1377790 6328
1165 0 22632031 0
1166 1 2009018 9238
1167 0 20239216 0
1168 1 2083315 9586
1169 1 1623289 7464
1170 0 19792529 0
1171 1 1490493 6838
1172 0 22083274 0
1173 1 2806658 12989
1174 0 21764157 0
1175 0 20936303 0
1176 0 15822012 0
1177 1 976044 4477
1178 0 20112963 0
1179 0 21824345 0
1180 0 20688856 0
1181 0 20470170 0
1182 0 20044549 0
1183 0 21602616 0
1184 1 412415 1878
1185 1 1637472 7538
1186 1 1338746 6133
1187 0 20379271 0
1188 0 22297350 0
1189 0 21406561 0
1190 1 1624778 7485
1191 1 1199679 5505
1192 0 21064056 0
1193 1 1271014 5851
1194 0 21462293 0
1195 0 19743840 0
1196 0 21215923 0
1197 0 22735233 0
1198 0 20179141 0
1199 1 1676166 7693
0 0 15591897 0
1 0 19982236 0
2 0 19075348 0
3 0 19068119 0
4 0 19381122 0
5 0 20484630 0
6 0 19870698 0
7 0 19945798 0
8 0 21976693 0
9 0 20520118 0
10 0 19350686 0
11 0 15672268 0
12 0 19633952 0
13 0 19397799 0
14 0 15562742 0
15 1 1186793 5421
16 0 20595531 0
17 1 1679312 7772
18 1 1273809 5905
19 0 19920022 0
20 1 846619 4411
21 0 21205368 0
22 1 1692044 7807
23 0 20171932 0
24 1 1646275 7565
25 0 19169255 0
26 0 17790668 0
27 0 15569960 0
28 0 19392519 0
29 0 22176936 0
30 1 1414338 6523
31 1 1281653 5906
32 1 1671113 7694
33 0 19797061 0
34 0 19733287 0
35 1 851500 3907
36 1 886787 4079
37 1 1314640 6041
38 1 1451499 6666
39 1 1868146 8611
40 0 21705006 0
41 0 15304889 0
42 0 22057672 0
43 0 15387739 0
44 1 1929528 8939
45 1 2274787 10562
46 1 2282362 10594
47 0 18584197 0
48 0 19373096 0
49 1 1596990 8396
50 1 1323540 6124
51 0 18504281 0
52 0 19731471 0
53 1 2778911 12836
54 1 1794325 8318
55 1 1294487 6000
56 1 1524998 7067
57 0 18565357 0
58 0 22480066 0
59 1 1403143 6456
60 0 20228565 0
61 0 19697506 0
62 0 22042724 0
63 0 22184603 0
64 0 20811985 0
65 0 20747444 0
66 0 19867919 0
67 1 1072738 4964
68 0 19462100 0
69 0 18615846 0
70 1 1754305 8125
71 0 15853371 0
72 0 19210341 0
73 0 18654247 0
74 1 1521118 7020
75 0 21818997 0
76 0 20344813 0
77 0 15699523 0
78 0 19324616 0
79 1 1533748 7087
80 1 1387079 6427
81 0 21469842 0
82 1 1759737 8140
83 0 20133044 0
84 0 20962433 0
85 1 1407217 7391
86 0 19386471 0
87 1 1480646 6843
88 0 18992153 0
89 0 18892063 0
90 0 22333501 0
91 1 1442028 7550
92 0 22262129 0
93 0 22116308 0
94 1 1127377 5183
95 1 2324181 10766
96 0 21377883 0
97 1 1588863 8314
98 0 21591207 0
99 0 19214568 0
100 1 513398 2358
101 1 1585172 7340
102 0 18900648 0
103 0 19014897 0
104 0 19634423 0
105 0 19818792 0
106 1 1555326 8151
107 0 19436613 0
108 0 18887306 0
109 1 1164797 6113
110 0 19207806 0
111 1 1396852 6448
112 1 1265575 5856
113 0 18811233 0
114 1 1105802 5810
115 0 18580591 0
116 0 19247512 0
117 0 19756419 0
118 0 19720379 0
119 1 1535581 8029
120 0 19804784 0
121 1 2633191 12133
122 1 1619916 8509
123 1 1955141 8977
124 0 18950070 0
125 1 209702 940
126 0 19748696 0
127 1 1367873 6300
128 1 1050366 4868
129 1 1426393 6610
130 0 19114868 0
131 1 1313644 6061
132 0 18854676 0
133 0 22243781 0
134 0 15769067 0
135 0 22038660 0
136 1 1200718 5525
137 0 19099516 0
138 1 1945246 9011
139 0 18321493 0
140 0 18553885 0
141 0 21021421 0
142 1 2559732 11859
143 0 18939945 0
144 1 1229037 5680
145 0 18593981 0
146 0 22451835 0
147 1 1226211 6444
148 0 20735055 0
149 0 20749991 0
150 1 1565196 7206
151 1 657027 3033
152 1 1786655 8514
153 1 1535892 7085
154 0 20717484 0
155 1 700399 3221
156 1 112791 504
157 0 20964640 0
158 0 15644182 0
159 0 20261285 0
160 1 1102709 5092
161 1 1973706 9137
162 0 19324883 0
163 0 19532239 0
164 1 1213539 5574
165 0 15531191 0
166 1 2082973 9601
167 1 1653658 7629
168 0 20013487 0
169 0 19339367 0
170 1 1878674 8694
171 0 20492673 0
172 1 1442165 6649
173 1 1267301 5797
174 0 19257316 0
175 1 484500 2188
176 1 1660966 8754
177 1 623292 2844
178 1 324058 1484
179 1 1968348 9096
180 0 18767545 0
181 1 2281918 10522
182 0 19735680 0
183 0 15661215 0
184 0 18811550 0
185 1 1210230 5522
186 0 21643053 0
187 1 3051483 14059
188 0 20211544 0
189 0 21401216 0
190 0 15953033 0
191 0 15968010 0
192 0 19658884 0
193 1 618661 2835
194 1 1270725 5865
195 1 935963 4918
196 0 20294629 0
197 1 1521808 6979
198 0 19895100 0
199 0 15412293 0
200 1 1377707 6337
201 0 15723201 0
202 1 1406860 6464
203 0 22668607 0
204 0 21841984 0
205 0 20902372 0
206 0 19140483 0
207 1 1642679 7589
208 1 2257827 10464
209 0 20310603 0
210 0 19841015 0
211 1 1013672 4685
212 0 19069642 0
213 0 18703873 0
214 0 22022894 0
215 1 1485978 6870
216 1 1162886 5380
217 0 20649870 0
218 0 18869929 0
219 1 1577154 7285
220 1 1329085 6141
221 0 20698320 0
222 1 1801002 8325
223 1 1983322 9184
224 0 19320687 0
225 1 194090 873
226 1 2057782 9475
227 1 1995033 9186
228 0 19002423 0
229 1 1555937 8183
230 1 1211823 5534
231 0 22341146 0
232 1 453022 2036
233 0 20803567 0
234 1 1540447 8087
235 1 989954 4529
236 0 22536178 0
237 1 891647 4085
238 0 21372886 0
239 0 22624323 0
240 1 1555812 7166
241 0 20903439 0
242 0 21096083 0
243 0 20620944 0
244 0 20419587 0
245 0 22223443 0
246 0 20855402 0
247 0 19561593 0
248 0 19731173 0
249 0 19326047 0
250 0 19645343 0
251 1 1004061 4596
252 0 19798318 0
253 1 1455456 6696
254 1 1255329 5778
255 0 19287138 0
256 0 20801667 0
257 1 325526 1474
258 0 15673336 0
259 1 168586 746
260 1 1029999 4745
261 0 18807064 0
262 0 19937817 0
263 0 21232341 0
264 0 21252595 0
265 1 528554 2387
266 0 21784902 0
267 0 22388939 0
268 0 19695622 0
269 0 19602451 0
270 1 1745580 9157
271 0 20887618 0
272 0 22887940 0
273 1 1155147 5288
274 0 22783597 0
275 0 21631835 0
276 1 2954760 13523
277 0 19643881 0
278 0 19342744 0
279 0 19766753 0
280 1 952190 4974
281 0 18544154 0
282 0 19390705 0
283 1 31636 99
284 0 18951798 0
285 0 15499775 0
286 0 19623161 0
287 1 1000582 4608
288 0 19073675 0
289 1 1513216 6952
290 0 16937797 0
291 1 1724253 7930
292 0 19351032 0
293 0 20837652 0
294 1 1546726 7112
295 0 23018379 0
296 1 1471983 6776
297 1 1123466 5170
298 0 21349173 0
299 1 2298406 10570
300 0 21046734 0
301 1 1625831 8540
302 0 20892085 0
303 0 21938659 0
304 0 22651287 0
305 0 21021815 0
306 1 997235 5228
307 1 912299 4210
308 0 21157166 0
309 1 3137808 14367
310 1 1522847 7752
311 1 1482779 6821
312 0 20434248 0
313 1 820050 3766
314 0 19571978 0
315 1 3433899 15827
316 0 22504127 0
317 1 1386373 6385
318 1 1809176 8341
319 1 1230825 5678
320 1 1033561 4722
321 0 21589909 0
322 0 21823422 0
323 1 1819566 8322
324 1 2367449 10858
325 0 15333646 0
326 1 906693 4149
327 1 1057300 4862
328 1 1375613 6301
329 0 19178203 0
330 0 21485095 0
331 0 15704955 0
332 0 21687423 0
333 0 20416787 0
334 1 1364045 7159
335 0 19497276 0
336 0 15753014 0
337 1 1969678 9062
338 0 19693879 0
339 0 20676706 0
340 0 19368424 0
341 0 20137433 0
342 1 2239419 10276
343 0 19982440 0
344 1 2331015 10750
345 0 15639343 0
346 1 1657703 7636
347 0 21939325 0
348 1 1698894 7811
349 0 19272284 0
350 1 1441053 6650
351 0 20582753 0
352 0 15697399 0
353 0 21973972 0
354 0 21930294 0
355 1 1044513 4771
356 0 22220214 0
357 0 20470001 0
358 1 673214 3057
359 0 19603014 0
360 1 1133382 5207
361 1 1369790 6290
362 1 111939 498
363 1 723750 3330
364 1 1594644 7348
365 0 19581365 0
366 1 1450449 6642
367 0 19405017 0
368 0 20058528 0
369 1 1820828 8376
370 1 924296 4255
371 0 20754495 0
372 1 1662764 7632
373 1 2276830 10474
374 0 15865236 0
375 0 22238716 0
376 0 19769127 0
377 1 1243565 5731
378 0 18907795 0
379 1 1575444 7215
380 1 1173636 5411
381 1 1593220 7349
382 0 18990626 0
383 0 19950654 0
384 1 1389751 6410
385 1 1432327 6600
386 1 1231935 5685
387 0 18914866 0
388 0 18832360 0
389 1 988957 4541
390 0 22850407 0
391 1 607916 2777
392 0 21393107 0
393 0 18989118 0
394 0 20299269 0
395 0 19893210 0
396 1 1757433 8137
397 1 1178855 5457
398 1 767037 4031
399 0 19205911 0
400 1 1311463 6073
401 0 22672215 0
402 1 1181936 5419
403 0 19161749 0
404 1 1505168 6924
405 0 22510812 0
406 0 19209554 0
407 0 20970680 0
408 0 18859099 0
409 1 1080821 4977
410 1 1828240 8476
411 1 1208970 5591
412 1 1963305 9093
413 1 1715686 7956
414 0 18959465 0
415 0 19883148 0
416 1 1073093 5611
417 1 1116142 5154
418 1 1452447 6723
419 1 1744837 8087
420 1 1354936 6276
421 1 1790542 8303
422 0 20267172 0
423 1 1578680 8282
424 1 1065089 4915
425 0 21750440 0
426 0 20719419 0
427 1 848002 3918
428 0 20925776 0
429 1 844924 3887
430 0 22442145 0
431 0 22238670 0
432 0 21948170 0
433 0 21205237 0
434 1 1466276 6752
435 0 18616771 0
436 0 19653152 0
437 1 558903 2496
438 1 1463549 6766
439 0 20410228 0
440 0 21774980 0
441 0 20136799 0
442 0 20655183 0
443 1 1617945 7494
444 0 19694901 0
445 1 1528806 7059
446 1 1586950 8363
447 0 19859075 0
448 1 567423 2593
449 1 2083169 9651
450 1 2148351 9944
451 0 20062774 0
452 1 1386198 6410
453 0 20511778 0
454 0 19937941 0
455 1 1501917 6941
456 1 1578357 7293
457 1 858715 3964
458 1 1020558 4721
459 1 267261 1196
460 0 19495372 0
461 1 1980589 9124
462 1 1624954 7493
463 0 22057025 0
464 0 19843247 0
465 0 15453941 0
466 1 1541682 7104
467 1 1326371 6110
468 0 21325248 0
469 0 15617362 0
470 1 1953576 9026
471 1 1710972 7925
472 0 15597408 0
473 0 18972090 0
474 1 1372652 6354
475 1 1328189 6160
476 0 19298631 0
477 0 19716375 0
478 1 1340703 6214
479 1 406890 2129
480 1 1482874 6870
481 0 18513290 0
482 0 15857811 0
483 0 18904670 0
484 1 1896634 8787
485 0 19356720 0
486 1 2114277 9793
487 0 21932591 0
488 1 776596 3585
489 0 20221267 0
490 0 18986833 0
491 1 1963259 10311
492 1 1665471 7710
493 1 726219 3173
494 0 19333197 0
495 0 19213979 0
496 0 19611772 0
497 1 2078406 9632
498 1 1429849 6593
499 0 15586644 0
500 0 20333613 0
501 0 22181291 0
502 1 1072946 5555
503 1 1394103 6382
504 0 20013535 0
505 0 20053034 0
506 0 21366528 0
507 1 2102999 9691
508 0 21154958 0
509 0 20196683 0
510 1 1123868 5155
511 1 1650327 7605
512 0 22909240 0
513 0 19366012 0
514 0 21468197 0
515 1 1052767 5507
516 0 21151538 0
517 1 1605059 7388
518 0 19813493 0
519 0 18354455 0
520 1 407919 1876
521 1 1569154 7267
522 0 19497893 0
523 1 2348338 10868
524 0 18790608 0
525 1 986371 4548
526 1 2435267 11260
527 0 18964154 0
528 0 15947218 0
529 0 19292780 0
530 0 19825960 0
531 0 18873787 0
532 1 1832306 8485
533 1 2191519 10141
534 0 18667278 0
535 1 675617 3095
536 0 19360105 0
537 0 19334758 0
538 1 1012439 4647
539 1 2393395 11082
540 1 1874762 8668
541 1 2030814 9393
542 1 1913304 8863
543 1 778804 3590
544 0 18862930 0
545 0 22560308 0
546 1 1305183 6837
547 0 19670852 0
548 1 1571959 8258
549 0 22908616 0
550 1 1519132 6999
551 1 1594804 8398
552 1 2091370 9664
553 0 20974743 0
554 1 803163 3694
555 1 1220917 5617
556 0 19814066 0
557 0 15509670 0
558 0 19371652 0
559 0 18872768 0
560 1 1478277 6811
561 0 19255982 0
562 1 1541138 7084
563 1 1983405 9132
564 0 18823280 0
565 1 687151 3136
566 1 1275842 5881
567 1 1709443 7891
568 0 18898213 0
569 1 2397354 10986
570 0 19021213 0
571 1 1241008 5711
572 0 18736242 0
573 0 20474248 0
574 0 22443379 0
575 0 19603202 0
576 1 1220984 5623
577 1 1501088 6910
578 1 1372637 6319
579 0 22291204 0
580 1 1671473 7690
581 1 1815329 9536
582 0 22681450 0
583 0 22094959 0
584 1 581732 2680
585 1 1026666 4762
586 0 18965498 0
587 0 19244138 0
588 1 2058154 9528
589 1 2123112 9817
590 0 15390827 0
591 0 15522520 0
592 1 708829 3243
593 1 1582835 8319
594 1 1380070 7242
595 1 1628599 7496
596 1 2089839 9608
597 0 20216240 0
598 1 1159142 6093
599 0 21484664 0
600 1 851988 3906
601 0 21561528 0
602 0 18994497 0
603 0 15651184 0
604 1 1310318 6024
605 1 1000062 4595
606 0 21777019 0
607 0 19994348 0
608 0 21066552 0
609 1 285400 1283
610 0 20775758 0
611 1 1944183 8933
612 0 21808692 0
613 0 22495377 0
614 1 1222076 5624
615 1 1308014 6023
616 0 20447979 0
617 1 1580902 7275
618 0 19489234 0
619 0 21302117 0
620 1 1327746 6059
621 1 1659083 7612
622 0 19860302 0
623 0 22243572 0
624 0 19641038 0
625 0 15526715 0
626 0 18786405 0
627 0 22972760 0
628 1 715680 3275
629 0 22990959 0
630 0 22357163 0
631 0 19190856 0
632 0 19166602 0
633 0 21577752 0
634 1 1935324 10172
635 0 18854287 0
636 0 19192197 0
637 1 1357160 7108
638 1 1620810 7506
639 1 2350748 10900
640 0 21428856 0
641 0 21575454 0
642 1 1465250 7687
643 1 375965 1725
644 0 21598428 0
645 1 767494 3543
646 1 735285 3383
647 0 20529546 0
648 1 1090847 4987
649 0 18817030 0
650 1 1583451 7331
651 0 19106679 0
652 1 1104191 5094
653 1 1692976 7836
654 0 18242333 0
655 0 22613880 0
656 1 1549892 8143
657 1 2109352 9755
658 1 1259094 5792
659 1 1593268 7337
660 1 1187266 5474
661 0 18959627 0
662 1 2601929 12043
663 0 19682701 0
664 1 1985535 9116
665 0 19267314 0
666 0 19346986 0
667 0 20359991 0
668 1 1383380 6349
669 0 18573843 0
670 0 18675113 0
671 0 20108067 0
672 1 732971 3354
673 1 1167290 5334
674 1 1552678 7146
675 0 19407365 0
676 1 1110152 5831
677 1 1436530 6651
678 1 936365 4334
679 0 19554962 0
680 1 1953830 8983
681 1 1277231 6716
682 1 1464242 6789
683 0 19417266 0
684 1 1409270 6513
685 0 21402186 0
686 1 1705590 7880
687 1 1576066 7309
688 1 1451569 6714
689 0 20133367 0
690 1 1340576 6202
691 0 19051625 0
692 0 22791162 0
693 1 1736207 8009
694 1 1039041 4806
695 0 20887778 0
696 0 15598734 0
697 1 1402825 6487
698 1 1784770 8257
699 1 1189406 5449
700 1 1413381 6550
701 0 18598677 0
702 0 21619261 0
703 1 1227092 5640
704 0 20604083 0
705 1 1158180 5357
706 0 19280472 0
707 0 18697847 0
708 0 22172765 0
709 1 1336414 6180
710 1 2070109 9586
711 1 1832233 8493
712 1 1429103 6622
713 0 18971994 0
714 0 15382308 0
715 0 20305271 0
716 0 19895575 0
717 1 14204 23
718 0 18683878 0
719 0 22673335 0
720 0 20222568 0
721 0 15890912 0
722 1 2575855 11933
723 1 1586841 7349
724 1 2130469 9872
725 1 1955951 9070
726 0 18590373 0
727 0 15677005 0
728 0 20199627 0
729 0 19198189 0
730 0 19623317 0
731 0 19494987 0
732 1 978837 5132
733 1 1961123 9086
734 1 1173570 5414
735 0 19092944 0
736 1 1589517 7067
737 0 15414325 0
738 1 1138630 5239
739 0 19638216 0
740 1 767971 3527
741 0 22210927 0
742 1 1523225 6992
743 0 20525929 0
744 0 19737544 0
745 0 18867901 0
746 0 19776137 0
747 0 22915995 0
748 1 2535683 11649
749 1 438343 2286
750 0 18896084 0
751 1 1643444 7494
752 1 83793 414
753 1 807136 3717
754 0 19870223 0
755 0 15671940 0
756 1 1645039 7581
757 0 19366657 0
758 0 21732568 0
759 0 21935027 0
760 0 22786857 0
761 0 22629497 0
762 1 2028283 9338
763 0 20677475 0
764 1 1283521 5895
765 1 1552124 7141
766 0 22433244 0
767 1 1181680 5410
768 0 22891028 0
769 0 22435898 0
770 0 19454796 0
771 1 1492881 7846
772 0 18886180 0
773 1 1567642 8224
774 1 1231626 5693
775 0 18713982 0
776 1 941844 4356
777 1 1817059 8419
778 1 1256679 5812
779 1 1550533 7133
780 1 1178344 6150
781 0 19211911 0
782 0 18760457 0
783 0 15780253 0
784 1 1114990 5153
785 1 1609061 7434
786 1 1125259 5191
787 0 19588296 0
788 1 1349306 6247
789 0 19115833 0
790 0 20111086 0
791 0 20577852 0
792 0 19928773 0
793 0 18443749 0
794 0 19763342 0
795 0 19622257 0
796 0 15685449 0
797 0 19667527 0
798 0 18387329 0
799 0 19092463 0
800 1 1678707 7745
801 0 17712654 0
802 1 753458 3935
803 1 1511446 7004
804 1 1412197 6533
805 0 22382132 0
806 0 19936336 0
807 1 1307487 5981
808 1 864028 3985
809 1 1020641 4718
810 0 19457760 0
811 0 15503415 0
812 1 1484975 6836
813 0 21809677 0
814 1 1059814 4885
815 1 1066982 4905
816 0 20399271 0
817 1 1062257 4868
818 1 1342416 6213
819 1 2002740 9281
820 0 18601569 0
821 0 18186888 0
822 0 19237211 0
823 1 1914463 10083
824 0 18356430 0
825 1 1408753 7423
826 0 20935907 0
827 1 601031 2760
828 1 1298596 5985
829 0 20413223 0
830 1 1351827 6243
831 0 15673730 0
832 0 19871289 0
833 1 959005 4420
834 1 1852594 8550
835 1 89378 439
836 0 19171677 0
837 0 15677680 0
838 1 1235245 5699
839 0 19436855 0
840 1 1750944 8078
841 1 1265161 5862
842 0 19010096 0
843 1 1547481 8122
844 1 1500624 6949
845 0 19711968 0
846 0 20219877 0
847 1 1170717 5374
848 0 19140062 0
849 0 19050058 0
850 1 1406839 6485
851 0 19299105 0
852 1 2291665 10536
853 1 715786 3289
854 0 18955782 0
855 0 19929728 0
856 0 19905605 0
857 0 19107386 0
858 0 21446621 0
859 1 1297014 5993
860 1 1772258 8205
861 0 20985163 0
862 1 796305 3672
863 0 19018381 0
864 0 21503792 0
865 0 22121468 0
866 1 1372376 6335
867 0 15636913 0
868 0 19940848 0
869 0 20119931 0
870 0 19717234 0
871 1 1055258 4881
872 0 20070569 0
873 0 22168129 0
874 1 1772779 8188
875 1 1531574 7113
876 0 20663965 0
877 0 15894859 0
878 0 20320146 0
879 0 15585411 0
880 1 1311711 6892
881 0 19214189 0
882 1 1463746 7714
883 1 2019678 9367
884 0 18907075 0
885 0 21724547 0
886 0 15645782 0
887 0 20093372 0
888 1 2196130 10154
889 1 1659156 7693
890 1 1474822 6819
891 0 19931744 0
892 1 1618737 8510
893 0 19534803 0
894 0 20335768 0
895 0 19175561 0
896 0 20117427 0
897 0 15398277 0
898 0 19253930 0
899 0 19029845 0
900 1 1318071 6035
901 1 637952 2946
902 0 19780870 0
903 1 1525508 7032
904 0 19045408 0
905 1 1893922 8751
906 0 15452883 0
907 0 20518359 0
908 0 20209717 0
909 0 20278890 0
910 0 18921483 0
911 0 19088246 0
912 0 19708401 0
913 0 17715853 0
914 0 18496559 0
915 0 19543637 0
916 0 19264940 0
917 1 1150262 6035
918 0 19393697 0
919 1 1751202 8099
920 1 2094745 9709
921 1 858525 3975
922 0 18286178 0
923 1 1483452 6874
924 1 1558847 7206
925 1 1264822 5849
926 1 1625590 7531
927 1 1144361 5302
928 1 1447404 6698
929 0 21481493 0
930 0 20149242 0
931 0 19733917 0
932 0 20417578 0
933 0 15612043 0
934 1 1473021 7754
935 0 19251867 0
936 1 1435503 7528
937 1 1379009 6367
938 1 674860 3116
939 1 1502191 6846
940 0 19042723 0
941 1 538776 2475
942 0 22208459 0
943 0 20390998 0
944 1 1171886 5422
945 1 1883971 8724
946 0 19011545 0
947 1 1323658 6112
948 0 22502613 0
949 1 2221942 10278
950 1 881958 4081
951 0 15522812 0
952 0 20139698 0
953 0 18733932 0
954 0 19532071 0
955 0 21951124 0
956 0 19629480 0
957 1 1689157 7826
958 0 20159138 0
959 0 19484777 0
960 0 19051161 0
961 0 19901865 0
962 0 22656891 0
963 1 1397198 6429
964 0 22024410 0
965 0 17476323 0
966 0 19984603 0
967 0 21023022 0
968 1 830124 3827
969 1 1416339 6552
970 0 19878120 0
971 0 20860254 0
972 0 15631267 0
973 0 20568887 0
974 0 18568502 0
975 1 359919 1630
976 0 18990185 0
977 0 21206514 0
978 1 1829457 8442
979 0 18922060 0
980 1 1194078 5524
981 0 20050034 0
982 0 21535621 0
983 1 1092338 5035
984 0 18572280 0
985 0 18911517 0
986 0 21909357 0
987 0 15360863 0
988 1 1133232 5241
989 1 1310099 6057
990 1 1672197 7735
991 1 2244380 10370
992 0 18420015 0
993 1 1449044 6667
994 0 19198521 0
995 0 18499786 0
996 1 1583349 7323
997 1 1820369 8434
998 0 20345856 0
999 0 22056386 0
1000 1 1403887 6486
1001 1 912129 4805
1002 0 22069912 0
1003 1 1842366 8504
1004 1 1917133 8866
1005 1 1477081 6841
1006 1 1420771 6575
1007 1 1554983 7197
1008 1 1911874 10072
1009 1 1971728 9135
1010 1 1420023 6563
1011 1 1358597 6284
1012 1 2200920 10094
1013 0 18879090 0
1014 0 15295253 0
1015 0 15819780 0
1016 1 1626903 7484
1017 0 21498201 0
1018 1 1485013 6822
1019 1 812298 4264
1020 1 1297757 5978
1021 1 1184785 5461
1022 0 19301621 0
1023 0 18726698 0
1024 1 524010 2390
1025 0 22155626 0
1026 0 21955617 0
1027 0 21267622 0
1028 0 21329937 0
1029 0 15651476 0
1030 0 22514074 0
1031 0 22477199 0
1032 0 22663207 0
1033 0 22573631 0
1034 0 20768117 0
1035 1 2092219 9635
1036 0 22572270 0
1037 0 16961238 0
1038 1 1329205 6110
1039 1 1639057 8577
1040 0 20220720 0
1041 1 1161874 5323
1042 0 19004842 0
1043 1 1528605 7042
1044 0 19196706 0
1045 1 1309400 6855
1046 1 1414583 6505
1047 1 1269115 5848
1048 0 19195636 0
1049 1 1332105 6122
1050 0 18375668 0
1051 0 21932795 0
1052 0 15641596 0
1053 0 19364818 0
1054 1 1718682 9044
1055 0 20494797 0
1056 1 1502251 6900
1057 0 19388505 0
1058 1 1259142 5790
1059 1 1915909 8825
1060 1 2002073 9217
1061 0 15729798 0
1062 1 1153792 6038
1063 1 1543843 7095
1064 1 1110607 5119
1065 1 253525 1145
1066 0 19503812 0
1067 1 1333377 6137
1068 0 19424081 0
1069 1 783289 3558
1070 1 1450701 6687
1071 0 21614769 0
1072 0 15644838 0
1073 0 19086444 0
1074 1 389165 1767
1075 0 19010493 0
1076 1 1820581 8337
1077 1 763364 3504
1078 1 1051330 4851
1079 0 20630085 0
1080 0 19281708 0
1081 1 1549077 7112
1082 0 19474548 0
1083 0 15543868 0
1084 0 19313956 0
1085 0 22299938 0
1086 0 19730055 0
1087 0 22225135 0
1088 1 1484205 6817
1089 1 1579296 7283
1090 0 19899974 0
1091 1 1451376 6657
1092 1 2801353 12930
1093 0 21879680 0
1094 0 20918714 0
1095 0 15645819 0
1096 0 19213528 0
1097 0 21582648 0
1098 0 19576993 0
1099 1 1417816 6549
1100 1 1575382 7295
1101 1 815225 3766
1102 1 1515468 7016
1103 0 21172734 0
1104 1 1561874 8200
1105 0 22420022 0
1106 0 21506015 0
1107 0 21228286 0
1108 1 1093989 5051
1109 0 15675579 0
1110 1 1480014 7801
1111 0 19818465 0
1112 1 1296237 5917
1113 0 21704041 0
1114 1 1683733 8854
1115 1 2557966 11802
1116 1 2161466 9966
1117 0 19587900 0
1118 0 22751807 0
1119 1 889256 4075
1120 0 19541405 0
1121 1 3274155 15177
1122 1 1433786 6631
1123 1 2059864 9451
1124 0 22150585 0
1125 1 1961292 9002
1126 1 1430497 6584
1127 0 19386081 0
1128 1 1213759 5563
1129 0 22376990 0
1130 1 557278 2546
1131 0 20075147 0
1132 0 21297975 0
1133 0 20703355 0
1134 0 20495341 0
1135 0 19482216 0
1136 1 1672006 7695
1137 1 868714 3997
1138 1 1136764 5233
1139 1 984277 4511
1140 0 16012060 0
1141 1 1569655 7171
1142 1 1280395 5872
1143 0 18868775 0
1144 0 19426329 0
1145 0 20906861 0
1146 1 22846 74
1147 1 1291821 5941
1148 0 19615623 0
1149 1 1589871 8351
1150 0 19898419 0
1151 0 20094234 0
1152 0 19870744 0
1153 1 599427 2735
1154 0 19996568 0
1155 1 1143687 5238
1156 0 19409629 0
1157 0 19586684 0
1158 1 1862457 8606
1159 0 19544134 0
1160 0 21257627 0
1161 0 21575567 0
1162 0 19788780 0
1163 1 2550542 11833
1164 0 15537381 0
1165 0 22347651 0
1166 0 22424606 0
1167 0 19636843 0
1168 0 19152090 0
1169 0 19793360 0
1170 0 15969100 0
1171 1 593355 2725
1172 0 19080935 0
1173 0 15583208 0
1174 1 1485040 6847
1175 0 19158401 0
1176 1 1589036 8323
1177 0 20453479 0
1178 0 15469271 0
1179 0 21297297 0
1180 1 1575620 8249
1181 1 2031500 9406
1182 1 1169334 5411
1183 0 21199580 0
1184 1 1638022 7594
1185 0 20042485 0
1186 1 1368430 6331
1187 1 1586059 7352
1188 0 22162560 0
1189 0 20656524 0
1190 1 2738683 12714
1191 1 1380137 6392
1192 0 22818211 0
1193 0 20448761 0
1194 1 1934735 8915
1195 1 1746870 8105
1196 0 20588976 0
1197 1 1320827 6100
1198 1 1439905 6654
1199 0 18897121 0
