0 0 19140028 0
1 0 19979113 0
2 0 20521746 0
3 1 1562558 7206
4 1 886157 4100
5 0 19510834 0
6 0 18356549 0
7 1 1630789 7539
8 0 19554835 0
9 0 19689557 0
10 1 1719280 7977
11 0 18604028 0
12 1 1550380 8014
13 1 1629186 8546
14 1 1232750 5684
15 1 1649427 7645
16 1 1954476 9047
17 1 1489756 6911
18 0 20497520 0
19 0 19470918 0
20 1 1229030 6445
21 1 1608745 7459
22 1 1506518 7919
23 0 20252545 0
24 1 1587230 7332
25 0 15525100 0
26 0 15589080 0
27 1 1320813 6100
28 1 1250004 6571
29 0 20312791 0
30 0 18979923 0
31 1 2575084 11905
32 0 15777557 0
33 0 19272870 0
34 1 2017500 9341
35 0 19173305 0
36 0 18810914 0
37 1 1236018 5698
38 0 18876948 0
39 0 20193059 0
40 1 1786306 8269
41 1 269032 1228
42 1 2716352 12658
43 1 1762556 8164
44 0 18826704 0
45 0 21995255 0
46 1 507258 2303
47 0 18720321 0
48 0 21390783 0
49 0 19945846 0
50 1 1258109 5818
51 1 1370633 6342
52 0 19075498 0
53 0 19134457 0
54 1 2897828 13426
55 0 22315793 0
56 1 1911206 8859
57 0 22070276 0
58 0 20278348 0
59 0 22067871 0
60 0 20677375 0
61 0 15737379 0
62 1 2729514 12622
63 1 1626008 7538
64 0 18953907 0
65 1 1825267 8466
66 0 19496180 0
67 0 15459779 0
68 0 19126436 0
69 0 19365436 0
70 1 2166819 10006
71 0 18856542 0
72 0 15305433 0
73 0 19521514 0
74 0 21739287 0
75 0 21763262 0
76 1 1825088 9600
77 1 3282986 15230
78 1 1843709 8534
79 0 21338297 0
80 1 1825732 8465
81 0 19966031 0
82 0 15364087 0
83 1 1137256 5259
84 0 19869425 0
85 1 1650695 8664
86 1 1525573 7038
87 1 3244686 14982
88 1 1783877 8271
89 1 119234 531
90 1 1211651 5606
91 0 19755596 0
92 1 1431508 7533
93 1 1166235 5407
94 0 19371456 0
95 1 2339353 10817
96 1 1911599 8865
97 1 2507790 11597
98 0 18849720 0
99 0 22732117 0
100 0 21588597 0
101 1 1117983 5123
102 0 20180736 0
103 0 19507535 0
104 0 19394949 0
105 0 15416868 0
106 0 18643284 0
107 0 21021497 0
108 0 19925247 0
109 0 19779945 0
110 1 1428571 7501
111 0 18295495 0
112 1 1711993 7919
113 0 15335681 0
114 1 3217861 14796
115 0 19737729 0
116 1 1290033 6758
117 0 21199484 0
118 0 19655475 0
119 1 2810083 13050
120 1 662718 3062
121 0 19183866 0
122 0 19165107 0
123 1 1631361 7546
124 0 19414008 0
125 0 21367527 0
126 1 2069861 9564
127 0 20804685 0
128 1 1337626 6184
129 1 1945040 8953
130 1 943671 4343
131 0 20286244 0
132 0 20559494 0
133 1 1774789 8163
134 1 1927822 8892
135 0 22352135 0
136 0 20985761 0
137 1 2309259 12157
138 0 20413958 0
139 0 18707711 0
140 0 21276500 0
141 1 1216386 5619
142 1 1800521 8341
143 0 18887608 0
144 1 1565130 7239
145 0 19852729 0
146 1 1359157 7128
147 0 20054907 0
148 1 1309896 6017
149 0 19917979 0
150 0 20327310 0
151 0 15260779 0
152 0 18736930 0
153 0 19372901 0
154 1 602398 2752
155 1 1728047 9096
156 1 680687 3136
157 0 18729304 0
158 1 1283968 5940
159 0 19208836 0
160 1 1132098 5961
161 1 1462346 6776
162 0 19709236 0
163 0 20431869 0
164 1 1591874 7369
165 0 22047971 0
166 1 1677596 7755
167 0 21721709 0
168 0 19282042 0
169 1 1795123 8311
170 0 19839789 0
171 0 15768468 0
172 1 1686771 7827
173 0 19687628 0
174 1 790279 4127
175 1 3191655 14809
176 0 22352860 0
177 0 15647818 0
178 0 19258203 0
179 0 21587179 0
180 0 21428864 0
181 0 19783759 0
182 1 1492745 6912
183 1 1633207 7569
184 0 20447962 0
185 0 19563358 0
186 0 18667099 0
187 1 1624581 7506
188 0 19371687 0
189 1 1026943 4743
190 0 19099899 0
191 1 1091423 5041
192 0 19252156 0
193 1 2042899 9429
194 0 16817048 0
195 1 1203219 6316
196 0 18988122 0
197 0 19478695 0
198 0 19070348 0
199 1 1529602 7081
200 0 19190926 0
201 0 20747425 0
202 1 1428565 6608
203 0 18834930 0
204 1 1493270 6892
205 0 20296910 0
206 1 1633150 8575
207 0 19360783 0
208 1 1580395 7328
209 1 1497853 7889
210 0 18902349 0
211 0 22411226 0
212 1 2148997 9928
213 0 19373285 0
214 1 1566358 7242
215 1 1181142 5471
216 0 18928607 0
217 0 20861687 0
218 0 19302172 0
219 1 1469519 6786
220 1 1276195 5916
221 1 3254690 15106
222 1 963135 4418
223 0 22294931 0
224 1 1246917 5753
225 0 19753892 0
226 0 19512651 0
227 0 19165878 0
228 0 18712522 0
229 1 2855494 13220
230 0 18887843 0
231 0 19778831 0
232 1 1599679 7361
233 0 20107848 0
234 1 2203721 10204
235 1 1708030 7920
236 1 1926897 8935
237 0 20914385 0
238 0 20321797 0
239 0 18576961 0
240 0 19221931 0
241 0 20946655 0
242 0 20613732 0
243 1 1640941 7551
244 1 1651222 7668
245 1 1133909 5248
246 0 20160971 0
247 1 1736097 8029
248 1 1393398 6448
249 0 18450363 0
250 1 1290747 5978
251 0 19899828 0
252 0 20324887 0
253 1 1049224 4818
254 1 1435891 6655
255 0 22056266 0
256 1 924619 4270
257 1 1173538 5432
258 1 535747 2476
259 0 22011905 0
260 0 21751349 0
261 0 21297176 0
262 1 1707354 7916
263 1 1633128 7572
264 0 21012263 0
265 1 1113552 5108
266 0 19743497 0
267 1 1801395 9462
268 1 2150119 9966
269 0 19281790 0
270 1 1507294 6917
271 0 19465381 0
272 0 19746514 0
273 0 21082913 0
274 1 1690947 7802
275 1 3371485 15637
276 1 1767922 8181
277 0 19267124 0
278 0 15454998 0
279 1 2813883 12959
280 1 1050669 4812
281 1 1581047 7294
282 0 20045094 0
283 0 20393416 0
284 1 1515789 6970
285 1 1751762 8083
286 0 19115505 0
287 0 22650647 0
288 1 1722823 7926
289 0 19789231 0
290 0 20022993 0
291 1 1657431 7625
292 0 20324832 0
293 1 1919287 8838
294 1 1908462 8804
295 0 19434302 0
296 1 874754 4018
297 0 19085484 0
298 0 15382788 0
299 1 1039969 4790
300 1 1159386 5345
301 1 1929734 8955
302 1 1139467 5273
303 0 18991063 0
304 1 1896481 8774
305 0 19871534 0
306 0 21249794 0
307 0 19592208 0
308 0 19074373 0
309 1 1523809 8002
310 1 1457722 6755
311 0 22698373 0
312 1 314826 1425
313 1 1468613 6776
314 1 1387110 6418
315 0 22315368 0
316 0 19440615 0
317 1 1400222 6474
318 1 1235761 5726
319 0 19616690 0
320 1 1556700 7169
321 1 138477 631
322 1 1509672 7003
323 1 1722056 7981
324 1 1578571 8299
325 0 18792961 0
326 1 1555710 8153
327 1 1468781 6793
328 0 22388156 0
329 0 15508705 0
330 1 2566812 11844
331 0 19870612 0
332 1 506210 2317
333 1 1547480 7131
334 0 19760270 0
335 1 1854426 8551
336 1 1601421 8437
337 1 1526121 8046
338 0 19801806 0
339 1 1826779 9587
340 1 1453754 6699
341 1 2890186 13308
342 0 19362613 0
343 0 20634301 0
344 0 15452956 0
345 0 20986467 0
346 1 32037 109
347 0 22353396 0
348 1 2501188 11512
349 1 1701725 7845
350 0 18758482 0
351 0 22184051 0
352 1 1267694 5820
353 0 20666095 0
354 1 2949827 13610
355 0 19644311 0
356 1 1730001 7954
357 1 1743029 7981
358 1 1841667 8495
359 1 1077142 4949
360 0 22630315 0
361 0 21928439 0
362 0 22602277 0
363 0 21007992 0
364 1 2011379 10558
365 1 209947 959
366 1 1360884 6271
367 0 20826066 0
368 1 753297 3447
369 1 2950235 13602
370 0 22203132 0
371 0 20514242 0
372 0 22133532 0
373 0 15325804 0
374 0 22617019 0
375 1 1168223 5339
376 0 21823757 0
377 1 1348863 6234
378 0 19682331 0
379 0 22454985 0
380 1 1217911 5654
381 0 19851058 0
382 1 850983 4453
383 0 15486495 0
384 1 1817451 8397
385 1 1218232 5643
386 1 2060111 9553
387 1 1886046 8731
388 1 906766 4767
389 1 2419859 11211
390 1 1781801 8247
391 0 19078643 0
392 0 19817845 0
393 1 1314532 6895
394 0 18965414 0
395 0 16110371 0
396 1 2370012 10984
397 0 20068228 0
398 1 1043789 4824
399 1 2000091 9285
400 0 19248805 0
401 0 15519496 0
402 1 1611132 7469
403 1 1984700 9192
404 1 2332790 10804
405 0 19285818 0
406 0 15629407 0
407 1 2577845 11972
408 1 1683524 8855
409 0 19453693 0
410 1 300351 1368
411 1 2099958 9725
412 0 19103842 0
413 1 1868852 8653
414 1 881922 4073
415 1 1378789 6396
416 0 22859880 0
417 1 1832117 9626
418 0 20887233 0
419 0 20782044 0
420 1 1642106 8621
421 1 3061271 14182
422 0 22360042 0
423 1 2134883 9852
424 1 1825693 8453
425 1 2995504 13912
426 1 2597792 12027
427 0 19119421 0
428 0 19783535 0
429 1 883629 4024
430 0 19037840 0
431 0 20540375 0
432 0 20237007 0
433 0 19834720 0
434 0 18240698 0
435 0 21052466 0
436 1 1085795 5002
437 1 2340914 10849
438 0 19280515 0
439 1 1286375 5938
440 0 19287651 0
441 0 18813733 0
442 0 19315223 0
443 0 19857713 0
444 1 981850 5159
445 1 1878582 8668
446 0 18746514 0
447 0 15528079 0
448 1 1541924 7123
449 1 2106363 9772
450 1 1925015 8887
451 1 1921422 8896
452 0 19694896 0
453 1 1561978 7194
454 0 19633349 0
455 0 19195757 0
456 1 1768255 8184
457 0 22902458 0
458 0 20163067 0
459 1 1751255 8095
460 1 1700301 7873
461 1 1613359 7470
462 1 1518408 7035
463 1 1880344 8717
464 1 1615784 7462
465 0 21539385 0
466 1 1087682 5031
467 0 22718105 0
468 1 1576654 8281
469 0 19790659 0
470 0 20057842 0
471 1 1909728 8838
472 0 19582878 0
473 1 213910 953
474 0 19497596 0
475 1 1100986 5084
476 1 1875669 8697
477 1 1722604 7928
478 1 2776325 12941
479 1 833652 3805
480 1 1645404 7631
481 1 3044642 14130
482 0 15794379 0
483 1 1255665 5783
484 0 20156003 0
485 0 18834963 0
486 0 15579694 0
487 0 19636383 0
488 1 1292919 5982
489 0 21620762 0
490 1 1659591 7689
491 0 19208272 0
492 1 1310490 6060
493 0 15623621 0
494 0 18761895 0
495 0 21721789 0
496 1 3615574 16862
497 0 19981103 0
498 0 20276478 0
499 0 19337042 0
500 1 1584329 7330
501 1 1561732 7229
502 0 19274636 0
503 1 340899 1565
504 0 18971508 0
505 1 2038507 9442
506 1 1233724 5720
507 0 18667799 0
508 0 22141797 0
509 1 2696026 12483
510 1 1494720 6927
511 0 21015665 0
512 1 1059995 4854
513 0 22265783 0
514 0 20693266 0
515 0 20317433 0
516 0 15407873 0
517 0 20532860 0
518 0 15540963 0
519 1 2548891 11812
520 1 1456601 7672
521 0 20252963 0
522 0 19498201 0
523 0 18866664 0
524 1 1574764 8262
525 0 19601244 0
526 0 19488703 0
527 0 20195056 0
528 0 16109788 0
529 1 2328805 10742
530 1 2662473 12269
531 0 18652881 0
532 1 1343106 7063
533 0 19324091 0
534 1 1739546 9150
535 1 2238271 10361
536 1 449637 2047
537 0 19784759 0
538 1 1686820 8854
539 0 20115260 0
540 1 1159168 5364
541 0 20780358 0
542 0 19979954 0
543 1 2799293 12974
544 0 20297585 0
545 1 2003514 9278
546 0 19473682 0
547 0 20504184 0
548 1 1655127 7646
549 0 19550206 0
550 0 21818906 0
551 0 19996745 0
552 1 1038119 4805
553 0 22473741 0
554 1 1643556 7593
555 0 22860391 0
556 1 1357725 6229
557 0 19890542 0
558 1 1183867 5477
559 0 18771349 0
560 0 19143085 0
561 0 19019442 0
562 1 1012349 4647
563 0 19124849 0
564 0 21861901 0
565 1 1237064 6492
566 1 1482858 6868
567 1 1606263 7447
568 0 21484411 0
569 1 1982200 9171
570 1 1471066 6802
571 0 21264442 0
572 0 20970887 0
573 1 1616660 7465
574 0 15681636 0
575 0 20776835 0
576 0 21156985 0
577 0 20092930 0
578 0 22168046 0
579 1 3098085 14222
580 1 1412705 6560
581 0 20261699 0
582 0 19155029 0
583 1 1730189 7991
584 0 15547850 0
585 1 2414302 11153
586 0 18538173 0
587 1 1558346 7205
588 1 1161780 5349
589 1 1970224 10376
590 1 1265471 5859
591 1 1565479 7237
592 0 19453639 0
593 1 498083 2278
594 1 2578276 11957
595 0 18947592 0
596 0 18790567 0
597 1 1379929 7252
598 1 1088548 5038
599 1 1411383 6536
600 0 15504280 0
601 0 21424385 0
602 0 18633803 0
603 0 19147232 0
604 1 1133058 5249
605 1 735406 3403
606 1 1590341 7358
607 0 15494808 0
608 0 18341063 0
609 0 20262039 0
610 1 2250907 10413
611 1 1574472 7291
612 1 1512517 6990
613 1 1810236 8395
614 0 19549964 0
615 0 15468618 0
616 1 1130865 5217
617 0 18776068 0
618 1 1535477 7105
619 1 2777971 12885
620 0 18800033 0
621 0 19340792 0
622 0 22359027 0
623 0 20404994 0
624 0 20020292 0
625 1 1856439 8605
626 1 2272633 10534
627 0 18932958 0
628 1 2031850 9418
629 0 21541558 0
630 1 934986 4313
631 0 19405778 0
632 1 2149301 9947
633 1 1444358 6647
634 1 1109415 5136
635 0 18683519 0
636 0 20407699 0
637 1 2177882 10088
638 0 19201626 0
639 1 2141256 9914
640 0 20167238 0
641 1 2101015 9742
642 1 324304 1494
643 1 1431886 6639
644 1 1680854 7789
645 0 18938883 0
646 1 1691961 7833
647 0 22851461 0
648 1 2173125 10076
649 1 1676000 7648
650 0 18854602 0
651 0 18872031 0
652 1 1464859 6774
653 0 21128394 0
654 0 21133470 0
655 0 19960049 0
656 0 22383533 0
657 0 19421044 0
658 0 15494410 0
659 0 20034203 0
660 0 15674090 0
661 1 1673417 8711
662 0 21708292 0
663 1 1528394 8037
664 1 3331730 15374
665 0 20745185 0
666 0 19892765 0
667 1 1793790 9409
668 1 1557992 7220
669 0 21955894 0
670 1 1239303 5750
671 1 1574959 7304
672 0 22848436 0
673 1 1630098 7515
674 1 1199170 5556
675 1 1027128 4760
676 1 1346608 6237
677 0 19875691 0
678 1 1643542 7598
679 0 22141107 0
680 1 1571653 7271
681 0 22344481 0
682 0 22853412 0
683 1 1799628 9453
684 1 1327880 6989
685 1 1633673 7579
686 0 22398778 0
687 1 1318706 6103
688 0 21082984 0
689 1 1865742 8623
690 0 19925463 0
691 1 1810097 8370
692 1 2567305 11888
693 0 19425399 0
694 0 19407971 0
695 0 15928999 0
696 0 20423043 0
697 1 1543277 7141
698 1 1483835 6885
699 1 1170224 5379
700 1 1622855 7490
701 1 1544515 7117
702 0 21563331 0
703 0 18840493 0
704 0 18445289 0
705 1 1628697 7544
706 0 19169393 0
707 0 19953131 0
708 1 1744201 8081
709 0 18985468 0
710 1 1532075 7086
711 0 18844385 0
712 0 18547037 0
713 0 15596797 0
714 0 21666924 0
715 0 20055448 0
716 1 1289677 5960
717 0 19454014 0
718 0 20562006 0
719 0 19040968 0
720 1 1319410 6081
721 0 22229322 0
722 0 19890124 0
723 1 1925177 8884
724 0 20024381 0
725 1 1745672 8046
726 0 19803433 0
727 1 2060974 9556
728 0 15703208 0
729 1 1926809 8918
730 0 20372171 0
731 0 15336936 0
732 0 18457496 0
733 1 1627295 7479
734 1 1409251 6514
735 1 2062485 9548
736 0 19469232 0
737 0 15623180 0
738 1 1680053 7793
739 1 2001533 9285
740 0 20041791 0
741 1 1351741 6233
742 1 1770829 8194
743 1 1546305 7171
744 1 1536534 7123
745 0 19610899 0
746 1 1266273 5839
747 0 19043008 0
748 0 19868307 0
749 0 19077095 0
750 0 22301425 0
751 0 21122180 0
752 1 1781064 8198
753 0 20431245 0
754 0 19256114 0
755 0 19455715 0
756 0 18807321 0
757 0 15688782 0
758 0 20048701 0
759 0 19278627 0
760 1 1374162 6369
761 0 19697534 0
762 0 22280547 0
763 0 15441157 0
764 1 1842676 9662
765 0 20274890 0
766 1 2057463 9521
767 0 19560590 0
768 0 18984786 0
769 0 18697949 0
770 1 3024985 13889
771 0 19182121 0
772 1 1648641 7638
773 1 1655077 7650
774 1 1691548 7795
775 1 1776151 8234
776 1 1823463 8459
777 0 20040392 0
778 0 20080327 0
779 0 19007691 0
780 0 19897898 0
781 1 1499993 6891
782 1 2125973 9817
783 1 1365257 6304
784 0 20140086 0
785 1 1022256 4695
786 1 1565569 7216
787 0 19704342 0
788 0 15722945 0
789 1 1921950 8857
790 0 19474171 0
791 0 15512818 0
792 0 20743034 0
793 0 20388933 0
794 1 1984893 9103
795 0 21617685 0
796 0 18958099 0
797 1 480131 2152
798 0 20790438 0
799 1 1738177 7980
800 1 1225669 5654
801 1 1847834 8490
802 1 3000131 13894
803 0 19597957 0
804 1 2062842 9484
805 1 1670217 8780
806 0 20707176 0
807 0 15709075 0
808 1 1952277 9027
809 1 2391179 11031
810 1 1674442 7752
811 0 19433044 0
812 1 440157 1973
813 1 518478 2388
814 0 18986396 0
815 0 19130191 0
816 0 19666696 0
817 1 1944805 9012
818 0 18574510 0
819 0 19763105 0
820 1 1614452 7474
821 0 21953903 0
822 0 20925196 0
823 1 1300212 6010
824 1 1870783 8670
825 0 20953566 0
826 0 21498692 0
827 0 22408926 0
828 1 1671779 8808
829 0 19330609 0
830 1 1942843 8996
831 1 1213218 5612
832 1 406855 1871
833 0 19897945 0
834 1 2063421 9564
835 0 15466523 0
836 1 1142928 5297
837 0 20036633 0
838 0 19511952 0
839 0 15635448 0
840 0 19701454 0
841 0 15481423 0
842 0 18791272 0
843 0 15458426 0
844 0 19052603 0
845 0 19431506 0
846 0 18854707 0
847 1 1492144 6872
848 1 1772811 9297
849 0 19514638 0
850 0 15681412 0
851 1 1645711 7605
852 0 18952933 0
853 1 1017952 4700
854 1 1927273 8911
855 0 20341113 0
856 0 20872880 0
857 0 19408436 0
858 1 1173783 5431
859 1 1311547 6081
860 0 19783334 0
861 0 18411267 0
862 0 21608765 0
863 1 937112 4314
864 0 19641233 0
865 0 19602606 0
866 1 1753863 8133
867 1 1255158 5810
868 0 19575760 0
869 0 19732768 0
870 1 2146945 9917
871 0 20139426 0
872 0 18864116 0
873 1 905542 4163
874 0 19922572 0
875 0 19987426 0
876 1 1897300 9957
877 0 20566720 0
878 0 19157359 0
879 1 1621353 7454
880 0 18839142 0
881 1 1534208 8063
882 1 1616852 7462
883 0 21983639 0
884 1 1818517 8359
885 1 1641559 7565
886 1 2812415 12971
887 1 1445859 6664
888 0 20505970 0
889 1 2229033 10245
890 1 1881811 8684
891 0 21406457 0
892 0 22785458 0
893 1 2068309 9522
894 0 22651690 0
895 0 22410285 0
896 0 22222121 0
897 1 732257 3335
898 1 2136258 9852
899 1 1381525 6370
900 1 1424877 6575
901 1 2179893 10069
902 0 21437573 0
903 1 1560576 8197
904 0 15526731 0
905 0 22296247 0
906 1 2030538 9348
907 0 21557367 0
908 1 2407491 11087
909 0 18681610 0
910 1 2584946 11922
911 1 1434156 6589
912 0 18916216 0
913 0 19881682 0
914 1 1735838 8001
915 0 20595519 0
916 1 1320066 6081
917 1 1933817 8907
918 0 19161859 0
919 0 15317248 0
920 1 2664438 12282
921 1 1739731 8013
922 0 18698531 0
923 1 1140458 5968
924 1 867059 3999
925 1 1501514 7893
926 1 1176614 5422
927 0 22207617 0
928 0 21167436 0
929 0 21101691 0
930 0 15655183 0
931 1 1601734 7380
932 1 1062143 4888
933 1 2862923 13216
934 1 859445 3960
935 1 1597406 7355
936 1 1201895 5542
937 0 15553847 0
938 0 19847627 0
939 0 19740477 0
940 1 1224290 5644
941 1 1147361 5270
942 0 20405295 0
943 0 15419829 0
944 0 20200493 0
945 0 18884686 0
946 1 1684802 7724
947 1 1253905 5764
948 0 21584101 0
949 1 1593583 7340
950 0 19798962 0
951 1 1403860 7366
952 0 18985239 0
953 1 1369156 6309
954 1 1598482 7361
955 0 19427581 0
956 1 2513427 11595
957 0 16139119 0
958 1 1727561 7928
959 1 2498679 11517
960 0 20818058 0
961 1 1382628 7292
962 0 20485384 0
963 1 1666700 7658
964 1 2285595 10548
965 1 1228446 5648
966 0 15592300 0
967 1 1374025 6319
968 0 22525963 0
969 1 1103856 5002
970 1 1721282 7923
971 1 833816 3826
972 0 22664791 0
973 0 22396932 0
974 1 1752274 8056
975 1 1407262 6472
976 1 1438875 6617
977 0 22621675 0
978 0 20438788 0
979 1 3556139 16490
980 0 20582352 0
981 1 2380581 10935
982 0 19939212 0
983 0 15530820 0
984 1 2735628 12572
985 0 22788362 0
986 0 22084744 0
987 0 15587817 0
988 1 2378904 10978
989 0 20127771 0
990 1 1526641 7029
991 0 21998869 0
992 1 1992361 9169
993 0 22614350 0
994 1 1358389 7146
995 1 1642880 7529
996 1 929537 4286
997 0 23158923 0
998 1 1943628 8956
999 1 1348672 6217
1000 1 1369072 6319
1001 1 347046 1583
1002 1 1775484 8197
1003 0 19449206 0
1004 0 18965687 0
1005 0 19498788 0
1006 0 18827475 0
1007 0 15469856 0
1008 0 18896565 0
1009 1 1218722 5618
1010 0 21401870 0
1011 0 21495382 0
1012 0 21779209 0
1013 0 18790044 0
1014 0 19198196 0
1015 1 1351225 6245
1016 0 20220372 0
1017 0 20125245 0
1018 0 15624809 0
1019 1 1708081 7911
1020 1 2167995 10039
1021 0 20202394 0
1022 0 18299353 0
1023 0 20469555 0
1024 1 1602433 7420
1025 0 20569758 0
1026 1 2100279 9739
1027 0 20936258 0
1028 0 19510156 0
1029 1 685581 3577
1030 1 3047687 14191
1031 0 21580787 0
1032 0 22253997 0
1033 1 1564079 8214
1034 0 21435608 0
1035 0 20736985 0
1036 0 20642742 0
1037 1 1740079 8046
1038 0 22636041 0
1039 0 19774580 0
1040 0 20134430 0
1041 1 2751687 12734
1042 0 20012411 0
1043 1 808047 3693
1044 0 21914542 0
1045 0 20178303 0
1046 1 863122 3941
1047 1 1595044 7396
1048 0 20175497 0
1049 0 19406542 0
1050 0 18607619 0
1051 0 20661792 0
1052 1 1624789 7500
1053 0 18835321 0
1054 0 22418618 0
1055 0 20788321 0
1056 0 19448520 0
1057 0 18906815 0
1058 1 1343010 7071
1059 1 1856108 8536
1060 1 1616593 8494
1061 1 1717311 7958
1062 1 1857834 9787
1063 0 18593345 0
1064 1 1375704 6363
1065 1 1484268 6889
1066 0 19159433 0
1067 1 1836172 8480
1068 1 1604835 7439
1069 1 1678398 7770
1070 1 2078482 9634
1071 1 1911309 8726
1072 0 20343892 0
1073 1 1748930 8090
1074 1 730252 3379
1075 1 1720536 7966
1076 0 18598834 0
1077 1 2371925 10982
1078 0 15455844 0
1079 0 19416358 0
1080 0 22122183 0
1081 1 1977828 9142
1082 0 20466150 0
1083 1 1302309 6765
1084 0 18927569 0
1085 0 15860306 0
1086 1 1945114 9014
1087 1 1911304 8863
1088 1 1509465 7954
1089 0 19554392 0
1090 1 1877295 8693
1091 1 1684477 7779
1092 0 19707137 0
1093 1 1427676 6610
1094 0 18327979 0
1095 1 2125728 9843
1096 1 1839462 8525
1097 0 19381404 0
1098 0 19334249 0
1099 1 2908061 13461
1100 0 15624180 0
1101 1 789212 3644
1102 0 19409622 0
1103 1 1521204 7030
1104 0 18517199 0
1105 1 1760743 8068
1106 0 18867280 0
1107 0 18765987 0
1108 1 1942560 8974
1109 0 18716105 0
1110 0 20764687 0
1111 0 20311948 0
1112 0 19318189 0
1113 1 1388274 6414
1114 0 22593678 0
1115 1 1898260 8765
1116 0 22334114 0
1117 1 1577600 7310
1118 1 1021086 5355
1119 1 1397296 6447
1120 1 1409531 6474
1121 1 1816040 8410
1122 1 800500 3692
1123 1 1738264 8038
1124 0 20239195 0
1125 1 951416 4389
1126 0 19559366 0
1127 0 18885740 0
1128 0 19164407 0
1129 0 19094995 0
1130 0 15268524 0
1131 0 21713710 0
1132 1 1770188 8206
1133 1 1513196 7008
1134 1 1758102 9266
1135 0 20044877 0
1136 1 1346587 6224
1137 0 21839994 0
1138 0 21603336 0
1139 0 20307500 0
1140 1 1644012 7592
1141 0 19024934 0
1142 0 15597465 0
1143 1 1521830 8010
1144 0 15839958 0
1145 1 1175719 6155
1146 0 18958694 0
1147 0 20633839 0
1148 1 2447635 11381
1149 1 802418 3715
1150 0 19843586 0
1151 0 18684295 0
1152 0 15658100 0
1153 1 1473418 6800
1154 0 19174872 0
1155 0 20076645 0
1156 1 2723387 12577
1157 1 1840423 8520
1158 0 18663553 0
1159 0 19119446 0
1160 0 18986815 0
1161 1 2274579 10504
1162 1 1178898 5459
1163 1 1527947 7081
1164 1 1370844 6350
1165 1 809116 3746
1166 1 966794 5074
1167 1 1789137 8249
1168 0 21601985 0
1169 0 20088436 0
1170 1 1204848 5565
1171 0 21916783 0
1172 0 19402059 0
1173 0 19808594 0
1174 1 1497331 6924
1175 1 1415281 6553
1176 0 21758346 0
1177 0 19537290 0
1178 0 20917086 0
1179 0 15722758 0
1180 1 1915137 8872
1181 0 20487784 0
1182 0 22156314 0
1183 1 1121224 5888
1184 1 3225879 14883
1185 0 19886505 0
1186 1 1210310 5576
1187 1 1556466 7186
1188 1 815344 3778
1189 1 2858142 13316
1190 1 1064927 4931
1191 1 1901957 8809
1192 1 1763092 8150
1193 1 1698408 7853
1194 1 1454476 7640
1195 1 1423332 6553
1196 0 22562284 0
1197 1 1661205 7683
1198 1 1205835 5581
1199 0 15534528 0
0 1 2023145 9333
1 0 19401699 0
2 1 1594858 7357
3 0 15416857 0
4 0 19888686 0
5 0 19650056 0
6 0 15627619 0
7 0 19066063 0
8 0 20340248 0
9 1 1551279 7185
10 0 19272975 0
11 0 19415305 0
12 1 979444 5130
13 1 1736030 8043
14 0 19844742 0
15 0 20064518 0
16 0 19776069 0
17 1 1574145 7234
18 0 19263904 0
19 0 15693287 0
20 1 1276087 5903
21 1 31187 126
22 0 19250816 0
23 1 1960516 9087
24 0 19517526 0
25 0 19477506 0
26 1 1696071 7820
27 0 19928979 0
28 0 19892756 0
29 0 19400654 0
30 1 1222082 5629
31 1 1400162 6471
32 0 19976266 0
33 0 19897601 0
34 0 20168045 0
35 1 2003351 9230
36 1 2110330 9779
37 0 19076392 0
38 0 15650118 0
39 1 967289 4475
40 0 19375840 0
41 1 778702 3582
42 0 20723739 0
43 1 3005572 13898
44 1 1684964 7791
45 1 2184772 10118
46 0 19653953 0
47 0 22385541 0
48 0 15811955 0
49 0 15561970 0
50 1 888833 4085
51 0 19912038 0
52 0 18753144 0
53 0 21599040 0
54 0 18981231 0
55 1 1541832 7109
56 0 19824448 0
57 1 1422166 7460
58 1 1822581 8410
59 1 2612000 12061
60 0 18702428 0
61 0 20765676 0
62 0 22172468 0
63 1 1444119 6635
64 0 20215351 0
65 1 2019887 9309
66 1 1260300 5791
67 0 15699552 0
68 0 18999823 0
69 0 21405326 0
70 0 15606794 0
71 0 21069067 0
72 1 1080678 5649
73 0 21056571 0
74 1 747194 3400
75 1 2707122 12479
76 1 2658446 12208
77 1 2101355 9653
78 1 1694541 8916
79 1 2455823 11332
80 0 18939683 0
81 0 19628460 0
82 0 15447919 0
83 0 19648733 0
84 0 19798484 0
85 0 19702059 0
86 0 23268321 0
87 0 20003889 0
88 1 1554155 7152
89 0 21732516 0
90 1 1343301 6156
91 0 18907385 0
92 0 21985797 0
93 1 2107803 9700
94 0 20981776 0
95 0 22540286 0
96 1 1908918 8773
97 0 21171516 0
98 0 20281209 0
99 0 19113204 0
100 1 1487818 6837
101 1 2085952 9610
102 0 21882306 0
103 0 22565348 0
104 1 1773641 9327
105 1 1602841 7378
106 0 22355603 0
107 0 22465619 0
108 1 1451391 6635
109 1 1610771 7421
110 1 3527260 16224
111 1 1904759 8767
112 1 1435343 6607
113 1 1758048 8045
114 1 2044873 9417
115 1 1555435 8198
116 0 19476519 0
117 1 2688521 12331
118 1 1325478 6969
119 0 22468615 0
120 1 1842689 8477
121 0 22294307 0
122 1 1809261 8343
123 0 21003491 0
124 1 1453050 6588
125 1 1931160 8889
126 1 1536294 7071
127 1 1355470 6240
128 0 22900674 0
129 1 1597090 7352
130 0 20761490 0
131 0 15686111 0
132 0 19189895 0
133 0 19653407 0
134 0 15311854 0
135 1 1683227 7752
136 1 1810360 8326
137 0 19066140 0
138 0 20763280 0
139 0 22918624 0
140 1 1208295 6274
141 1 1505335 6935
142 0 20838453 0
143 0 19252665 0
144 0 22422480 0
145 1 1826530 8416
146 0 20754903 0
147 0 22669627 0
148 0 22457330 0
149 1 1480825 6802
150 0 15411305 0
151 1 418881 1893
152 0 22819065 0
153 0 22511113 0
154 0 15432902 0
155 1 1328889 6109
156 0 21670245 0
157 1 579923 2637
158 1 2126034 9789
159 0 20146189 0
160 0 19486909 0
161 1 1376433 6326
162 1 1531314 7026
163 1 1711662 8917
164 0 21247088 0
165 1 2649078 12225
166 1 1469387 6783
167 1 1995875 9186
168 1 1797225 8266
169 0 18515237 0
170 0 20141161 0
171 0 21659152 0
172 0 18532553 0
173 1 1915616 8882
174 0 18954032 0
175 0 19595994 0
176 0 15459226 0
177 0 15616786 0
178 0 18564642 0
179 0 19646742 0
180 1 1191633 5494
181 0 19457839 0
182 1 1242821 5733
183 0 19600455 0
184 0 15253303 0
185 1 839453 3844
186 0 15860576 0
187 0 20860732 0
188 0 15427106 0
189 0 22345835 0
190 0 19628891 0
191 0 19580048 0
192 1 2748694 12612
193 0 19543901 0
194 0 15594221 0
195 0 19889807 0
196 1 1647802 7572
197 0 19389556 0
198 1 1042982 4804
199 0 21887621 0
200 1 1746518 8039
201 1 629213 2889
202 1 855648 3932
203 0 21651083 0
204 0 15321130 0
205 0 15737196 0
206 0 20107007 0
207 0 22844149 0
208 0 21818517 0
209 0 21531549 0
210 0 21765808 0
211 0 16769280 0
212 0 20539432 0
213 0 20171719 0
214 1 2088217 9625
215 1 1930969 8916
216 1 1571683 7211
217 1 1646872 8581
218 1 1622807 7489
219 1 2408372 11104
220 1 2410966 11102
221 1 1926671 8863
222 1 1052386 4849
223 0 19294175 0
224 0 19489793 0
225 0 19941737 0
226 0 15883641 0
227 0 19334201 0
228 1 1768690 8116
229 0 21318695 0
230 0 21191497 0
231 1 1160220 5320
232 0 20319297 0
233 0 19361440 0
234 1 2423101 11131
235 0 18729834 0
236 0 22464047 0
237 0 19979393 0
238 1 1638693 8599
239 1 1205212 5545
240 0 22730588 0
241 1 1794031 8255
242 1 1339060 6169
243 1 3218797 14860
244 0 22454701 0
245 1 1477607 6770
246 0 18876401 0
247 1 1495980 6890
248 0 21504503 0
249 1 1651688 7609
250 0 20586140 0
251 0 22487285 0
252 1 1158351 5257
253 1 1025381 4724
254 0 20442792 0
255 1 1459310 6686
256 0 15668745 0
257 1 648679 2968
258 1 2010162 9269
259 0 19390859 0
260 0 15915985 0
261 0 19552568 0
262 0 21890981 0
263 1 3110513 14337
264 1 307826 1409
265 0 20598660 0
266 1 1841818 8404
267 0 19803911 0
268 1 1810983 8337
269 0 22517692 0
270 0 18457322 0
271 0 15804506 0
272 0 20588622 0
273 0 22736239 0
274 1 1469452 6733
275 1 1725041 7919
276 0 20681838 0
277 1 1590361 7308
278 0 19299911 0
279 0 18985147 0
280 1 931746 4280
281 0 21843798 0
282 1 1769905 9297
283 1 2555862 11810
284 1 343789 1569
285 0 20172064 0
286 1 1463526 6729
287 0 19325821 0
288 1 2082838 9650
289 0 18308573 0
290 0 19144777 0
291 1 1492839 6909
292 0 19572562 0
293 1 2267726 10497
294 1 1507911 6981
295 0 18684662 0
296 1 1522010 8004
297 0 18940096 0
298 1 727481 3340
299 1 1394477 6426
300 1 1161323 6053
301 1 1187329 5465
302 0 22124897 0
303 1 963479 4454
304 0 20926655 0
305 0 19196921 0
306 1 2551255 11797
307 0 19278311 0
308 1 1024795 5335
309 0 19002413 0
310 0 19793129 0
311 0 20434692 0
312 0 19941233 0
313 1 1367095 6309
314 1 3293294 15241
315 1 1161880 5342
316 0 20307263 0
317 0 20781374 0
318 0 19146527 0
319 1 1768882 8180
320 1 1472504 6797
321 0 19498793 0
322 1 1363802 6317
323 0 15782472 0
324 1 1473467 6802
325 0 18456420 0
326 1 1412203 6515
327 1 1271585 5881
328 1 1931423 8918
329 0 19939142 0
330 0 15499467 0
331 0 19768517 0
332 0 22367661 0
333 1 941252 4329
334 0 22621806 0
335 0 20369705 0
336 1 1311687 6003
337 1 3286641 15180
338 1 1416365 6533
339 1 2637254 12157
340 1 1326120 6055
341 0 15792965 0
342 0 20733862 0
343 0 15542626 0
344 0 20010768 0
345 1 1163297 5363
346 0 18851341 0
347 1 3528910 16354
348 1 1327040 6140
349 1 1523094 8025
350 1 1222890 5634
351 0 20250523 0
352 1 1709909 7807
353 0 20523246 0
354 0 21148719 0
355 1 1467292 7709
356 1 966153 4469
357 0 19516579 0
358 1 1910973 8831
359 1 1215361 5623
360 0 18543234 0
361 0 19387155 0
362 1 1194933 5477
363 0 19444607 0
364 1 1472745 6836
365 0 18929866 0
366 0 19024309 0
367 1 1276822 5913
368 1 685801 3606
369 1 1410069 6477
370 0 18839592 0
371 0 19002677 0
372 0 19603643 0
373 1 2913285 13388
374 0 15290461 0
375 0 15726908 0
376 1 1326311 6137
377 1 1688901 7825
378 0 18450475 0
379 0 19136440 0
380 0 19769538 0
381 0 18523227 0
382 0 19726492 0
383 1 1643889 7611
384 1 1536080 7091
385 0 20043369 0
386 1 1523333 7018
387 0 19521229 0
388 1 1452852 6701
389 0 19240959 0
390 0 21514732 0
391 1 1414151 6550
392 0 23061694 0
393 0 21932972 0
394 1 780399 4071
395 0 21061550 0
396 0 19569822 0
397 0 18659703 0
398 0 19307753 0
399 0 18452828 0
400 1 2328523 10759
401 1 1548296 7146
402 1 1609906 7458
403 0 21057034 0
404 1 1874036 8655
405 0 20296875 0
406 1 2385003 11044
407 1 1565120 7249
408 1 1144543 5301
409 1 1425917 7507
410 1 2067756 9574
411 1 227539 1035
412 0 19709542 0
413 0 18892192 0
414 1 905581 4155
415 0 19547202 0
416 0 20852601 0
417 0 18942038 0
418 0 21393086 0
419 0 15824393 0
420 1 1824091 8438
421 0 21446917 0
422 1 1164477 5369
423 1 1341096 6190
424 0 20878421 0
425 1 1330177 6144
426 0 20812258 0
427 0 21111279 0
428 0 19914888 0
429 0 15894589 0
430 0 19464988 0
431 1 1522482 7032
432 1 1169444 5402
433 1 1056126 4885
434 0 20052077 0
435 1 1393007 6431
436 1 3021625 14015
437 1 1940792 8983
438 0 21763246 0
439 1 3195289 14733
440 0 20233375 0
441 0 20271388 0
442 1 2783910 12865
443 1 2628386 12202
444 0 20090203 0
445 0 19206097 0
446 0 20592715 0
447 1 245308 1109
448 0 18499067 0
449 1 1503758 6969
450 1 2183425 10116
451 0 19754277 0
452 1 1916268 8851
453 0 15461670 0
454 1 992882 4603
455 1 1573283 7293
456 0 19209627 0
457 1 1412189 7396
458 0 18886118 0
459 1 1349568 6238
460 1 1643257 7597
461 0 15420312 0
462 1 1883824 8709
463 1 1334867 6169
464 1 1225575 5677
465 0 20301423 0
466 1 1244998 5754
467 1 612285 2822
468 0 19756115 0
469 1 1854027 8564
470 0 21593724 0
471 0 15313738 0
472 1 1731062 8018
473 0 20245224 0
474 0 15811228 0
475 1 2079447 9616
476 0 19574798 0
477 1 1490595 7799
478 1 900101 4145
479 0 20284573 0
480 1 1430647 6616
481 0 15627334 0
482 1 1758569 8142
483 0 18722943 0
484 0 20630291 0
485 0 19638837 0
486 0 22201319 0
487 1 1586237 8338
488 0 19229680 0
489 0 21660478 0
490 1 2151239 9848
491 1 2187683 10079
492 0 19063681 0
493 0 20572399 0
494 0 20270023 0
495 1 2154859 9932
496 1 1789375 8261
497 0 19743620 0
498 1 2055880 9418
499 1 1988122 10408
500 0 19576202 0
501 0 20094528 0
502 0 20044200 0
503 1 1606515 7402
504 1 1045059 4815
505 0 21480996 0
506 1 1797134 9451
507 0 19550272 0
508 0 19929509 0
509 0 19041497 0
510 1 2956447 13597
511 0 21462646 0
512 1 1146282 5272
513 1 1311275 6036
514 0 18330165 0
515 1 2399697 11037
516 0 22576165 0
517 1 1750415 8044
518 0 22431900 0
519 1 1647735 7282
520 1 1672260 7724
521 0 19503822 0
522 0 19843014 0
523 0 19911731 0
524 0 15644734 0
525 1 2074267 9556
526 0 19256264 0
527 0 21951945 0
528 1 1648297 8666
529 1 1455966 6703
530 0 19838592 0
531 0 21523315 0
532 1 1385555 6358
533 1 2377612 10946
534 1 1690077 7784
535 0 19665159 0
536 1 1370045 6230
537 1 1362072 6271
538 0 15383080 0
539 1 1725179 7938
540 0 19806587 0
541 0 19478354 0
542 1 1369805 6292
543 1 792625 3634
544 0 19558628 0
545 0 22591463 0
546 0 18490935 0
547 0 21512893 0
548 1 2784247 12802
549 0 15659487 0
550 1 1599081 8404
551 0 19061225 0
552 0 15854894 0
553 0 21900810 0
554 0 20124081 0
555 1 1552822 7134
556 0 22730467 0
557 1 1546656 7125
558 0 22610245 0
559 1 1739729 8009
560 0 22737238 0
561 0 22212104 0
562 1 1342310 6176
563 0 22683180 0
564 0 15345910 0
565 0 22337988 0
566 1 70186 284
567 1 353411 1622
568 0 22672014 0
569 1 1568182 7212
570 0 22360917 0
571 0 23116149 0
572 0 22893714 0
573 1 1960781 8997
574 0 20853942 0
575 0 22767368 0
576 0 15488483 0
577 1 1373674 7207
578 0 19580314 0
579 0 20076963 0
580 1 1567821 7183
581 0 19834617 0
582 0 19925579 0
583 0 20018134 0
584 0 19261837 0
585 0 22468443 0
586 0 21398224 0
587 1 3251206 15007
588 0 22045615 0
589 0 22014159 0
590 0 22888310 0
591 1 2299655 10596
592 0 22311097 0
593 1 1478719 6804
594 0 22589387 0
595 1 1403911 6467
596 0 21322997 0
597 0 22627587 0
598 1 2200973 10123
599 0 21641545 0
600 0 15357096 0
601 0 20318921 0
602 1 2405584 11087
603 1 1179486 5431
604 1 1581322 7288
605 0 20536016 0
606 1 1640444 7546
607 1 1574753 8298
608 1 2474593 11399
609 1 2128220 9810
610 0 18600075 0
611 1 564975 2571
612 1 1517442 6972
613 1 3021403 13918
614 1 1240625 5707
615 1 1689243 7792
616 0 22210132 0
617 1 1825676 9607
618 0 20555554 0
619 0 22410817 0
620 0 22382664 0
621 1 2060417 9545
622 1 1446925 6694
623 0 19523285 0
624 1 1706080 7883
625 1 1434749 6641
626 0 20609372 0
627 0 19238600 0
628 1 1694829 7828
629 1 2078166 9622
630 0 19860978 0
631 0 20491029 0
632 0 18778675 0
633 0 19350941 0
634 1 1611131 7470
635 0 19017294 0
636 0 20540320 0
637 1 1805725 8357
638 1 1188035 5511
639 1 2057777 9530
640 0 19474001 0
641 0 19957133 0
642 1 992607 4563
643 1 657165 2984
644 0 19192434 0
645 0 18939387 0
646 0 19804738 0
647 0 19575713 0
648 0 18587301 0
649 1 1248297 5760
650 1 1347311 6223
651 0 20102957 0
652 1 1653850 8676
653 0 19658949 0
654 1 2077115 9581
655 0 15502911 0
656 1 1686934 7791
657 1 1719955 7953
658 0 15526006 0
659 0 20421258 0
660 1 2320934 10720
661 1 207861 952
662 1 1324005 6133
663 0 18911689 0
664 1 1471302 6766
665 1 1117059 5115
666 0 19754438 0
667 0 20355015 0
668 1 1452932 6703
669 1 1244648 5772
670 0 22186579 0
671 0 19372794 0
672 0 20037750 0
673 1 2326540 10741
674 1 1622117 7488
675 0 19320662 0
676 1 1992276 9220
677 0 19870402 0
678 0 19547047 0
679 0 20248153 0
680 1 790346 3642
681 0 18666320 0
682 1 2594908 12002
683 0 18880804 0
684 1 1418871 6568
685 0 19420008 0
686 0 15476248 0
687 0 20012914 0
688 0 19319173 0
689 1 1081513 5000
690 1 1635523 7576
691 1 1977164 9128
692 0 19004530 0
693 0 20314866 0
694 0 21187890 0
695 0 19545575 0
696 0 19190928 0
697 0 15674822 0
698 1 1391842 6434
699 1 2080163 9645
700 1 2760852 12762
701 1 2409378 11153
702 0 19319769 0
703 0 19880269 0
704 1 2696655 12459
705 0 19395204 0
706 0 19192472 0
707 0 20249708 0
708 1 3221507 14851
709 1 1266320 5836
710 0 18919993 0
711 0 15739089 0
712 0 19051471 0
713 0 20342031 0
714 1 1378219 7218
715 1 17666 69
716 1 1685473 7768
717 1 1203624 5556
718 1 682068 3140
719 0 18792454 0
720 0 18482375 0
721 0 15384046 0
722 1 294102 1320
723 0 21185297 0
724 1 1167141 6132
725 1 1665230 7666
726 1 1991514 9177
727 0 22422560 0
728 0 15516736 0
729 1 1905635 8778
730 1 2064325 9537
731 1 1527737 7041
732 0 19136823 0
733 1 1233302 5662
734 1 1942060 8951
735 1 1683067 7767
736 1 2132158 9763
737 1 2758808 12673
738 0 18978931 0
739 0 22343182 0
740 1 1955310 9014
741 1 448202 2053
742 1 1752919 9238
743 1 2079687 9582
744 1 2924282 13477
745 1 1532928 7071
746 0 22419359 0
747 1 1847476 8523
748 0 22934263 0
749 0 15539823 0
750 0 22004755 0
751 1 669497 3483
752 0 21784470 0
753 0 19952681 0
754 1 1328719 6964
755 1 1013981 4667
756 1 908082 4167
757 1 1995174 9200
758 1 2149578 9909
759 1 1506271 6944
760 0 19975425 0
761 0 19856653 0
762 0 19322571 0
763 1 2913591 13730
764 0 21576929 0
765 0 19092048 0
766 0 19883386 0
767 1 2027603 10588
768 1 1499038 6947
769 0 19670230 0
770 1 1668569 8759
771 1 1813999 8400
772 0 20202106 0
773 1 1648849 7634
774 0 19784245 0
775 1 1832084 8456
776 1 1697347 7866
777 1 1388411 6445
778 0 21553665 0
779 0 15606875 0
780 1 1357688 6270
781 1 351147 1618
782 1 1774092 8204
783 1 850312 3927
784 0 20023042 0
785 1 1702795 7880
786 1 1458948 6766
787 1 1806367 8390
788 0 20020542 0
789 0 20692090 0
790 1 1592916 7376
791 1 1636846 7583
792 1 1970232 9129
793 1 1640737 7583
794 1 1205585 5585
795 1 1368619 6341
796 0 20615449 0
797 1 1545945 7152
798 0 20228196 0
799 1 2149055 11278
800 0 18535858 0
801 0 18602918 0
802 1 2081642 9616
803 1 1192162 5517
804 0 19137484 0
805 1 1835133 9622
806 1 2075049 9632
807 1 1785728 8244
808 0 19940153 0
809 0 18895125 0
810 1 1552190 7150
811 0 22514217 0
812 1 1200488 5540
813 0 18512482 0
814 1 438624 2273
815 1 1272024 5878
816 0 19377365 0
817 0 18667474 0
818 1 1601406 7399
819 1 1486586 6879
820 0 19093137 0
821 1 1944923 10224
822 1 3140073 14482
823 1 2149419 9957
824 0 20975461 0
825 0 15474549 0
826 1 350750 1609
827 1 1879345 8702
828 1 2019931 10643
829 0 15872058 0
830 0 19262811 0
831 0 19178678 0
832 0 15579829 0
833 0 19544293 0
834 1 1820746 8423
835 1 1548763 7186
836 1 1464025 6773
837 1 1711710 7916
838 1 2361749 10927
839 1 1668359 7712
840 0 18725589 0
841 0 21267043 0
842 0 22261534 0
843 0 19519779 0
844 1 1117508 5155
845 0 18594257 0
846 1 1608744 7423
847 0 19027773 0
848 0 19037150 0
849 0 20261217 0
850 1 2408623 11142
851 1 1356311 6284
852 0 20040247 0
853 0 19672072 0
854 1 2035750 9399
855 1 2137057 9908
856 0 20521070 0
857 1 2057761 9534
858 0 19107831 0
859 0 19092974 0
860 1 1821542 8420
861 1 720920 3777
862 0 20549917 0
863 1 1519767 7046
864 1 2650578 12278
865 0 19848258 0
866 1 1450864 7636
867 0 20052772 0
868 0 22553448 0
869 0 22409465 0
870 1 1426501 7490
871 1 1572360 7253
872 0 22389281 0
873 0 15315890 0
874 0 15943061 0
875 0 20435697 0
876 0 22684436 0
877 1 1129914 5921
878 0 17248454 0
879 1 3042524 14059
880 1 1100794 5074
881 1 1395174 6413
882 0 19551449 0
883 0 15492756 0
884 1 2318997 10669
885 0 20484297 0
886 1 1369256 7195
887 0 18857080 0
888 1 1657827 7639
889 0 20415361 0
890 0 19676399 0
891 0 15605649 0
892 0 15557649 0
893 1 1147118 5301
894 0 19814055 0
895 1 2221562 10295
896 0 19770480 0
897 0 19870052 0
898 1 1581875 7316
899 1 1388170 7306
900 0 19211644 0
901 0 20604931 0
902 1 2145058 9899
903 0 18904127 0
904 0 19014659 0
905 1 1533031 7078
906 0 20802073 0
907 1 821534 4285
908 0 20743741 0
909 0 19726648 0
910 1 1636382 8624
911 0 19202280 0
912 0 18942148 0
913 0 22208238 0
914 0 22127564 0
915 1 1701760 7857
916 0 20664249 0
917 0 16469374 0
918 1 2688095 12438
919 1 3558401 16504
920 0 18912050 0
921 1 1613869 7434
922 0 19257314 0
923 0 15642873 0
924 0 19301760 0
925 1 1607489 7421
926 1 1449433 6718
927 0 21228922 0
928 0 20588720 0
929 1 1396351 7311
930 1 1439833 6677
931 0 22043476 0
932 0 21245232 0
933 0 20579387 0
934 0 22246703 0
935 0 16423604 0
936 0 21900494 0
937 1 1227663 5686
938 1 2923817 13552
939 0 22342388 0
940 1 1367470 6289
941 0 22130258 0
942 0 21992613 0
943 1 1523951 7038
944 1 1539083 7110
945 1 1146764 5309
946 0 22261366 0
947 0 20803371 0
948 0 19919912 0
949 1 1807022 8357
950 0 22422463 0
951 0 19594391 0
952 0 15518532 0
953 1 1801551 8321
954 0 21341452 0
955 1 1723113 7915
956 0 20089306 0
957 0 15637389 0
958 1 1485810 6863
959 1 1240321 5725
960 1 1670978 7711
961 1 3245108 14972
962 1 1501134 6886
963 0 19426872 0
964 0 21230224 0
965 0 19854470 0
966 1 1657845 8710
967 0 15605271 0
968 0 15607347 0
969 1 1782035 8192
970 1 1655671 7638
971 0 22831704 0
972 1 2154149 9901
973 1 1929487 10119
974 1 572360 2622
975 1 1110703 5105
976 0 21548745 0
977 0 22326095 0
978 1 1815655 9538
979 1 1582072 7286
980 1 1383733 6365
981 1 3076758 14099
982 0 21339610 0
983 1 1690726 7818
984 0 19384307 0
985 0 19008132 0
986 1 469373 2424
987 0 20185643 0
988 0 15577693 0
989 0 19681153 0
990 0 20298448 0
991 1 1383992 6412
992 0 20606086 0
993 0 18453878 0
994 1 1543990 8062
995 0 15692621 0
996 1 1465592 7696
997 0 21326353 0
998 0 20663121 0
999 1 1977663 9141
1000 0 19072003 0
1001 0 20596565 0
1002 0 19018958 0
1003 0 19843755 0
1004 1 1699168 7865
1005 1 1671463 7747
1006 0 18805114 0
1007 1 1432590 6538
1008 0 18902500 0
1009 0 20106658 0
1010 0 21311333 0
1011 1 1320410 6109
1012 0 20523682 0
1013 1 1708277 7917
1014 0 19350781 0
1015 0 19780889 0
1016 0 22166008 0
1017 0 21182357 0
1018 0 20032393 0
1019 1 1613646 7430
1020 0 19720199 0
1021 0 19876404 0
1022 1 1322118 6091
1023 0 15469069 0
1024 1 2180282 11449
1025 0 18989285 0
1026 1 1307893 6035
1027 0 19459009 0
1028 0 21026165 0
1029 1 2280521 10557
1030 0 15670358 0
1031 0 19685958 0
1032 0 19967939 0
1033 0 19645078 0
1034 1 1331781 6174
1035 1 1224776 5677
1036 0 18432933 0
1037 1 2952982 13681
1038 0 19870449 0
1039 0 19988968 0
1040 0 18902790 0
1041 0 18480082 0
1042 1 1716901 9032
1043 0 19377441 0
1044 1 1287068 6757
1045 0 15271405 0
1046 1 1348302 7060
1047 0 19743034 0
1048 0 19449626 0
1049 0 22215632 0
1050 1 930634 4292
1051 1 1084638 5022
1052 1 1845396 8538
1053 0 19138095 0
1054 0 21563044 0
1055 0 20072563 0
1056 1 1441995 6670
1057 1 1850654 8560
1058 0 19471154 0
1059 0 19976288 0
1060 0 19009063 0
1061 0 19474050 0
1062 1 217867 1081
1063 1 1861765 8645
1064 0 21064352 0
1065 1 1820293 8431
1066 0 20020340 0
1067 1 1404694 6497
1068 1 1757221 8138
1069 1 883641 4093
1070 0 15643189 0
1071 0 18206325 0
1072 1 1726747 7970
1073 1 1219544 5598
1074 0 15489706 0
1075 0 18864034 0
1076 1 1940243 8947
1077 0 20343445 0
1078 0 15601625 0
1079 1 1587742 7314
1080 1 1656183 7638
1081 1 1728045 7927
1082 0 22638819 0
1083 0 22305123 0
1084 1 1889010 8697
1085 1 931552 4299
1086 0 19989440 0
1087 1 1277097 5869
1088 1 1310912 6881
1089 0 20101897 0
1090 0 15598247 0
1091 0 19897210 0
1092 0 19674903 0
1093 1 1718486 9049
1094 0 19220682 0
1095 1 1406001 6515
1096 0 19607737 0
1097 0 18148266 0
1098 0 18957016 0
1099 1 1649547 7625
1100 0 19332532 0
1101 1 1525009 7053
1102 0 20523821 0
1103 1 2074308 9605
1104 0 20618925 0
1105 1 2855603 13296
1106 1 1461899 6783
1107 0 20757284 0
1108 1 661797 3050
1109 0 19407614 0
1110 0 16078708 0
1111 0 19588421 0
1112 0 15521039 0
1113 1 2287917 10595
1114 0 18989521 0
1115 0 22604545 0
1116 0 19890408 0
1117 0 19197380 0
1118 0 15832585 0
1119 0 18708179 0
1120 1 1846368 9705
1121 0 18613857 0
1122 0 22241018 0
1123 1 1435320 7564
1124 1 2342409 10818
1125 1 1568509 7224
1126 1 2182910 10056
1127 0 19066476 0
1128 1 1222967 6417
1129 1 1649831 7579
1130 1 1762310 8125
1131 0 19869577 0
1132 0 15487445 0
1133 0 18950090 0
1134 1 1343195 6172
1135 0 20135781 0
1136 0 19217180 0
1137 0 21054116 0
1138 0 19720171 0
1139 1 1322493 5999
1140 1 1636471 7545
1141 0 19338730 0
1142 0 19703747 0
1143 1 2121578 9771
1144 0 15296008 0
1145 1 2126675 9830
1146 1 1529974 7087
1147 1 1439576 7566
1148 1 2000535 9278
1149 0 19565379 0
1150 0 19680371 0
1151 0 22195425 0
1152 1 2031612 9406
1153 1 1488929 6897
1154 1 1899825 8794
1155 0 20812768 0
1156 1 1272310 5885
1157 0 19124170 0
1158 1 1684426 7797
1159 0 19768738 0
1160 1 1601695 7408
1161 1 1493147 6914
1162 0 20431532 0
1163 0 19319288 0
1164 1 1126905 5892
1165 0 21569132 0
1166 0 19914858 0
1167 0 20245121 0
1168 0 15612838 0
1169 1 1706859 7900
1170 0 19658007 0
1171 1 1058321 4866
1172 1 3279288 15152
1173 1 1350512 6252
1174 1 2098837 9731
1175 0 20801117 0
1176 1 1115233 5858
1177 0 22283330 0
1178 0 21565345 0
1179 1 2057125 9498
1180 0 20023039 0
1181 0 20142355 0
1182 0 19784954 0
1183 0 23053765 0
1184 0 20514028 0
1185 1 1500219 6931
1186 0 22104877 0
1187 0 19230678 0
1188 0 15605361 0
1189 1 1670413 7737
1190 1 2161473 10009
1191 0 21401347 0
1192 1 1161784 5346
1193 1 1670274 7722
1194 1 1957439 10293
1195 0 21268684 0
1196 1 1558397 8187
1197 0 19368244 0
1198 0 19058195 0
1199 0 19809240 0
0 1 1790441 8261
1 0 20187021 0
2 1 1027264 5360
3 1 1390717 6401
4 0 18668447 0
5 1 1278299 5875
6 1 1904325 8798
7 0 19147431 0
8 1 1709560 7886
9 0 20296400 0
10 1 1964779 10317
11 0 15637992 0
12 0 18945897 0
13 0 18168855 0
14 1 2163249 9981
15 0 22055154 0
16 0 18438474 0
17 1 617206 2817
18 1 1633246 7537
19 0 18923859 0
20 0 21110511 0
21 0 20865580 0
22 0 20654331 0
23 0 18737166 0
24 0 19476676 0
25 0 20069220 0
26 0 15455157 0
27 0 19241080 0
28 1 1712280 7907
29 0 19690448 0
30 0 18775728 0
31 0 19092115 0
32 0 19238359 0
33 0 20299753 0
34 1 791186 4150
35 0 15652726 0
36 1 1616509 7472
37 1 2414469 11183
38 0 19581324 0
39 1 1236960 5713
40 0 21409425 0
41 0 20147324 0
42 0 18499639 0
43 1 1518408 7028
44 0 19608169 0
45 1 1467393 6762
46 0 18445779 0
47 0 15337219 0
48 0 19579253 0
49 0 20047343 0
50 0 19885748 0
51 0 22367970 0
52 1 1187390 5496
53 1 2604689 12011
54 0 20198850 0
55 1 1452557 6720
56 1 1944370 8976
57 1 1354837 6260
58 0 19865445 0
59 1 1728225 7969
60 0 18354555 0
61 0 18896273 0
62 1 1550506 7183
63 1 1914924 8794
64 0 15718875 0
65 1 1655344 7649
66 1 1955783 9047
67 0 19601629 0
68 0 15882058 0
69 0 19633682 0
70 1 1064341 4895
71 0 18493709 0
72 0 21440847 0
73 1 1872202 8629
74 0 20291881 0
75 0 15583889 0
76 0 19847730 0
77 0 20372227 0
78 0 15767769 0
79 1 1466978 6775
80 0 19425708 0
81 1 1507216 6973
82 1 1796378 8266
83 1 2445598 11262
84 1 233882 1060
85 1 1630599 7495
86 1 1422498 6507
87 1 1799820 8241
88 0 21067721 0
89 1 1624660 7415
90 0 15483249 0
91 1 1805866 8298
92 1 1317082 6056
93 0 19777515 0
94 1 1569696 8198
95 0 15703344 0
96 0 19500437 0
97 1 2189842 10057
98 1 1489793 6855
99 1 1696051 8926
100 0 19349845 0
101 1 1852247 8494
102 0 19037197 0
103 0 18450435 0
104 0 19037115 0
105 1 1719417 7892
106 0 21397520 0
107 0 22101953 0
108 0 20979870 0
109 1 1762754 8114
110 0 21144470 0
111 0 19627804 0
112 1 1567369 7189
113 0 18082258 0
114 1 120080 518
115 1 1063894 4884
116 0 19459813 0
117 1 1549631 7132
118 1 2933833 13486
119 0 22496882 0
120 0 21177924 0
121 0 21993959 0
122 1 1377241 7250
123 1 1415774 7436
124 0 21960375 0
125 0 20073360 0
126 0 19026489 0
127 0 22191136 0
128 1 2428506 11185
129 1 1499870 6904
130 1 2334596 10737
131 0 19826297 0
132 0 19844035 0
133 1 1124901 5151
134 1 254768 1316
135 0 22024692 0
136 1 2528086 11635
137 0 20238673 0
138 1 2241791 10324
139 0 20194383 0
140 1 1863783 8565
141 0 19319852 0
142 1 782024 4072
143 0 19716802 0
144 1 1650159 7597
145 1 1407055 6471
146 0 22841104 0
147 0 19349975 0
148 0 22288793 0
149 0 19863866 0
150 0 20387700 0
151 0 22477516 0
152 0 21809167 0
153 0 21498449 0
154 1 525016 2400
155 1 2655678 12223
156 0 15646170 0
157 0 20426907 0
158 0 19349753 0
159 0 18335259 0
160 0 21683287 0
161 1 1449726 6679
162 0 19874704 0
163 0 21256516 0
164 0 19497212 0
165 0 18591027 0
166 0 15379076 0
167 0 19648268 0
168 1 1554496 7142
169 0 20617702 0
170 1 1316809 6084
171 0 19871113 0
172 0 20615843 0
173 1 1538837 7073
174 1 2405592 11112
175 1 1945074 9008
176 1 1331412 6135
177 0 19983593 0
178 1 1571457 7272
179 0 19609073 0
180 0 15517692 0
181 0 18955817 0
182 0 22563606 0
183 0 21429928 0
184 0 22828359 0
185 0 23028717 0
186 1 3133950 14404
187 1 2657038 12186
188 1 1074775 4918
189 0 20431691 0
190 0 19132741 0
191 0 20301327 0
192 0 18795352 0
193 1 1729575 7967
194 1 3504079 16101
195 1 1810200 8345
196 1 798912 3657
197 1 3536325 16264
198 1 1101900 5067
199 0 19668125 0
200 0 15672925 0
201 0 18579566 0
202 1 1269930 5836
203 0 19046484 0
204 1 1187635 5490
205 0 15618586 0
206 0 20704987 0
207 1 1215304 5615
208 1 1683369 7803
209 1 2303863 10660
210 1 1825165 8456
211 1 1456293 6745
212 0 15789566 0
213 1 65875 278
214 1 371422 1675
215 0 19330484 0
216 1 2779815 12879
217 0 18968052 0
218 0 19484525 0
219 0 19593039 0
220 0 19734806 0
221 0 19512887 0
222 1 1399112 6457
223 0 18954363 0
224 0 20190811 0
225 0 22402091 0
226 1 571764 2629
227 1 1384749 6399
228 0 20315068 0
229 1 1461385 6766
230 0 20421507 0
231 0 19476682 0
232 1 1819869 8382
233 0 15353447 0
234 1 2104140 9753
235 1 1537149 7025
236 0 20356253 0
237 0 19906790 0
238 0 20294495 0
239 0 20365630 0
240 0 15665112 0
241 0 22507936 0
242 0 19236436 0
243 0 15500650 0
244 0 19283974 0
245 0 19603185 0
246 1 2436730 11232
247 0 19246481 0
248 0 22227872 0
249 1 1742526 8013
250 0 20891488 0
251 0 19721598 0
252 1 2004634 10551
253 0 21569983 0
254 0 19618013 0
255 0 19362060 0
256 0 19617559 0
257 0 20519296 0
258 0 21979944 0
259 1 1664874 7658
260 0 19389158 0
261 0 19732247 0
262 1 1890011 8703
263 0 17122527 0
264 0 22188539 0
265 1 1524261 6985
266 0 19466264 0
267 1 1969058 9054
268 0 20608722 0
269 0 19509148 0
270 1 1799783 9470
271 0 19034730 0
272 1 1842998 8417
273 1 127825 544
274 0 20086534 0
275 0 22254908 0
276 0 21056893 0
277 1 2134291 9809
278 0 19798453 0
279 0 20526685 0
280 0 19312547 0
281 0 19818878 0
282 1 1326282 6098
283 1 2017261 9321
284 1 2100584 9722
285 0 21420277 0
286 0 20423797 0
287 0 19756297 0
288 1 1455977 6741
289 1 1885030 8730
290 0 18991050 0
291 0 19536646 0
292 1 1476237 6800
293 0 19167220 0
294 1 2231572 10315
295 1 1770505 8178
296 1 1208873 5593
297 0 19399504 0
298 0 19620236 0
299 1 1164202 5346
300 0 20434294 0
301 0 20884801 0
302 0 19723879 0
303 0 18839830 0
304 1 1400494 6471
305 0 20151575 0
306 1 2102646 9688
307 0 19027110 0
308 1 1172837 5417
309 0 19824156 0
310 0 18881803 0
311 0 15263577 0
312 1 1585062 7327
313 0 19197692 0
314 0 22829471 0
315 0 20324031 0
316 1 1851357 8525
317 1 2179885 10066
318 0 15477431 0
319 0 19694196 0
320 1 1231392 5682
321 1 1086134 5014
322 0 15775140 0
323 0 21744226 0
324 1 1988729 9160
325 0 19949422 0
326 1 1747939 8044
327 0 18995692 0
328 0 18773377 0
329 1 1239661 5730
330 0 22309774 0
331 1 2046747 9436
332 0 20579815 0
333 1 1499832 6940
334 0 21058118 0
335 1 2069013 9556
336 0 20683433 0
337 1 1528793 7068
338 1 1723420 7964
339 1 1459356 6731
340 1 1775371 8195
341 1 1821012 8418
342 0 20392299 0
343 0 20262686 0
344 0 21888117 0
345 1 1559552 7219
346 1 1571174 7278
347 0 20631202 0
348 1 1490203 7807
349 1 1632208 7532
350 0 21912423 0
351 0 19334221 0
352 0 19816630 0
353 0 20385306 0
354 0 18713364 0
355 1 2644451 12194
356 1 2675480 12401
357 0 19450152 0
358 1 1688320 7783
359 0 15424965 0
360 1 824564 3789
361 1 2405552 11112
362 1 1582970 7308
363 1 1754160 8125
364 0 18767420 0
365 1 1846906 8534
366 0 20195299 0
367 1 1542129 8093
368 0 19545071 0
369 1 2184543 10084
370 0 19235258 0
371 0 20347700 0
372 1 1627229 7515
373 0 19447630 0
374 0 20942300 0
375 0 20588167 0
376 1 1951153 9024
377 0 21246824 0
378 0 19421427 0
379 0 18684221 0
380 0 20054853 0
381 1 1355420 6231
382 0 19360341 0
383 0 21166982 0
384 1 2017036 9315
385 1 2520470 11633
386 0 20931543 0
387 1 1223576 5631
388 1 1395030 6451
389 1 1584234 7319
390 0 20143278 0
391 0 18968298 0
392 0 19368076 0
393 1 368917 1670
394 0 18547619 0
395 1 1909110 8789
396 0 20663572 0
397 0 19123297 0
398 0 19031778 0
399 0 18941085 0
400 1 1169808 6132
401 1 1971842 9133
402 0 15681883 0
403 0 15630158 0
404 0 20458372 0
405 1 1562096 7199
406 1 1716610 7931
407 1 2585895 11933
408 0 19051707 0
409 0 20535060 0
410 0 15448229 0
411 0 15462396 0
412 1 1905481 10001
413 1 1845514 8539
414 0 19932934 0
415 1 1511615 6982
416 0 22025626 0
417 1 1713480 7919
418 1 1729638 7996
419 0 22255840 0
420 0 19904934 0
421 1 1593506 7362
422 0 20494316 0
423 1 1716245 7932
424 0 18562657 0
425 0 18757793 0
426 1 1753983 9222
427 1 1605614 8449
428 0 18994047 0
429 0 19145519 0
430 1 1821664 8424
431 1 1800135 8325
432 1 1576316 7264
433 0 20124169 0
434 1 1130300 5222
435 1 1220792 5634
436 1 1331942 6117
437 0 20477076 0
438 0 15740001 0
439 0 19930625 0
440 0 20190484 0
441 1 1115814 5849
442 1 1371934 6336
443 0 19373478 0
444 0 16066352 0
445 0 19027574 0
446 0 20165165 0
447 1 1662800 7660
448 1 1623579 7499
449 0 18588593 0
450 0 19695394 0
451 1 1631129 7513
452 1 2517854 11667
453 0 15719122 0
454 1 3202744 14798
455 0 20364756 0
456 1 2728206 12586
457 1 1898498 8776
458 1 833690 4374
459 0 21484696 0
460 0 20192814 0
461 0 19577751 0
462 0 19717255 0
463 0 15705034 0
464 0 21302169 0
465 1 1502383 6934
466 0 20143814 0
467 1 692249 3196
468 0 20177840 0
469 0 22108177 0
470 0 22626047 0
471 0 20377645 0
472 0 19743605 0
473 1 1998615 9231
474 0 19468692 0
475 0 19180675 0
476 1 1866369 8626
477 0 18787010 0
478 1 1609580 8431
479 0 15674909 0
480 1 1672465 7716
481 0 19726141 0
482 1 1199821 5542
483 0 18597414 0
484 1 1133193 5207
485 1 2073812 9595
486 0 18470728 0
487 1 1599147 7382
488 1 2185627 10131
489 1 1491907 6905
490 1 1563543 7216
491 0 20559962 0
492 0 19974695 0
493 0 19941592 0
494 0 20420200 0
495 0 15504727 0
496 1 1652056 7625
497 0 19253779 0
498 1 2889836 13333
499 0 19301034 0
500 1 1716894 7886
501 1 3439917 15989
502 1 1893263 8755
503 0 21930748 0
504 0 20645463 0
505 0 21794222 0
506 1 1449441 6672
507 0 20006378 0
508 0 19051916 0
509 1 1163740 5365
510 1 1358676 6278
511 1 59267 241
512 1 1211934 5584
513 1 1175568 5438
514 1 1563678 7231
515 1 1416332 6545
516 0 21807475 0
517 1 1678007 7729
518 1 1408119 6513
519 1 2986103 13810
520 0 19509661 0
521 0 19367091 0
522 0 19689363 0
523 0 19559600 0
524 1 308129 1391
525 1 1013308 4678
526 0 20673529 0
527 0 20169481 0
528 0 19900989 0
529 1 2826145 13023
530 1 1083937 4983
531 1 1678441 7751
532 1 1428624 6612
533 1 1655611 7669
534 1 1957577 8997
535 0 19038284 0
536 1 729059 3817
537 1 3026073 13967
538 0 18261874 0
539 0 19257327 0
540 1 1453612 6712
541 0 18785015 0
542 0 19302454 0
543 0 18657142 0
544 1 1939653 8982
545 0 21049541 0
546 1 1308273 6049
547 1 1212396 5609
548 1 1243437 5745
549 1 1740843 8026
550 0 15320532 0
551 0 19258614 0
552 1 1935666 8943
553 1 1380478 6387
554 0 19993043 0
555 1 1755921 8090
556 0 19559460 0
557 1 101529 445
558 1 2875230 13286
559 0 20238050 0
560 1 618007 3232
561 1 1232591 5660
562 1 1721427 7920
563 0 18958587 0
564 1 1742614 8004
565 0 23022374 0
566 1 1485185 7803
567 0 21616238 0
568 0 22971085 0
569 1 1815764 8311
570 1 2027964 9335
571 0 22270023 0
572 1 1412980 6496
573 0 22283852 0
574 1 1874968 8620
575 0 19303039 0
576 0 22891976 0
577 0 15672063 0
578 0 19715939 0
579 0 22123518 0
580 0 19588761 0
581 1 2089663 9613
582 1 3181551 14647
583 0 19023028 0
584 1 2999564 13831
585 0 22834754 0
586 0 19649424 0
587 0 20940813 0
588 1 1577882 7270
589 0 19250914 0
590 0 19137091 0
591 0 20299382 0
592 0 18986031 0
593 0 22350273 0
594 0 15799419 0
595 0 19492683 0
596 1 2284012 10563
597 1 2276014 10483
598 1 2265288 10465
599 1 1133332 5228
600 0 19406264 0
601 0 20145997 0
602 1 1941554 8921
603 0 19459170 0
604 1 1548268 7148
605 0 21815579 0
606 0 15891698 0
607 0 21954625 0
608 0 21678660 0
609 0 21290976 0
610 0 22588520 0
611 1 1574994 7250
612 1 1767204 9280
613 0 21618935 0
614 0 15500235 0
615 1 204972 897
616 1 2896728 13288
617 0 15872548 0
618 1 1549635 7177
619 0 20219595 0
620 0 20515114 0
621 1 1050141 4840
622 0 21870252 0
623 0 19200949 0
624 0 15521491 0
625 0 20160594 0
626 0 18957335 0
627 0 15487307 0
628 1 1166556 5338
629 1 1080312 4963
630 1 1560407 7172
631 0 22388644 0
632 1 1780603 8188
633 1 1614990 8494
634 1 1743959 8005
635 1 1193835 5487
636 0 21926416 0
637 1 759092 3472
638 0 20450305 0
639 0 18679475 0
640 0 20164542 0
641 0 22314057 0
642 0 15838099 0
643 0 20455528 0
644 0 15234314 0
645 1 1744555 8061
646 0 18774677 0
647 1 357808 1848
648 0 20971075 0
649 0 19273829 0
650 0 19525451 0
651 1 186929 928
652 1 2771324 12790
653 0 19309282 0
654 0 18929425 0
655 0 19173038 0
656 1 1406979 7369
657 0 18774203 0
658 1 1294757 5976
659 1 1167449 5399
660 0 20403730 0
661 0 15655087 0
662 1 1490701 6870
663 0 15420970 0
664 0 19191268 0
665 0 19459881 0
666 1 1916710 8867
667 0 19430625 0
668 1 678873 3115
669 1 1677491 7753
670 1 1276554 5891
671 1 2078547 9620
672 0 19225589 0
673 0 18670241 0
674 1 2489212 11498
675 0 20343853 0
676 0 15627342 0
677 0 19171684 0
678 1 1890220 8744
679 1 899735 4148
680 0 21494083 0
681 0 19877354 0
682 0 18948652 0
683 0 19673581 0
684 1 2453976 11324
685 1 1771159 9310
686 1 335947 1540
687 0 19087341 0
688 1 1377646 6321
689 1 2036166 9414
690 0 18727152 0
691 0 20186561 0
692 0 21960572 0
693 0 22068469 0
694 1 2036131 9378
695 0 20658926 0
696 0 19084267 0
697 0 18306825 0
698 0 22625602 0
699 0 19664080 0
700 1 1183074 5457
701 0 21186630 0
702 1 1392759 7309
703 0 19929715 0
704 1 2315438 10712
705 0 18626520 0
706 1 1629309 8544
707 1 1723490 7971
708 1 1502725 6909
709 1 1649539 7623
710 0 19651704 0
711 1 1499502 6888
712 0 19000686 0
713 0 20903997 0
714 0 19635780 0
715 0 19676148 0
716 1 1058792 4874
717 1 1857216 9759
718 1 2089551 9654
719 0 22572224 0
720 0 21792783 0
721 1 504516 2291
722 1 1310321 6065
723 0 21830401 0
724 1 1959504 9049
725 1 1837666 8467
726 1 1395126 6456
727 1 1247633 5755
728 0 20228772 0
729 0 19510119 0
730 1 808484 3731
731 0 19598314 0
732 1 2220486 10275
733 1 1692468 7829
734 1 2207999 10221
735 1 1884673 8647
736 0 15275438 0
737 1 1738266 8035
738 1 982432 4537
739 0 19298066 0
740 0 19372220 0
741 0 20505179 0
742 1 1735534 7987
743 0 19778983 0
744 0 20352745 0
745 0 20239979 0
746 1 1497601 6906
747 1 893130 4118
748 1 1439489 6650
749 0 22252570 0
750 1 1672595 7730
751 0 22394247 0
752 0 15544890 0
753 0 22072056 0
754 1 1383550 7261
755 0 20488641 0
756 1 2220369 10259
757 0 20278310 0
758 1 1767412 9231
759 0 19383423 0
760 0 15696195 0
761 1 1651196 7583
762 1 2316008 10663
763 0 18637535 0
764 1 1967653 9041
765 0 19317169 0
766 1 2954673 13606
767 0 21359242 0
768 1 2000604 9172
769 0 18869248 0
770 1 2289382 10525
771 0 18940287 0
772 0 20589956 0
773 0 19510280 0
774 1 1170299 6102
775 1 1399532 6430
776 1 1080000 4978
777 1 1607331 7385
778 0 19126452 0
779 0 21570258 0
780 1 3374862 15542
781 1 594149 2719
782 1 2096733 9658
783 0 21138334 0
784 0 22030450 0
785 1 2964279 13644
786 0 20601448 0
787 0 20170261 0
788 1 1552234 8132
789 1 1778237 8146
790 0 20633530 0
791 0 21136955 0
792 0 22561506 0
793 1 2348617 10714
794 0 22688725 0
795 1 2691678 12396
796 0 22334959 0
797 0 21104396 0
798 1 2089010 9579
799 1 1594192 7323
800 1 697034 3181
801 0 20685362 0
802 1 1402021 6441
803 0 19669118 0
804 0 15684284 0
805 0 18761886 0
806 1 1042063 4782
807 0 20087352 0
808 1 1916406 9628
809 0 21275251 0
810 0 20779306 0
811 1 1419931 7456
812 1 1416489 6496
813 0 22315682 0
814 1 1851842 8526
815 0 15525835 0
816 0 22035462 0
817 0 21269105 0
818 0 21179597 0
819 0 15727238 0
820 1 1595111 7334
821 1 2780468 12810
822 1 1375021 6336
823 1 924207 4255
824 0 20908507 0
825 1 1443175 6646
826 1 410130 1883
827 0 18906780 0
828 0 22268997 0
829 0 20844269 0
830 0 18974776 0
831 0 20676834 0
832 1 2730116 12655
833 0 21170111 0
834 0 15977051 0
835 1 1715990 7920
836 1 2094335 9689
837 1 1744110 8056
838 0 19283115 0
839 1 1407166 6485
840 1 1771185 8152
841 0 19260813 0
842 0 20524634 0
843 0 19593622 0
844 1 1516662 6989
845 1 1866399 8631
846 0 20139917 0
847 1 2101924 9696
848 1 2465932 11424
849 1 26904 108
850 0 18004431 0
851 1 1165296 5368
852 0 20726430 0
853 1 1654082 7571
854 0 21439003 0
855 0 21695901 0
856 1 1467446 6770
857 0 19615474 0
858 0 19522983 0
859 0 18995603 0
860 1 1740921 8043
861 0 19156626 0
862 1 105985 508
863 1 1695567 7840
864 1 1535496 7065
865 1 1353298 6254
866 0 19028828 0
867 0 18859595 0
868 0 20544544 0
869 1 949076 4968
870 0 20502138 0
871 1 809473 4198
872 0 22205114 0
873 0 21749330 0
874 0 15351472 0
875 0 20062202 0
876 1 1134513 5245
877 0 20086582 0
878 0 19947023 0
879 1 1885462 8719
880 0 18503980 0
881 1 1499117 6951
882 1 1079171 4984
883 0 18268742 0
884 0 22896466 0
885 1 2551276 11737
886 0 21873665 0
887 0 20343822 0
888 0 22531237 0
889 0 15385713 0
890 0 22239935 0
891 1 1437581 6512
892 1 1777480 8163
893 0 21410866 0
894 1 1194035 5474
895 1 3167426 14525
896 0 21802966 0
897 1 1642317 8640
898 1 1511778 6939
899 0 19752348 0
900 0 20456420 0
901 1 1520153 6963
902 1 1713621 7913
903 0 15643991 0
904 0 20302666 0
905 0 19427968 0
906 0 20108308 0
907 0 20478963 0
908 1 2052974 10793
909 1 1971041 9119
910 1 1725484 7975
911 0 19560107 0
912 1 1730883 8014
913 0 20872963 0
914 0 19908489 0
915 0 19993018 0
916 1 1683526 7764
917 1 2541126 11726
918 0 18798450 0
919 0 21429622 0
920 1 1952967 9014
921 0 15684437 0
922 1 1276539 5909
923 0 19525641 0
924 0 18915562 0
925 1 1982560 9165
926 1 1176419 6174
927 0 19970484 0
928 0 19366038 0
929 1 1576790 7309
930 1 2139313 9887
931 1 2426398 11218
932 1 1124291 5193
933 0 18959483 0
934 0 19285382 0
935 1 1889852 8724
936 0 21686678 0
937 1 2100381 9719
938 0 20414117 0
939 0 19314254 0
940 1 1433366 6625
941 1 1674359 7677
942 1 1590065 7353
943 0 20874457 0
944 0 19145314 0
945 1 1075552 5608
946 0 19301955 0
947 0 21756536 0
948 0 20787024 0
949 1 1505555 7893
950 0 20378839 0
951 0 19139128 0
952 1 1523772 7019
953 1 996230 4574
954 1 1591759 7327
955 0 18550247 0
956 0 19331076 0
957 1 1441506 7560
958 1 1244615 6535
959 1 763299 3523
960 1 2037125 9420
961 0 19206108 0
962 1 1901992 8770
963 1 1793536 8289
964 0 21991001 0
965 0 15610577 0
966 1 2315070 10701
967 1 2121633 9799
968 0 20500567 0
969 1 1333429 6975
970 0 21362108 0
971 0 19358886 0
972 0 19362988 0
973 1 1396994 6452
974 1 1619796 7487
975 1 1961949 9077
976 0 18330218 0
977 0 19331292 0
978 1 1927595 8871
979 1 849872 3904
980 0 20088169 0
981 0 18777343 0
982 1 2012455 9262
983 1 1355194 6264
984 0 19056341 0
985 1 1754639 8087
986 0 19759638 0
987 0 19209254 0
988 1 1725880 7983
989 0 19172980 0
990 0 21714245 0
991 1 1676021 7762
992 1 1326854 6116
993 1 2930460 13601
994 0 19829958 0
995 0 20860524 0
996 1 1933089 8919
997 1 2472843 11440
998 0 19235727 0
999 0 22002132 0
1000 0 21105878 0
1001 0 20146637 0
1002 0 19262267 0
1003 0 20755454 0
1004 0 19076194 0
1005 0 20742116 0
1006 1 1309190 6051
1007 0 20672419 0
1008 1 1765253 8160
1009 0 19447130 0
1010 0 18882993 0
1011 1 1754036 8091
1012 0 21140234 0
1013 1 1523181 7052
1014 0 19615812 0
1015 1 1930561 8920
1016 1 2541439 11741
1017 0 19433892 0
1018 0 22601457 0
1019 0 19866846 0
1020 1 1390537 6408
1021 1 1511066 6984
1022 0 19794858 0
1023 1 834454 3856
1024 0 15410404 0
1025 0 19127412 0
1026 1 1721795 9017
1027 0 19485105 0
1028 0 20791059 0
1029 0 21047322 0
1030 0 20025672 0
1031 1 1750106 8081
1032 0 15540015 0
1033 1 1831859 8457
1034 0 19895027 0
1035 0 19878993 0
1036 1 1281119 6728
1037 1 1155911 5303
1038 0 20658271 0
1039 0 20905768 0
1040 0 20620110 0
1041 0 20171967 0
1042 1 2145365 9905
1043 0 19320943 0
1044 0 19800614 0
1045 0 19534657 0
1046 0 19272529 0
1047 1 1856323 8560
1048 0 19185977 0
1049 1 618305 2762
1050 1 1326522 6114
1051 0 19454893 0
1052 1 1969245 9082
1053 1 1666613 7699
1054 0 19171139 0
1055 1 2534670 11695
1056 0 19838793 0
1057 1 1535627 7022
1058 1 2136023 9888
1059 1 1725476 7974
1060 1 1579364 8304
1061 0 18570318 0
1062 1 1555215 7194
1063 0 19124238 0
1064 0 18704819 0
1065 1 1712338 9000
1066 1 1854826 8577
1067 1 649652 2993
1068 1 1918855 10021
1069 1 1622947 7499
1070 1 1079696 4978
1071 1 1532495 8028
1072 1 2145315 11245
1073 0 19278854 0
1074 0 19534426 0
1075 0 20080762 0
1076 1 1266473 5846
1077 0 15853331 0
1078 1 2721347 12593
1079 1 1148393 5317
1080 0 20581271 0
1081 0 18903897 0
1082 1 1369959 7174
1083 1 1259848 5824
1084 1 1014636 4666
1085 0 19258277 0
1086 0 19013894 0
1087 0 22469796 0
1088 0 20144466 0
1089 0 22637106 0
1090 1 1688834 7805
1091 0 19325537 0
1092 1 3048083 14147
1093 1 1473676 6813
1094 0 21115810 0
1095 0 21299115 0
1096 0 21607406 0
1097 0 21020788 0
1098 1 1523056 7036
1099 0 19559749 0
1100 0 15604361 0
1101 1 1671483 7731
1102 1 1781260 8231
1103 1 1823967 8406
1104 1 1373261 6348
1105 0 16489480 0
1106 1 1669577 8770
1107 0 19715902 0
1108 1 1578302 7273
1109 0 19105938 0
1110 0 18753923 0
1111 1 406137 1830
1112 0 19707289 0
1113 0 19611557 0
1114 0 21194789 0
1115 0 15568193 0
1116 0 20278704 0
1117 1 1981974 9168
1118 1 2278832 10541
1119 1 492237 2266
1120 0 20420963 0
1121 1 1645951 7602
1122 0 21211461 0
1123 0 19290479 0
1124 0 19981784 0
1125 0 20521111 0
1126 0 19995184 0
1127 1 1569570 7245
1128 0 18941232 0
1129 1 2017012 9307
1130 0 22398862 0
1131 1 1484172 6868
1132 1 1853791 8568
1133 1 1550646 7044
1134 0 19913679 0
1135 0 19331473 0
1136 1 674428 3510
1137 0 21552190 0
1138 0 20342856 0
1139 0 19161468 0
1140 0 20989429 0
1141 0 19383655 0
1142 0 19828271 0
1143 0 20982045 0
1144 0 20413207 0
1145 0 15349563 0
1146 1 1891558 8691
1147 1 1473636 6797
1148 1 140363 637
1149 1 1476531 6832
1150 1 2608806 12068
1151 0 18640939 0
1152 1 1613021 7445
1153 0 19907276 0
1154 1 373807 1683
1155 1 1897566 8778
1156 1 1738034 8038
1157 1 2198608 10143
1158 0 22629887 0
1159 0 19797181 0
1160 0 20805325 0
1161 1 1183071 6193
1162 0 20682506 0
1163 0 19656697 0
1164 0 19479079 0
1165 0 19531989 0
1166 0 19755707 0
1167 0 19564822 0
1168 1 1284024 5925
1169 1 1712877 7911
1170 0 19466422 0
1171 0 20936354 0
1172 0 21244346 0
1173 1 1757570 8121
1174 1 1987899 9161
1175 1 1602805 7403
1176 1 1428098 6594
1177 0 20101988 0
1178 0 20522024 0
1179 1 1830894 8457
1180 1 2287992 10556
1181 0 19780458 0
1182 0 18968579 0
1183 1 2385080 10996
1184 0 18860291 0
1185 1 493227 2269
1186 1 1289006 5939
1187 0 19784011 0
1188 0 19757799 0
1189 1 1843780 9657
1190 1 1729735 7992
1191 0 15729538 0
1192 0 20288012 0
1193 1 1381096 6379
1194 0 21766463 0
1195 1 1995057 9198
1196 1 1900948 8781
1197 1 1076498 4963
1198 0 19641598 0
1199 1 162008 728
0 0 18630484 0
1 0 20059018 0
2 1 1569881 7235
3 1 2106070 9772
4 1 2539015 11754
5 0 20162886 0
6 0 22434747 0
7 1 2268945 10506
8 1 2274808 10533
9 1 1672278 7731
10 0 19862573 0
11 1 1678909 7761
12 1 1861694 8632
13 1 1767049 8169
14 0 19904916 0
15 0 20672498 0
16 0 19614327 0
17 1 1071172 4923
18 1 1386724 6404
19 1 1642543 7615
20 1 1516741 7018
21 0 19729975 0
22 0 19684180 0
23 0 15312670 0
24 1 1615101 7493
25 0 19391202 0
26 0 19699758 0
27 0 19280963 0
28 0 19847174 0
29 0 19155014 0
30 1 1633230 7562
31 0 22114878 0
32 0 21775508 0
33 1 1867255 9779
34 0 20243358 0
35 0 18911197 0
36 1 1536241 7048
37 0 21930259 0
38 0 21798910 0
39 1 2016270 9293
40 1 1635353 7540
41 1 1488214 6835
42 1 1606390 7400
43 0 18836484 0
44 1 1548260 7125
45 0 19519465 0
46 0 15692821 0
47 0 19773859 0
48 1 1606600 7402
49 1 2051478 9464
50 0 19952043 0
51 0 19082795 0
52 0 21731632 0
53 1 1353163 6228
54 0 15508834 0
55 1 2413188 11131
56 0 19750602 0
57 0 15662800 0
58 0 20059025 0
59 0 19460588 0
60 0 22329925 0
61 0 19182996 0
62 0 20410379 0
63 1 1243174 5711
64 0 21309989 0
65 1 2005488 10540
66 1 1416505 6491
67 0 19181775 0
68 1 1849408 8494
69 0 21418822 0
70 1 1152514 6044
71 1 3305978 15329
72 0 21160030 0
73 1 3646124 16850
74 1 1039635 5465
75 0 19400335 0
76 0 18933049 0
77 1 1611242 7418
78 0 20191583 0
79 1 1692333 7775
80 1 1338901 6179
81 0 22495373 0
82 1 1488528 6877
83 1 3108413 14364
84 1 767594 3528
85 1 1542482 7103
86 0 15592991 0
87 0 21250832 0
88 0 15812677 0
89 0 15648481 0
90 0 15589739 0
91 0 19075478 0
92 0 19120168 0
93 1 1602290 7379
94 0 19569600 0
95 1 2205026 10163
96 1 1772466 8178
97 0 21879890 0
98 1 2026571 9338
99 1 919639 4179
100 1 1497823 6908
101 0 21937455 0
102 0 15651421 0
103 0 18533093 0
104 0 18801859 0
105 1 1764406 8121
106 0 19263179 0
107 1 1449180 6656
108 0 19715021 0
109 1 1868300 8598
110 1 2354804 10882
111 1 430737 1955
112 0 21564420 0
113 1 1257219 6603
114 1 2282010 10492
115 0 19916666 0
116 0 19264473 0
117 1 1871839 8641
118 1 1274903 5883
119 0 19284021 0
120 0 15993639 0
121 0 18937868 0
122 1 1621753 8525
123 1 1885277 8701
124 1 1566802 7221
125 1 2723902 12577
126 0 19488220 0
127 1 1363037 6271
128 1 1930566 8918
129 1 897399 4703
130 1 1795010 8275
131 1 667976 3070
132 1 1178889 5432
133 0 22216828 0
134 1 1418634 7457
135 1 1498798 7883
136 0 18910555 0
137 1 2189756 10072
138 0 21153842 0
139 0 15426620 0
140 0 19863401 0
141 1 2102621 9686
142 0 19493728 0
143 0 21935730 0
144 0 20532164 0
145 0 19031140 0
146 0 19179834 0
147 1 1003030 4578
148 0 19790707 0
149 1 2420090 11013
150 0 15587067 0
151 0 22178338 0
152 1 1183949 6218
153 1 199935 910
154 1 1815238 8382
155 0 20328046 0
156 1 1227384 5636
157 0 22486426 0
158 0 22738138 0
159 1 1647860 8670
160 0 19017085 0
161 0 19417696 0
162 1 1886105 8725
163 1 1623866 7528
164 1 1664456 7714
165 1 1964852 9050
166 0 15662919 0
167 0 20093509 0
168 0 19785533 0
169 1 1616139 7429
170 1 2082421 9656
171 1 2230612 10327
172 0 19595894 0
173 0 15572206 0
174 1 1715910 7967
175 1 1888122 8741
176 1 2930072 13563
177 0 18711292 0
178 1 1661683 8758
179 1 1491755 6900
180 0 18505237 0
181 0 20097694 0
182 0 19793707 0
183 1 1347849 6224
184 1 1488020 6889
185 0 19565867 0
186 1 1778525 8221
187 1 935233 4315
188 1 2136975 9894
189 1 1849878 8588
190 0 18858104 0
191 1 1877943 8694
192 1 1329300 6149
193 0 18952015 0
194 0 15575205 0
195 0 19321453 0
196 0 19085905 0
197 0 19120192 0
198 0 22361633 0
199 0 22510272 0
200 0 20492427 0
201 0 22868380 0
202 1 1474784 6783
203 0 21044472 0
204 0 20152364 0
205 1 1311824 6895
206 0 20280910 0
207 1 2105037 11068
208 1 1537491 7091
209 0 20248062 0
210 0 19870656 0
211 1 679869 3118
212 1 479818 2206
213 0 19645861 0
214 1 1696214 7816
215 0 19510271 0
216 0 19826578 0
217 0 15549187 0
218 0 18725356 0
219 0 18307766 0
220 0 15654658 0
221 1 2492986 11504
222 0 19612264 0
223 0 19599968 0
224 1 1492198 6845
225 0 20585500 0
226 1 2692005 12457
227 0 22683438 0
228 0 22317961 0
229 1 1195696 6256
230 0 22596089 0
231 0 15477605 0
232 0 21270429 0
233 0 22364465 0
234 1 2012514 9289
235 1 437209 2004
236 0 23118603 0
237 0 19360834 0
238 1 1537782 7083
239 0 19168703 0
240 1 1648638 7587
241 0 20697710 0
242 0 19296489 0
243 0 20300918 0
244 0 20876938 0
245 0 20001160 0
246 0 21927622 0
247 1 3073952 14138
248 1 1353243 6201
249 0 22614972 0
250 0 15206695 0
251 1 500167 2263
252 0 19425580 0
253 1 3012662 13891
254 1 1947665 10168
255 1 2617635 12049
256 1 2677873 12344
257 0 20998170 0
258 0 20481454 0
259 0 22768483 0
260 0 15371153 0
261 1 1997726 10489
262 0 18876261 0
263 0 19011533 0
264 0 19187220 0
265 1 1741757 8048
266 1 1409521 6461
267 1 1664462 8774
268 1 2552145 11825
269 0 18892573 0
270 0 21923220 0
271 0 15535707 0
272 1 3972754 18466
273 0 19245261 0
274 0 15588323 0
275 0 19094688 0
276 1 1368011 6297
277 0 19265947 0
278 1 961196 4443
279 1 1297004 5932
280 1 1221914 5658
281 0 19937379 0
282 0 15623742 0
283 0 18942144 0
284 1 1554717 7181
285 0 19021265 0
286 1 1694585 7839
287 1 1796732 8333
288 0 18686209 0
289 1 1482936 6857
290 0 18292274 0
291 1 1036103 4790
292 1 1870014 8654
293 1 1488147 6879
294 0 20232335 0
295 0 19591304 0
296 0 18817631 0
297 0 19710800 0
298 0 19267276 0
299 1 507436 2301
300 1 1564730 7226
301 1 1616812 7499
302 0 19316621 0
303 1 1397909 6448
304 1 1572504 7293
305 1 1635796 7568
306 0 19542582 0
307 0 19455420 0
308 0 20919504 0
309 1 1185814 5450
310 0 21466086 0
311 1 1656016 8725
312 1 1684699 7800
313 0 19513678 0
314 1 1608631 7441
315 0 19106084 0
316 0 18756738 0
317 0 19279572 0
318 0 19163420 0
319 1 850508 3894
320 0 19944787 0
321 0 19909501 0
322 0 19391157 0
323 1 1530372 7940
324 1 1202520 5563
325 0 21399963 0
326 1 1462246 6761
327 0 20295697 0
328 1 1709187 7918
329 0 19039901 0
330 1 1667846 7707
331 0 15421390 0
332 0 18724176 0
333 0 19944384 0
334 1 2172848 10044
335 0 19740430 0
336 1 1253159 5803
337 1 1709943 9004
338 1 183841 837
339 1 299920 1370
340 0 18907672 0
341 1 1880334 8655
342 1 1222016 5650
343 1 1294785 6780
344 0 15641972 0
345 0 21028045 0
346 0 21868438 0
347 1 1473670 6819
348 0 19627287 0
349 0 19151082 0
350 1 2316349 10700
351 0 19640746 0
352 1 1392785 6446
353 1 2232401 10349
354 0 15847399 0
355 1 1411602 6521
356 0 19075450 0
357 1 1555693 8179
358 0 19497855 0
359 0 22410879 0
360 0 15655684 0
361 0 19445106 0
362 0 19550259 0
363 0 19567223 0
364 0 20776526 0
365 0 15850305 0
366 0 20616007 0
367 1 1912987 10042
368 1 1915085 8882
369 0 19212329 0
370 0 19421315 0
371 1 2416072 11184
372 1 1613695 7457
373 1 1898135 8766
374 0 18687518 0
375 1 1290857 5962
376 0 22882350 0
377 1 1078428 5672
378 0 16058278 0
379 0 15595063 0
380 1 1742739 8089
381 0 20661583 0
382 0 20662729 0
383 1 1856761 8603
384 0 19071460 0
385 1 1486404 6872
386 0 20067056 0
387 1 1429645 6515
388 1 1418181 7481
389 0 21926494 0
390 1 1505753 6964
391 0 19728234 0
392 0 19298509 0
393 0 15587486 0
394 1 1932608 8950
395 0 20300295 0
396 0 19384219 0
397 0 15773949 0
398 0 18741798 0
399 0 19373156 0
400 0 15694813 0
401 1 2033131 9422
402 1 574040 3009
403 1 1626554 8552
404 0 20734769 0
405 1 1680511 7777
406 1 3377420 15574
407 1 1289217 5948
408 1 1366845 6307
409 0 19119811 0
410 1 1612843 8426
411 1 2033092 10682
412 0 20048939 0
413 0 18529586 0
414 1 1893467 8758
415 1 764235 3519
416 1 1862263 8629
417 1 1773191 8219
418 1 844779 3910
419 0 20182927 0
420 0 20234294 0
421 0 19018022 0
422 1 1781547 9365
423 0 20369584 0
424 0 18880399 0
425 0 19079087 0
426 0 19934619 0
427 0 20031373 0
428 1 1464823 7694
429 1 1974744 9139
430 1 1828968 8460
431 1 337899 1539
432 0 19817996 0
433 0 20923183 0
434 0 21001474 0
435 1 1716292 7938
436 0 20054508 0
437 1 1500073 7874
438 1 1715890 7881
439 0 19132895 0
440 1 796939 4173
441 1 1590584 7357
442 0 19441633 0
443 0 20661311 0
444 0 19245053 0
445 1 689694 3173
446 1 2448578 11376
447 1 1631291 7556
448 1 1750695 8104
449 1 2073493 9603
450 1 1379716 6379
451 1 1337633 6200
452 1 1266928 5857
453 1 670149 3096
454 0 18924168 0
455 1 810279 4213
456 0 20088040 0
457 0 19593303 0
458 1 408380 2104
459 0 19394292 0
460 1 1654458 7641
461 1 1075039 4975
462 1 3105567 14328
463 0 22609750 0
464 0 19662071 0
465 0 18512624 0
466 1 1670379 7715
467 1 1790013 8301
468 0 19705557 0
469 1 2409312 11154
470 0 19546808 0
471 1 1984505 9182
472 0 19429933 0
473 1 2736667 12698
474 1 2065522 9562
475 0 21574368 0
476 1 2822309 13078
477 1 1255831 6619
478 0 19227821 0
479 1 1502879 6956
480 0 21215481 0
481 1 1068638 4942
482 0 19937941 0
483 1 988672 4557
484 0 21279077 0
485 0 21734511 0
486 0 15627183 0
487 0 22415192 0
488 1 1393804 6464
489 0 21962669 0
490 1 1607499 8435
491 1 3832657 17774
492 1 1405672 6524
493 0 21817012 0
494 0 20488060 0
495 0 20065703 0
496 0 20022905 0
497 1 1499006 6944
498 1 2057192 9531
499 1 2043900 9415
500 0 19769407 0
501 0 19547863 0
502 0 19658222 0
503 0 19299744 0
504 0 15433086 0
505 0 20038004 0
506 0 15428303 0
507 0 19019338 0
508 1 1682922 8829
509 0 18815466 0
510 0 22970745 0
511 0 15598032 0
512 1 1973379 9071
513 0 20460027 0
514 1 1453473 6649
515 1 1324879 6112
516 0 17488641 0
517 0 19387722 0
518 0 20404220 0
519 0 15853778 0
520 1 1483785 6832
521 1 1327337 6133
522 1 1549291 7099
523 0 19400526 0
524 0 15291646 0
525 0 19274688 0
526 1 1831272 8465
527 1 129692 656
528 0 18222777 0
529 1 383460 1754
530 0 15560717 0
531 1 776833 4060
532 0 18973979 0
533 0 15209999 0
534 0 19751372 0
535 0 19013727 0
536 1 1259680 5784
537 1 1256094 5816
538 0 19438214 0
539 1 1057482 5535
540 0 19853754 0
541 1 1713115 7898
542 0 21459443 0
543 1 1780856 8207
544 0 22656302 0
545 1 1638014 7585
546 0 15596302 0
547 1 1559339 7196
548 0 21043806 0
549 1 2155049 9966
550 1 1540622 7146
551 1 1899663 8778
552 1 1088636 5020
553 0 19330193 0
554 0 19381202 0
555 0 19584552 0
556 1 1588142 8334
557 1 1581223 7316
558 1 1611448 7474
559 0 18802051 0
560 1 1108080 5133
561 0 18405119 0
562 0 19223427 0
563 0 20959055 0
564 1 1309090 6042
565 0 18889966 0
566 1 1740996 8062
567 0 19471414 0
568 1 2000174 9267
569 1 1555661 7213
570 1 594504 2750
571 0 18956481 0
572 0 15619199 0
573 1 1457102 7655
574 1 1081536 5690
575 0 22259046 0
576 0 18449921 0
577 1 1789388 9394
578 0 21733241 0
579 0 21139743 0
580 1 1768290 8180
581 1 1286314 5950
582 1 1572317 7287
583 1 1659060 7635
584 1 1109946 5128
585 1 923079 4850
586 1 2152436 9986
587 0 19797628 0
588 0 15455392 0
589 0 18560519 0
590 1 1917140 8871
591 0 19183601 0
592 1 2545949 11777
593 0 20553446 0
594 1 1244246 5743
595 1 2166866 10040
596 0 19341691 0
597 0 18157664 0
598 0 19218920 0
599 0 15421550 0
600 0 18868544 0
601 0 15926750 0
602 1 1598952 7400
603 1 1734349 8024
604 1 1791145 8293
605 1 1138494 5262
606 0 19347648 0
607 0 19968401 0
608 0 22201636 0
609 0 20276547 0
610 0 19481056 0
611 0 19611564 0
612 0 19911169 0
613 0 18864787 0
614 1 2082832 9652
615 0 19517940 0
616 1 1277563 5894
617 1 1655858 7677
618 1 868317 4020
619 1 1346795 6184
620 0 18970137 0
621 0 18909409 0
622 0 19192540 0
623 0 21362051 0
624 1 1213344 6382
625 0 20853341 0
626 1 2118376 9818
627 1 1432057 6641
628 1 2785244 12881
629 1 1475923 7702
630 0 19472653 0
631 0 18561141 0
632 1 2812032 13034
633 1 2396503 11119
634 1 272295 1236
635 1 2713027 12562
636 1 1838627 8504
637 1 1597439 7405
638 1 1427965 6616
639 1 2589150 12004
640 1 1908445 8823
641 0 18528912 0
642 1 1613505 7472
643 1 1532206 7100
644 1 2323915 10753
645 1 1710745 8994
646 0 22059347 0
647 0 20528368 0
648 0 19236783 0
649 0 21236159 0
650 0 19894198 0
651 1 1749771 9182
652 1 1930926 8906
653 1 1784414 8271
654 1 2069405 9593
655 0 18782647 0
656 1 2152544 9954
657 1 1752223 8112
658 0 19013827 0
659 0 19740245 0
660 1 1389729 6388
661 1 2065391 9564
662 0 15743945 0
663 1 1632627 7551
664 1 1578009 8301
665 1 1419599 6573
666 1 1127423 5193
667 0 19460583 0
668 1 1280730 5820
669 1 2576772 11873
670 0 18944645 0
671 0 23027685 0
672 0 20811843 0
673 0 22124760 0
674 1 1251734 5799
675 0 15458469 0
676 0 20503176 0
677 0 20068724 0
678 1 2546164 11798
679 0 15486926 0
680 0 20150688 0
681 0 21009877 0
682 1 1423655 6577
683 0 19974131 0
684 0 15727934 0
685 1 1417982 6538
686 0 19396963 0
687 0 19334495 0
688 0 19755595 0
689 1 2440863 11250
690 1 1176534 5413
691 1 2177909 10036
692 1 2321279 10710
693 0 19027199 0
694 0 22539445 0
695 0 21174790 0
696 0 21725945 0
697 0 20992195 0
698 1 1245679 5694
699 1 2678267 12344
700 0 19762933 0
701 1 1628928 7492
702 0 19422874 0
703 1 1324794 6968
704 1 1541895 7099
705 0 20009610 0
706 1 1821233 8392
707 0 15714026 0
708 0 19193283 0
709 1 1837618 9657
710 0 15433659 0
711 0 21718563 0
712 0 15696583 0
713 1 1825190 8404
714 0 21093361 0
715 0 15746392 0
716 0 21351612 0
717 1 876226 4564
718 1 2953004 13593
719 0 15583005 0
720 1 642216 2941
721 1 1369945 6323
722 1 2375116 10947
723 1 704666 3247
724 0 20272145 0
725 0 19482248 0
726 0 18873831 0
727 0 19963728 0
728 0 22588051 0
729 1 1863482 9805
730 1 1404705 6443
731 1 1593309 7356
732 1 2846392 13161
733 0 22910631 0
734 1 1572500 7234
735 1 305269 1391
736 0 22453790 0
737 0 22627206 0
738 1 1690242 7771
739 0 20509845 0
740 0 22539305 0
741 0 15707296 0
742 1 1546986 8126
743 0 21301911 0
744 0 19716100 0
745 1 482322 2180
746 0 19482267 0
747 1 1235388 5647
748 1 1971504 9100
749 0 19403440 0
750 0 20959857 0
751 0 15398395 0
752 1 1763553 8055
753 0 15543596 0
754 1 1291585 5946
755 0 18651569 0
756 0 20241992 0
757 0 15453695 0
758 1 2010771 9271
759 0 20849987 0
760 0 19578584 0
761 0 15640581 0
762 1 1709375 7921
763 1 1708790 7910
764 1 843615 3904
765 1 976697 4515
766 1 1663339 7714
767 0 19555104 0
768 1 3589067 16703
769 1 2181662 11512
770 1 1894160 8740
771 1 2373520 10937
772 0 21215278 0
773 0 19713678 0
774 0 19257803 0
775 1 1373801 6348
776 0 19140161 0
777 1 664331 3049
778 1 1100082 5091
779 1 932946 4293
780 0 19440267 0
781 0 19021928 0
782 1 2957049 13693
783 1 716844 3296
784 0 19027323 0
785 0 18562196 0
786 1 1555379 7186
787 1 483486 2218
788 0 18272945 0
789 1 1707930 8961
790 1 1576671 7310
791 1 1846004 8555
792 0 19316275 0
793 0 19414837 0
794 0 18727214 0
795 1 1684569 8844
796 0 19557443 0
797 1 1575715 8260
798 1 1842009 8530
799 0 19180369 0
800 1 3663146 16964
801 1 1879287 8706
802 1 1309826 6047
803 0 15393018 0
804 0 18775767 0
805 1 1385098 6413
806 1 1815760 8419
807 0 19152645 0
808 0 18439770 0
809 1 2052130 9440
810 1 1657255 7673
811 0 19972067 0
812 1 1113439 5129
813 1 1436715 6646
814 1 2550227 11838
815 0 18817467 0
816 0 20467227 0
817 0 15755623 0
818 1 1437087 6644
819 0 15583439 0
820 0 19020144 0
821 1 1427514 6509
822 1 1429411 6558
823 1 1655302 7656
824 1 1701842 7885
825 0 19042085 0
826 0 19074880 0
827 0 18626933 0
828 0 18730962 0
829 0 18862361 0
830 1 1260576 6617
831 1 599950 2768
832 0 21269748 0
833 0 22431562 0
834 0 21070567 0
835 1 1759734 9272
836 1 2394720 11048
837 1 1953030 8999
838 0 15830714 0
839 0 19790058 0
840 1 589674 2674
841 1 2086887 9611
842 0 19823906 0
843 1 2053147 9464
844 1 2241816 10356
845 0 15472861 0
846 1 1973874 9068
847 1 2353167 10850
848 0 19997434 0
849 1 2219652 10224
850 1 882184 4052
851 1 1608065 7415
852 0 18912892 0
853 0 20153857 0
854 0 19276059 0
855 0 19620145 0
856 1 632624 2893
857 0 20352719 0
858 1 1475255 6774
859 1 771606 3546
860 0 19177800 0
861 0 21554428 0
862 0 15603934 0
863 1 1857910 8535
864 1 939563 4300
865 1 1949078 8996
866 0 20668752 0
867 0 19477355 0
868 1 1626318 7480
869 1 1374528 6331
870 0 19234806 0
871 0 18896377 0
872 1 1958160 9021
873 1 2137340 9873
874 0 18927419 0
875 0 15913425 0
876 1 2694856 12416
877 1 853618 3924
878 0 19441818 0
879 0 18735256 0
880 1 1680225 7721
881 0 22307576 0
882 0 20782680 0
883 0 15643453 0
884 0 19282124 0
885 0 18766491 0
886 1 1184680 5473
887 1 885891 4108
888 0 18884008 0
889 0 21168054 0
890 1 2374110 11019
891 1 1707962 7930
892 0 19921401 0
893 1 560427 2573
894 0 20307585 0
895 1 1068685 5573
896 1 2193913 10173
897 1 882296 4086
898 1 2171276 10069
899 1 371766 1706
900 1 1844390 8531
901 0 18811438 0
902 1 2604618 12076
903 0 19441561 0
904 0 20497111 0
905 0 20063258 0
906 1 1703560 8954
907 0 19295430 0
908 1 1932240 8873
909 1 1943576 8978
910 0 19374173 0
911 0 19999362 0
912 0 21206848 0
913 0 19892801 0
914 0 15455781 0
915 0 15456950 0
916 1 1801970 8338
917 0 19613928 0
918 0 19265904 0
919 1 1421744 6559
920 1 1817232 8422
921 0 15719125 0
922 1 953822 4383
923 0 20401809 0
924 0 19670182 0
925 1 1366500 6294
926 0 19110642 0
927 1 1931953 8945
928 1 1600835 7398
929 1 1715521 7885
930 1 1753903 9240
931 0 20432678 0
932 0 19211979 0
933 0 19199375 0
934 0 21212333 0
935 1 1418697 6571
936 1 1314270 6088
937 0 19952099 0
938 1 1790719 8230
939 1 2798710 12956
940 0 21642349 0
941 0 19380420 0
942 1 1673732 7761
943 0 18967137 0
944 1 1940620 8968
945 0 20680400 0
946 1 1722962 7974
947 0 20307662 0
948 0 19311716 0
949 1 1328679 6136
950 1 1507204 7944
951 0 18733210 0
952 1 1759864 8140
953 1 2100018 9726
954 1 1406761 6528
955 0 18841445 0
956 1 1501301 6955
957 0 19161254 0
958 1 392975 1793
959 1 1852134 8567
960 0 19267969 0
961 1 1267295 6655
962 1 1102732 5097
963 0 19581233 0
964 0 15615800 0
965 0 18835713 0
966 1 1584239 7311
967 1 2042063 9451
968 0 19403275 0
969 0 18840162 0
970 1 1332480 6171
971 0 19031644 0
972 0 21121150 0
973 0 19291262 0
974 1 1457761 6748
975 0 18974191 0
976 0 18709704 0
977 1 1393564 6456
978 0 18755450 0
979 0 15640141 0
980 1 1569790 7275
981 0 18793333 0
982 1 1373890 6342
983 0 19128278 0
984 1 968896 4461
985 0 16015366 0
986 1 1056988 4883
987 0 19050870 0
988 1 1652416 7653
989 1 1766753 8192
990 1 1802356 8346
991 1 1785847 8288
992 0 22154255 0
993 1 1183606 5466
994 1 1188254 5497
995 0 20696772 0
996 0 15320327 0
997 1 1683070 7808
998 1 1050306 4861
999 1 1363133 6301
1000 1 1306216 6046
1001 1 1699784 7857
1002 1 1906957 8838
1003 0 19285874 0
1004 0 22189767 0
1005 0 22310089 0
1006 1 1334452 6149
1007 0 16260068 0
1008 0 19557125 0
1009 0 18858664 0
1010 1 149572 656
1011 1 1413479 6540
1012 0 19368905 0
1013 0 15658165 0
1014 1 372051 1700
1015 1 2151890 9963
1016 1 1720303 7963
1017 1 1191708 6272
1018 0 18868783 0
1019 1 1730742 8016
1020 1 1231408 5681
1021 1 1653434 7669
1022 0 19777595 0
1023 1 1090356 5041
1024 1 1851229 8569
1025 0 19778938 0
1026 0 15625916 0
1027 1 2299640 10634
1028 1 1325256 6129
1029 1 2596697 11980
1030 0 19978687 0
1031 1 1226665 5659
1032 1 2239849 10396
1033 1 1734206 8023
1034 0 19571895 0
1035 1 1196563 5526
1036 1 2175033 10088
1037 1 1291499 5979
1038 0 15656368 0
1039 1 37137 125
1040 0 19109152 0
1041 0 19599734 0
1042 1 1827515 8448
1043 1 1438496 6666
1044 1 1884665 8735
1045 1 1713049 7901
1046 1 1686666 7815
1047 0 22145503 0
1048 1 1725276 7986
1049 0 19402051 0
1050 1 431420 1982
1051 0 18936049 0
1052 1 1380375 6381
1053 1 1603932 7411
1054 0 19221716 0
1055 0 19775435 0
1056 0 19129067 0
1057 0 19073427 0
1058 0 19059984 0
1059 1 1720980 9070
1060 1 1331853 6140
1061 0 21740659 0
1062 0 22791083 0
1063 1 1680987 7734
1064 0 23049019 0
1065 0 22290019 0
1066 0 21565137 0
1067 0 22419454 0
1068 0 21961532 0
1069 1 2110063 9793
1070 0 18665139 0
1071 1 2461996 11417
1072 0 19651681 0
1073 1 1493718 6861
1074 1 944808 4381
1075 0 20064821 0
1076 1 2147971 9962
1077 0 18589577 0
1078 0 19945049 0
1079 1 1852479 9742
1080 1 1111629 5141
1081 0 19941968 0
1082 1 1704840 7883
1083 1 1591161 7379
1084 0 18919316 0
1085 1 1534141 7102
1086 0 19102439 0
1087 0 19509199 0
1088 1 1906673 8823
1089 1 2352463 10886
1090 1 863728 3992
1091 0 18798627 0
1092 1 1339348 6200
1093 1 1775477 8229
1094 0 20630639 0
1095 1 1878172 8646
1096 0 18942084 0
1097 1 1875000 9837
1098 0 15790017 0
1099 1 2148387 9956
1100 1 1546220 7142
1101 0 19496843 0
1102 0 18910286 0
1103 0 18625209 0
1104 1 2042658 9440
1105 1 1672377 7762
1106 0 19403345 0
1107 1 1509819 6979
1108 0 20827404 0
1109 1 3241864 14962
1110 1 1529999 7072
1111 1 2050810 9469
1112 1 1369508 7192
1113 1 825570 3819
1114 0 19138944 0
1115 1 1566008 7248
1116 1 751416 3471
1117 0 19683708 0
1118 0 18571653 0
1119 1 2250292 10391
1120 1 1795648 8324
1121 0 19631631 0
1122 0 20765226 0
1123 1 188405 939
1124 0 22039701 0
1125 0 21486870 0
1126 1 1595818 7357
1127 1 958412 4437
1128 1 1630969 7548
1129 0 19449244 0
1130 1 2032598 9408
1131 0 19696186 0
1132 1 1952085 9004
1133 0 19296476 0
1134 0 15731938 0
1135 1 1294939 6795
1136 1 1415252 6497
1137 0 19649177 0
1138 1 1541953 7143
1139 1 1621965 7520
1140 0 20021497 0
1141 0 15512607 0
1142 0 15623391 0
1143 1 1866766 8653
1144 1 1331727 6145
1145 0 20249739 0
1146 1 2085876 9593
1147 1 2375876 11026
1148 0 19275506 0
1149 1 318808 1445
1150 0 20020462 0
1151 0 18886701 0
1152 0 18646305 0
1153 0 19592631 0
1154 0 19809234 0
1155 1 1497784 6935
1156 0 20061787 0
1157 0 22237409 0
1158 0 20718052 0
1159 0 19291070 0
1160 0 18603071 0
1161 0 19453720 0
1162 0 19049994 0
1163 1 1928188 8931
1164 0 18555538 0
1165 1 1621161 7480
1166 0 19929787 0
1167 1 2013420 10615
1168 0 19490385 0
1169 1 1659471 8725
1170 0 18166683 0
1171 1 1179721 5434
1172 0 19129293 0
1173 1 1906073 8788
1174 0 18951024 0
1175 1 1565397 7199
1176 0 19769427 0
1177 0 19305940 0
1178 1 1647854 7603
1179 0 18939475 0
1180 0 19935322 0
1181 0 21116638 0
1182 0 18656083 0
1183 1 1209485 5557
1184 1 1511741 6960
1185 1 2212230 10192
1186 0 21214963 0
1187 0 20851254 0
1188 1 1342041 6145
1189 1 2353381 10845
1190 0 15370017 0
1191 1 1100421 5043
1192 0 19528458 0
1193 0 22124746 0
1194 0 15321194 0
1195 0 19347743 0
1196 1 2070930 9556
1197 0 19937878 0
1198 1 2604508 12057
1199 0 18382095 0
