0 0 15469386 0
1 1 746048 3447
2 0 19180857 0
3 0 19682463 0
4 0 22235827 0
5 1 1832849 8467
6 0 20212917 0
7 1 2155892 9976
8 1 2988799 13782
9 0 19172798 0
10 1 1754403 8091
11 1 1950208 9028
12 0 20850443 0
13 1 2468903 11383
14 1 944488 4377
15 1 2272712 10539
16 1 1476743 6837
17 1 2901126 13449
18 1 3680308 17137
19 0 15485515 0
20 1 2020143 9361
21 1 1627683 7542
22 0 19591026 0
23 0 20416260 0
24 0 20053770 0
25 0 21192400 0
26 1 1964749 10331
27 0 20463185 0
28 0 22415696 0
29 0 19854701 0
30 1 1838305 8497
31 1 1683287 7794
32 0 20016082 0
33 0 21527975 0
34 1 1593996 7303
35 0 22084956 0
36 1 1869987 8646
37 1 1950821 9026
38 1 2100552 9711
39 0 18652293 0
40 0 19989440 0
41 0 15365533 0
42 1 1601349 7414
43 1 1950144 9043
44 0 18233002 0
45 0 19498858 0
46 1 1744545 8077
47 0 19685919 0
48 0 15833730 0
49 0 19302127 0
50 0 18829928 0
51 1 1968122 9102
52 0 19091535 0
53 0 21540030 0
54 0 19605681 0
55 0 15514985 0
56 1 2559403 11873
57 1 2652535 12302
58 0 18316914 0
59 0 19419866 0
60 0 20329732 0
61 1 513862 2356
62 1 3828066 17665
63 1 2237311 10379
64 0 15487387 0
65 1 1704786 7871
66 1 1923346 8888
67 0 19198228 0
68 0 18673072 0
69 0 20819417 0
70 0 15719904 0
71 0 18721099 0
72 0 20355246 0
73 0 15743339 0
74 0 15556331 0
75 0 18956753 0
76 1 2744412 12720
77 1 1625944 7543
78 0 19256014 0
79 0 18710422 0
80 0 19532465 0
81 0 19349685 0
82 0 19051835 0
83 1 2138092 9918
84 0 18458983 0
85 1 3196648 14835
86 0 20244824 0
87 0 20678089 0
88 0 18767328 0
89 1 2617186 12111
90 0 19938940 0
91 0 18952894 0
92 0 18600991 0
93 0 20278994 0
94 0 15627077 0
95 0 19130027 0
96 1 2316978 10738
97 1 2713434 12613
98 1 1937991 8966
99 0 20451435 0
100 0 18778360 0
101 1 3259941 15083
102 0 19500616 0
103 0 20359358 0
104 0 18448911 0
105 1 2010312 9321
106 1 953578 4409
107 0 19082091 0
108 0 15621474 0
109 0 18722736 0
110 0 19520771 0
111 0 19794056 0
112 0 22139563 0
113 0 19640350 0
114 0 19843655 0
115 1 2294964 10620
116 0 20235661 0
117 0 18966521 0
118 1 1700740 8921
119 0 20245533 0
120 1 2119465 9821
121 1 2033368 9416
122 1 1936229 8982
123 0 19803847 0
124 0 18674465 0
125 1 858796 3961
126 0 20025620 0
127 1 2490751 11529
128 0 19356147 0
129 0 20100139 0
130 0 20087232 0
131 1 2668649 12328
132 1 1755532 8128
133 1 2074938 9614
134 1 2013956 9307
135 1 1906313 8834
136 0 18607043 0
137 1 823303 3811
138 1 1635230 7577
139 0 22397750 0
140 1 1604667 7421
141 1 2731307 12658
142 1 2146082 9950
143 0 20318488 0
144 1 1789255 8291
145 1 2096882 9731
146 0 19577995 0
147 0 18735441 0
148 0 15439512 0
149 0 19266763 0
150 1 1107319 5807
151 0 19139993 0
152 0 18995085 0
153 1 2576882 11856
154 0 19296741 0
155 1 906591 4153
156 1 1858011 8548
157 1 1845865 8516
158 1 1859412 8550
159 0 19204105 0
160 1 2641453 12166
161 0 22343505 0
162 1 2103641 11064
163 0 21212554 0
164 0 22492342 0
165 0 15501501 0
166 1 1838270 8488
167 1 1524248 7992
168 1 2390891 10985
169 1 1994707 9168
170 1 689600 3177
171 0 18850887 0
172 1 2889295 13283
173 1 1665844 7688
174 0 19964940 0
175 0 21743008 0
176 1 1349127 6204
177 0 18910130 0
178 0 18845117 0
179 1 2679124 12335
180 0 19686359 0
181 0 18945238 0
182 1 1813956 8342
183 0 19493775 0
184 0 19723791 0
185 0 21497507 0
186 0 21123132 0
187 1 2020028 9304
188 0 21380517 0
189 0 19765048 0
190 1 468927 2131
191 0 19351616 0
192 0 20263199 0
193 0 19432478 0
194 0 22490124 0
195 1 1260667 5742
196 1 991577 5187
197 0 22311144 0
198 0 21709428 0
199 0 21854902 0
200 1 2133699 9816
201 0 20492603 0
202 1 1977718 9077
203 0 15447345 0
204 0 21815287 0
205 1 2289375 10559
206 0 19398262 0
207 0 22478228 0
208 1 1882791 8668
209 1 273589 1245
210 1 4025734 18591
211 1 1552719 7408
212 0 23062497 0
213 0 22113928 0
214 1 1540261 7093
215 0 21088358 0
216 1 3084744 14261
217 0 21080107 0
218 1 1692594 7786
219 0 20768957 0
220 1 1433426 6600
221 1 2919255 13445
222 1 3832167 17599
223 0 19415153 0
224 1 1817123 8325
225 1 2245606 10361
226 0 19022840 0
227 0 19140770 0
228 0 19582574 0
229 1 2277373 10484
230 0 20100109 0
231 1 833165 3812
232 0 20134072 0
233 0 22388405 0
234 1 2353061 10855
235 1 1738059 7999
236 1 1859243 9798
237 0 21598870 0
238 1 2543744 11696
239 0 20971760 0
240 0 15545176 0
241 1 1533380 8073
242 1 2409310 11106
243 0 19004901 0
244 1 2306015 10592
245 1 1457162 6686
246 0 21706371 0
247 0 15578633 0
248 1 1789038 9399
249 1 2000505 9206
250 1 2184272 10081
251 0 19151148 0
252 0 21892506 0
253 0 22103780 0
254 0 21956746 0
255 0 19469722 0
256 1 2142068 9859
257 1 2168998 9991
258 1 1179424 5437
259 0 19975948 0
260 0 20735205 0
261 0 21252637 0
262 0 22248624 0
263 1 2012161 9272
264 0 22409825 0
265 0 21717753 0
266 1 823306 3772
267 1 2110394 9737
268 0 21116591 0
269 0 22018492 0
270 1 1788630 8250
271 1 1979206 9095
272 1 1081201 4974
273 0 22141621 0
274 1 1974100 9084
275 1 303757 1385
276 0 15533378 0
277 0 19818819 0
278 1 4047116 18699
279 0 20108501 0
280 0 19460168 0
281 1 1753535 9178
282 0 20188432 0
283 1 1762410 9283
284 1 1885697 8744
285 0 19652929 0
286 1 2703769 12504
287 0 18899843 0
288 1 2233154 10313
289 1 2103455 9754
290 0 19758905 0
291 0 18933190 0
292 1 1842225 8514
293 1 2217210 10271
294 1 2213396 10256
295 0 18902253 0
296 1 1423878 7463
297 1 2257997 10474
298 0 21090214 0
299 1 2324429 10740
300 0 18190135 0
301 1 1986716 9226
302 1 2583483 11989
303 0 19140012 0
304 0 19365520 0
305 0 15645005 0
306 0 20150894 0
307 0 19383368 0
308 0 15391789 0
309 1 1905783 8829
310 0 18568992 0
311 0 21241152 0
312 1 1869531 8650
313 1 1821068 8366
314 0 20026463 0
315 1 1962619 9089
316 1 2989765 13853
317 0 18730508 0
318 0 18875990 0
319 1 3077146 14262
320 1 1891018 8773
321 0 18568423 0
322 0 15557989 0
323 1 2067070 9577
324 1 833411 3845
325 0 19213998 0
326 0 21272058 0
327 1 3886282 18152
328 1 1030815 4766
329 0 18981572 0
330 1 2131262 9847
331 0 19548656 0
332 0 19247694 0
333 0 22787801 0
334 0 15480033 0
335 0 20272210 0
336 1 39417 156
337 0 18781640 0
338 1 2098234 9718
339 1 917545 4249
340 0 20882722 0
341 1 1766775 8173
342 1 1887529 8740
343 0 20069104 0
344 1 2022161 9343
345 0 19198821 0
346 1 1810040 8364
347 1 1541910 7125
348 0 19396763 0
349 1 2126156 11180
350 0 18986253 0
351 0 15629598 0
352 1 1151582 5336
353 1 440320 2021
354 0 18669548 0
355 1 1941062 8980
356 0 18739849 0
357 1 699069 3238
358 1 2029536 9415
359 1 2053773 9524
360 0 19195505 0
361 0 20618375 0
362 0 19271942 0
363 0 18618614 0
364 1 1916636 8791
365 0 19938904 0
366 0 18573520 0
367 0 19086080 0
368 0 22505167 0
369 0 21267564 0
370 0 22128102 0
371 0 21683403 0
372 1 2079414 9617
373 0 20164406 0
374 0 21205883 0
375 0 20669137 0
376 1 2034332 9421
377 1 1480484 6825
378 1 755377 3977
379 0 15673443 0
380 0 18978548 0
381 1 1105462 5113
382 1 2037479 9455
383 1 3984000 18435
384 1 363764 1666
385 0 22216584 0
386 0 15475819 0
387 1 496081 2240
388 1 1366452 7206
389 0 21421603 0
390 1 342978 1756
391 0 22771248 0
392 1 1613347 7458
393 1 2008211 9326
394 1 2652234 12296
395 0 19333796 0
396 0 19244737 0
397 1 1305683 6036
398 0 18782443 0
399 1 1081399 4994
400 0 20226037 0
401 1 4588296 21150
402 0 19197661 0
403 1 2259031 10461
404 0 22221356 0
405 0 15440050 0
406 1 2277270 10578
407 1 1766924 8181
408 0 19314604 0
409 0 21238808 0
410 1 2081843 9648
411 0 21064984 0
412 1 987248 4556
413 1 1927738 8941
414 0 18761508 0
415 0 21899357 0
416 0 22776924 0
417 1 1906534 10042
418 0 22277481 0
419 1 1671640 7661
420 1 3874029 17912
421 1 1832221 9652
422 1 3646052 16823
423 1 2536197 11674
424 0 15350405 0
425 1 3864806 17928
426 1 2945292 13567
427 0 20249409 0
428 0 15658671 0
429 1 2414510 11099
430 0 19447086 0
431 1 2334965 12265
432 0 20140943 0
433 0 19483058 0
434 0 20046260 0
435 0 15433925 0
436 1 2148936 9899
437 0 20614889 0
438 1 1961650 9021
439 1 1618872 7462
440 0 19637497 0
441 1 1991076 10479
442 1 2351653 10867
443 1 2908187 13413
444 1 2268362 10466
445 0 18913662 0
446 1 1796452 9453
447 1 1775827 8188
448 1 2375943 10915
449 1 1789238 9415
450 0 22794888 0
451 1 1926535 10155
452 1 2077193 9589
453 0 19041434 0
454 1 2002869 10505
455 1 230820 1047
456 0 20082484 0
457 1 1187919 5464
458 1 1601421 7396
459 0 20411760 0
460 0 19379640 0
461 1 2412501 11116
462 0 15405452 0
463 0 19110572 0
464 1 2340579 10769
465 0 20729900 0
466 0 21361557 0
467 0 21037905 0
468 1 1739183 9129
469 0 19605115 0
470 1 1251572 5758
471 0 21031851 0
472 0 15381840 0
473 0 19500653 0
474 0 19970591 0
475 1 2426619 12761
476 0 19955184 0
477 0 18586547 0
478 0 21172523 0
479 1 1897748 8760
480 0 20031649 0
481 0 15282167 0
482 0 19284394 0
483 0 22500651 0
484 1 1873482 8624
485 0 19031559 0
486 0 15466971 0
487 0 19241655 0
488 1 1821741 8432
489 0 18340832 0
490 1 910361 4771
491 1 1556253 7210
492 1 3092094 14313
493 0 15233921 0
494 1 2701667 12038
495 0 18971906 0
496 1 2015017 9209
497 0 21094892 0
498 0 15759353 0
499 1 2561685 11811
500 0 19346415 0
501 0 18821079 0
502 1 990917 4566
503 0 19573205 0
504 1 1304948 6002
505 0 18963097 0
506 1 453311 2058
507 0 19371389 0
508 1 1386920 6382
509 1 3081127 14237
510 1 2229667 11688
511 0 22528992 0
512 0 15612140 0
513 1 1698705 7812
514 0 19459700 0
515 1 1420511 6532
516 0 22677093 0
517 1 2390479 11036
518 0 15691492 0
519 0 20472236 0
520 0 19698769 0
521 1 1689058 7778
522 1 3028856 13982
523 0 19377104 0
524 0 19218614 0
525 0 19646849 0
526 1 1974989 9094
527 1 2015669 9290
528 1 1785913 8108
529 0 23036433 0
530 1 1783955 8221
531 1 1458783 6736
532 1 1415117 6519
533 0 21538314 0
534 0 19517855 0
535 1 1559957 7202
536 1 2243853 10389
537 1 2403148 11136
538 0 19664317 0
539 0 21312301 0
540 0 15482758 0
541 0 22121773 0
542 0 15552432 0
543 0 21455460 0
544 1 1896334 8776
545 0 20021930 0
546 0 18623611 0
547 0 20292888 0
548 0 15660371 0
549 1 2119429 9772
550 1 2068180 9558
551 1 2082744 9663
552 1 1645167 7628
553 0 22528790 0
554 0 22485485 0
555 1 2028943 9398
556 0 22402591 0
557 0 19325425 0
558 0 19558283 0
559 0 20396406 0
560 0 15567183 0
561 0 19516280 0
562 1 2328119 12221
563 0 21910123 0
564 0 19250325 0
565 0 19675794 0
566 0 20204800 0
567 1 2011456 9277
568 0 23004342 0
569 0 21452943 0
570 1 1636948 7567
571 1 1748914 8089
572 0 20908489 0
573 0 22032915 0
574 1 1768382 8172
575 0 22075864 0
576 1 1627318 8542
577 1 1834531 8503
578 1 2169668 10057
579 0 22819542 0
580 0 15486588 0
581 1 1889279 8729
582 1 2291634 10600
583 1 1482047 6843
584 0 21739978 0
585 1 2646751 12253
586 1 2693585 12468
587 1 1896661 9964
588 0 21106075 0
589 0 21739429 0
590 1 2018082 9355
591 0 19920484 0
592 0 21167846 0
593 0 21502593 0
594 0 20664874 0
595 1 685241 3553
596 1 2317297 10743
597 0 19777901 0
598 0 19073220 0
599 0 15539243 0
600 0 21670193 0
601 0 19648092 0
602 1 2203762 11598
603 1 1808972 8355
604 1 2156996 9985
605 0 19172946 0
606 0 20450080 0
607 0 21111193 0
608 1 1922388 8894
609 0 19490933 0
610 0 18900033 0
611 0 19838830 0
612 1 2016242 10586
613 1 1634027 8607
614 0 19127667 0
615 0 18039251 0
616 1 1839318 8524
617 0 20474648 0
618 0 18689886 0
619 0 19364114 0
620 1 209413 947
621 1 2300344 10659
622 1 1897562 8800
623 1 1984318 9203
624 1 2105184 9750
625 0 18862056 0
626 1 2497967 11576
627 0 20710956 0
628 1 621534 2841
629 1 1908489 8819
630 0 19690236 0
631 0 18710416 0
632 1 1521609 7049
633 0 19260101 0
634 0 20208931 0
635 1 2746259 12709
636 1 1834268 8478
637 0 20848084 0
638 0 15473874 0
639 0 20672324 0
640 0 20892553 0
641 0 20264102 0
642 0 15530271 0
643 1 1897886 8778
644 1 440045 2023
645 1 1557608 7218
646 1 1826893 8471
647 0 20817982 0
648 0 19076430 0
649 1 2114033 9806
650 1 867080 3959
651 0 19042350 0
652 0 15576056 0
653 0 19644889 0
654 1 2332949 10789
655 0 22194788 0
656 1 1163477 5363
657 1 1800773 8346
658 0 19368428 0
659 1 1841891 8532
660 0 19129296 0
661 0 18396045 0
662 1 2031265 9362
663 0 22016679 0
664 1 1504168 6934
665 1 1976613 10397
666 0 20103227 0
667 1 2048653 9478
668 0 18627930 0
669 1 2080765 9611
670 1 1907485 8836
671 1 1919368 8898
672 1 1455341 6753
673 1 3853377 17883
674 0 15531478 0
675 0 21066820 0
676 1 2067953 9536
677 1 1650927 7603
678 0 20038759 0
679 0 19315555 0
680 1 3436435 15785
681 1 1513439 7975
682 1 2009006 9242
683 0 22691878 0
684 0 19557634 0
685 1 3813283 17604
686 0 20238680 0
687 0 20864804 0
688 1 2663865 12268
689 1 2313910 10648
690 0 21844359 0
691 0 21896137 0
692 0 19605690 0
693 1 1808095 8328
694 0 21840151 0
695 1 1969563 9050
696 1 1716723 7919
697 1 1117590 5865
698 0 21355713 0
699 0 22626190 0
700 0 21877530 0
701 1 3858320 17767
702 0 19886444 0
703 0 15591161 0
704 1 1977643 10339
705 0 19828043 0
706 0 22087143 0
707 1 1764366 8140
708 1 3628784 16806
709 1 1596976 8402
710 0 19712406 0
711 1 2948313 13625
712 0 19430074 0
713 1 2004824 10539
714 1 289355 1291
715 1 1807422 8376
716 1 2412375 11176
717 1 2617654 12145
718 1 570360 2628
719 1 3175564 14681
720 1 1800529 8321
721 0 19389171 0
722 0 18913368 0
723 1 2206990 10234
724 1 1930411 8953
725 1 2114966 9781
726 1 1328866 6158
727 1 1699018 7865
728 0 19784609 0
729 1 1025159 5387
730 1 2155584 9990
731 1 2258804 10434
732 0 18769997 0
733 0 21659580 0
734 1 2011206 9310
735 1 1577352 7316
736 0 22445465 0
737 1 574804 2646
738 1 4532094 21030
739 1 1000665 4626
740 0 15508940 0
741 0 15638456 0
742 1 2359485 10917
743 1 1712052 7899
744 1 1765338 8171
745 0 21052014 0
746 1 1897281 8774
747 1 2052666 9524
748 1 2535155 11732
749 0 20279801 0
750 0 19710345 0
751 1 1892990 8778
752 0 15613989 0
753 0 19900618 0
754 1 2446051 11316
755 0 19324202 0
756 0 19391860 0
757 1 2228965 11742
758 0 19017308 0
759 0 18693937 0
760 0 20493040 0
761 0 22107277 0
762 0 18934280 0
763 1 2404791 11115
764 1 2119748 9758
765 0 15390991 0
766 1 2491702 11519
767 0 19946952 0
768 0 19807041 0
769 1 1447061 6675
770 1 1432745 6570
771 0 19754909 0
772 0 19536791 0
773 1 1975270 9142
774 0 20847371 0
775 0 18853846 0
776 1 2189790 10131
777 1 2215415 10255
778 1 460061 2062
779 0 18960842 0
780 0 19528190 0
781 0 19559391 0
782 0 18912970 0
783 1 1468928 6790
784 0 21510017 0
785 1 3982437 18419
786 1 2015034 9344
787 0 19054413 0
788 1 859026 4472
789 1 1932868 8964
790 0 19422699 0
791 1 2139121 11238
792 0 19711325 0
793 1 1668383 7733
794 1 2809175 13036
795 1 1575107 7294
796 0 18907234 0
797 1 2050427 9507
798 1 2751435 12729
799 0 19339387 0
800 0 19313152 0
801 1 2097872 9715
802 0 21205850 0
803 0 20840977 0
804 0 18832687 0
805 1 2852817 13183
806 0 18841084 0
807 1 3185577 14712
808 0 22174520 0
809 0 15314352 0
810 0 21563239 0
811 1 1971242 9123
812 0 21069495 0
813 0 19546391 0
814 0 19940827 0
815 1 1745153 8050
816 1 2248954 10437
817 0 20559321 0
818 0 18671398 0
819 0 15421279 0
820 1 1995972 10523
821 0 21329552 0
822 1 2536082 11718
823 1 2120748 9824
824 0 21121552 0
825 0 20494457 0
826 0 15762752 0
827 1 1522477 8006
828 0 20205522 0
829 0 22221053 0
830 0 19552803 0
831 0 22360431 0
832 0 15377440 0
833 0 21125592 0
834 1 1270405 6662
835 0 19537058 0
836 0 19216072 0
837 1 3005716 13894
838 0 18954762 0
839 1 3073005 14236
840 0 19527379 0
841 0 19572286 0
842 1 2775193 12842
843 0 19817405 0
844 0 18966016 0
845 1 1629315 7543
846 1 2432204 11283
847 1 2943591 13615
848 0 18956444 0
849 1 2359157 10947
850 1 2036082 9432
851 0 19377575 0
852 1 1942004 9001
853 1 3218484 14930
854 0 20018560 0
855 1 2070394 9524
856 0 18748984 0
857 0 22586433 0
858 0 20476295 0
859 1 321583 1394
860 0 15538002 0
861 1 1987778 9195
862 0 20077925 0
863 1 1796119 8314
864 0 19858967 0
865 0 20585216 0
866 1 2157433 11353
867 0 19356313 0
868 0 21398020 0
869 1 2157527 9954
870 1 2793287 12844
871 1 1914816 10099
872 0 20048832 0
873 0 18738314 0
874 1 2036947 10712
875 1 1718486 7902
876 1 1709124 7865
877 0 19549497 0
878 0 19621728 0
879 1 1726720 7963
880 0 22119763 0
881 0 18619963 0
882 1 1951021 10251
883 1 2546319 11761
884 0 19601926 0
885 1 2367772 10911
886 0 19373849 0
887 1 1893909 8722
888 0 21683285 0
889 0 15867101 0
890 0 15455788 0
891 1 1861458 8635
892 0 19380771 0
893 1 1822437 8436
894 0 21951139 0
895 0 22452063 0
896 1 2108932 11120
897 0 19953330 0
898 1 2620478 12162
899 0 19048701 0
900 1 2264363 10455
901 0 21160924 0
902 0 18887065 0
903 0 19452200 0
904 1 1842189 9683
905 0 19303185 0
906 1 3161333 14594
907 0 19014195 0
908 1 1797831 8262
909 0 19462669 0
910 1 2182229 9973
911 1 1839796 9696
912 0 19498894 0
913 0 18805945 0
914 0 19043864 0
915 1 1808123 8330
916 0 15722969 0
917 0 19246114 0
918 1 1746179 8031
919 1 2098316 9683
920 1 2583653 11914
921 0 22542431 0
922 0 21746568 0
923 0 21620366 0
924 0 15948082 0
925 1 3188622 14655
926 1 1780867 8220
927 0 19498775 0
928 0 18770604 0
929 0 19592206 0
930 1 1961812 10315
931 0 20670773 0
932 1 1626165 7506
933 0 20628082 0
934 1 892397 4111
935 1 1821618 9599
936 1 2441383 11325
937 0 22323980 0
938 0 19736039 0
939 0 15742350 0
940 1 1674568 8803
941 0 20178489 0
942 0 19306490 0
943 0 18839075 0
944 1 1979632 9166
945 0 20491258 0
946 1 2347450 10888
947 1 1572595 7266
948 1 2630995 12184
949 1 2879136 13338
950 0 19824360 0
951 0 15659933 0
952 1 1438520 7566
953 0 18971394 0
954 1 1967789 9103
955 1 2735916 12613
956 0 18661257 0
957 1 1694483 7793
958 0 21786055 0
959 1 176491 787
960 0 18969571 0
961 1 2235277 10333
962 0 19608546 0
963 0 19518368 0
964 0 22226872 0
965 1 1279943 5905
966 0 21250152 0
967 1 1707301 7908
968 1 2024942 9340
969 1 1571377 7250
970 0 18778898 0
971 1 1391868 6454
972 1 2161535 9979
973 0 19138533 0
974 0 15818351 0
975 1 1474281 6741
976 1 2121880 11117
977 1 1377581 6346
978 0 20342533 0
979 1 1909341 10057
980 1 2218523 10289
981 1 2191439 11549
982 0 18637300 0
983 0 20308805 0
984 0 15875144 0
985 0 22602836 0
986 1 1752152 8066
987 0 19518493 0
988 1 2123182 9784
989 0 20302301 0
990 1 2088509 9602
991 0 22390135 0
992 0 15519429 0
993 1 1356977 6241
994 1 1621024 7482
995 0 20831776 0
996 0 19004875 0
997 0 22480301 0
998 0 15669321 0
999 0 19709561 0
1000 1 2050443 9425
1001 1 2132804 9850
1002 1 2064474 9528
1003 1 1928325 9235
1004 0 21066820 0
1005 1 2219041 10225
1006 1 1773402 8192
1007 1 2361954 10916
1008 0 19364410 0
1009 1 2228864 10267
1010 1 1874011 8634
1011 1 1637825 7553
1012 1 1911536 8789
1013 1 1448947 6684
1014 0 20190756 0
1015 0 19125168 0
1016 1 2911957 13388
1017 1 2746098 12678
1018 1 2730227 12620
1019 1 1577333 7269
1020 0 19388922 0
1021 0 20926849 0
1022 1 1782202 8178
1023 0 19280133 0
1024 0 20304214 0
1025 0 19182809 0
1026 0 15837340 0
1027 1 1929674 10159
1028 1 2279700 10502
1029 0 22327639 0
1030 1 1669957 7692
1031 0 19830037 0
1032 0 19194824 0
1033 1 2119279 9757
1034 0 19478372 0
1035 1 2992643 13826
1036 1 1300279 5991
1037 0 22093025 0
1038 0 19183702 0
1039 0 21025363 0
1040 0 20628595 0
1041 0 20609640 0
1042 1 1482596 6797
1043 0 22836817 0
1044 0 15619797 0
1045 1 1680830 7732
1046 0 19411211 0
1047 1 2022382 9254
1048 0 19760117 0
1049 0 22259514 0
1050 0 15207348 0
1051 0 20045716 0
1052 0 20010179 0
1053 1 2189690 11522
1054 1 2198876 10146
1055 0 21874289 0
1056 0 20662627 0
1057 1 1702164 7840
1058 0 20132927 0
1059 0 19869449 0
1060 0 21353472 0
1061 0 19355712 0
1062 0 19077702 0
1063 1 4082423 18794
1064 0 20192083 0
1065 0 20567188 0
1066 0 21270913 0
1067 0 20502463 0
1068 0 19270791 0
1069 1 1909047 8795
1070 0 20364167 0
1071 1 1840813 8471
1072 0 18622805 0
1073 0 20066416 0
1074 1 2768023 12736
1075 0 22932015 0
1076 1 3045074 14040
1077 0 20910443 0
1078 1 886465 4663
1079 1 2461865 11320
1080 0 19850349 0
1081 0 21457197 0
1082 0 18986854 0
1083 0 22485918 0
1084 0 15640843 0
1085 0 19393503 0
1086 1 4175566 19219
1087 0 22365547 0
1088 1 1274133 5853
1089 0 21683458 0
1090 1 2572453 11909
1091 0 21681704 0
1092 1 1755557 9222
1093 0 19818495 0
1094 1 1441321 7564
1095 1 1304483 6050
1096 0 18712177 0
1097 1 1969801 9088
1098 0 19327652 0
1099 0 19906719 0
1100 0 15595756 0
1101 1 1854363 8591
1102 1 2053046 9519
1103 1 2566486 11897
1104 0 19197930 0
1105 0 19524691 0
1106 1 832838 3840
1107 0 22061329 0
1108 0 20634545 0
1109 0 15722186 0
1110 0 19404511 0
1111 0 19352899 0
1112 1 1794470 8281
1113 0 21321362 0
1114 0 19557643 0
1115 0 20039137 0
1116 0 19206314 0
1117 0 19453562 0
1118 1 1664701 7717
1119 0 19485271 0
1120 1 2127845 11178
1121 0 22605834 0
1122 1 2149011 9921
1123 0 19847808 0
1124 0 19963127 0
1125 1 2038966 9409
1126 0 18549486 0
1127 0 19648500 0
1128 0 19648981 0
1129 1 2418100 11208
1130 1 2072130 9592
1131 0 19262670 0
1132 1 1794514 8276
1133 1 2241749 10373
1134 0 22876601 0
1135 1 1819044 8406
1136 1 1587496 7331
1137 0 22230949 0
1138 1 1746986 8077
1139 0 22528488 0
1140 0 20344585 0
1141 0 18894952 0
1142 1 1604832 7425
1143 1 1908460 8841
1144 0 19822219 0
1145 0 19185092 0
1146 1 1905974 8835
1147 0 19321447 0
1148 1 2792066 12870
1149 0 20076245 0
1150 0 20338293 0
1151 1 2633422 12148
1152 0 18582060 0
1153 1 2253059 10376
1154 1 1923713 8925
1155 1 2266057 10485
1156 0 19668556 0
1157 0 18545834 0
1158 0 18804274 0
1159 0 19962449 0
1160 0 15436167 0
1161 1 2228903 10319
1162 1 3071521 14238
1163 0 18562405 0
1164 1 2097664 11028
1165 1 2430258 11259
1166 0 19800070 0
1167 1 2137262 11228
1168 1 2109551 9788
1169 0 21134687 0
1170 0 15313299 0
1171 0 22679530 0
1172 1 1681334 7789
1173 0 20845596 0
1174 1 2392671 11052
1175 1 2414819 11196
1176 1 2403018 11109
1177 0 19049890 0
1178 0 19187124 0
1179 1 2128410 9819
1180 0 21100216 0
1181 1 435838 1999
1182 0 21370622 0
1183 0 19405860 0
1184 1 1897803 9993
1185 1 2147848 9941
1186 0 19203788 0
1187 0 22643538 0
1188 0 21239946 0
1189 0 18783744 0
1190 1 1959609 10313
1191 0 20015608 0
1192 1 1141384 5998
1193 0 19466903 0
1194 1 2038220 9388
1195 0 19731301 0
1196 0 18635929 0
1197 0 22462675 0
1198 0 22310380 0
1199 1 2132108 9812
0 1 1970465 9095
1 1 2434521 11275
2 0 20819308 0
3 1 2155100 9988
4 0 19500451 0
5 1 2551761 13415
6 1 2104213 9745
7 0 21414875 0
8 1 1528834 7063
9 1 1728495 8004
10 0 18774322 0
11 1 2535651 11736
12 1 2234435 11739
13 0 15640808 0
14 1 2611249 12111
15 1 1855188 8610
16 1 2061047 9564
17 1 2108346 9774
18 0 19320590 0
19 0 19491001 0
20 0 21255481 0
21 1 2088963 10989
22 1 1968878 9083
23 0 20584086 0
24 0 19538922 0
25 0 19524945 0
26 0 22230666 0
27 0 20829009 0
28 0 19088816 0
29 0 19297194 0
30 0 18796442 0
31 1 2690887 12477
32 1 2363012 10890
33 1 2241609 10380
34 0 19849341 0
35 1 2217193 10221
36 0 21394542 0
37 0 20195524 0
38 1 2160962 11363
39 0 19769234 0
40 1 1861714 9810
41 1 1939772 8980
42 1 2272987 10532
43 1 1885270 8701
44 1 1702702 7895
45 1 1530981 7078
46 0 19726189 0
47 1 3201027 14817
48 0 19039560 0
49 0 18700088 0
50 1 2556819 11842
51 0 20223069 0
52 1 2085327 9665
53 1 2603021 12058
54 0 22080744 0
55 1 1695698 7852
56 1 1095003 5760
57 1 3248696 15056
58 0 20069010 0
59 0 22321746 0
60 1 1503205 6969
61 0 19753873 0
62 0 20267946 0
63 0 22068061 0
64 1 2097172 9705
65 0 21742387 0
66 0 21893455 0
67 1 1809231 8374
68 1 3679972 17020
69 0 19536653 0
70 1 1948683 9014
71 1 3519309 16364
72 1 1107027 5807
73 0 22588056 0
74 0 20528464 0
75 0 15725860 0
76 0 20999933 0
77 1 2374924 11017
78 1 1010369 4657
79 1 2113712 9801
80 1 1750135 8113
81 0 19605694 0
82 1 2004724 9269
83 0 18508749 0
84 1 1498706 6918
85 1 1510423 6996
86 0 19219420 0
87 0 16040110 0
88 0 19660545 0
89 1 2438646 11200
90 1 2848811 13218
91 0 19177292 0
92 0 19254287 0
93 0 18971428 0
94 0 20104343 0
95 0 18809556 0
96 0 15611237 0
97 1 1831762 8486
98 0 19144225 0
99 0 20354474 0
100 0 18196124 0
101 1 2874329 13270
102 0 19181406 0
103 0 18854370 0
104 1 3325219 15383
105 0 18274432 0
106 0 18982679 0
107 1 2907925 13433
108 1 1816599 9561
109 1 1634699 7576
110 0 18942086 0
111 0 18791331 0
112 1 1640830 7579
113 1 1440600 6688
114 1 2381651 11052
115 1 2380404 11030
116 1 1796769 8324
117 0 18947298 0
118 1 1264602 5835
119 0 19196192 0
120 1 22405 79
121 0 19767722 0
122 0 20776089 0
123 0 19291762 0
124 1 2801460 12973
125 1 2021439 10665
126 1 657830 3042
127 1 2339536 10839
128 0 19417728 0
129 1 2009731 10556
130 1 2039004 9364
131 1 1949959 9030
132 0 18634103 0
133 0 19543106 0
134 1 2152711 9968
135 0 18656883 0
136 1 1995469 9235
137 0 22438871 0
138 0 18874814 0
139 1 3147886 14519
140 1 1699170 7879
141 1 2345738 10876
142 0 19266688 0
143 0 19167393 0
144 0 20906344 0
145 0 20427757 0
146 1 2912976 13499
147 1 485675 2236
148 0 20763602 0
149 0 15452143 0
150 0 18579308 0
151 0 19681716 0
152 1 1558611 7188
153 0 17451702 0
154 0 19212480 0
155 1 1619990 7459
156 0 19268845 0
157 0 20271243 0
158 1 3744433 17287
159 0 18956121 0
160 0 21703171 0
161 1 3420633 15868
162 0 21337979 0
163 0 19204606 0
164 0 18929800 0
165 0 19680928 0
166 0 22180225 0
167 0 21293708 0
168 1 2133784 9874
169 0 20232754 0
170 0 15703984 0
171 0 19130866 0
172 0 18861012 0
173 1 3706920 17104
174 1 466506 2150
175 1 1795078 8307
176 0 15445510 0
177 1 1971771 9135
178 1 2062340 9566
179 0 19243631 0
180 0 20731956 0
181 0 19939864 0
182 1 1932451 10155
183 1 3915383 18138
184 0 19480329 0
185 0 15462907 0
186 0 18707598 0
187 1 1574216 7251
188 0 19527098 0
189 0 18688413 0
190 1 2506456 11576
191 0 18942280 0
192 0 19113759 0
193 0 18444868 0
194 1 154916 678
195 1 2587062 11988
196 1 1959440 9082
197 1 1980276 9177
198 0 20143674 0
199 0 19354192 0
200 0 18782792 0
201 1 2156668 9985
202 0 19350129 0
203 0 20614507 0
204 0 15505822 0
205 0 18773505 0
206 0 18970661 0
207 0 15453402 0
208 0 20913120 0
209 0 22067602 0
210 0 22008705 0
211 0 21575874 0
212 0 19210563 0
213 0 19672393 0
214 0 20262791 0
215 0 19601332 0
216 0 19414432 0
217 1 2045400 10780
218 0 19262286 0
219 0 18748890 0
220 1 2174040 11439
221 0 18723299 0
222 0 19113209 0
223 0 22302935 0
224 1 4591243 21051
225 0 22632082 0
226 0 20352630 0
227 0 22334112 0
228 0 20510238 0
229 1 3365177 15598
230 1 2573233 11829
231 1 2371750 10953
232 0 19299074 0
233 0 19189844 0
234 0 18984189 0
235 0 19700989 0
236 1 2270311 10425
237 1 2076516 9628
238 0 19675753 0
239 0 20248889 0
240 1 1696117 7833
241 0 21107763 0
242 0 19212349 0
243 1 2111716 11114
244 0 15317500 0
245 0 19373334 0
246 1 1992083 9239
247 1 715093 3296
248 1 2288509 10556
249 0 19102837 0
250 1 2012113 9316
251 1 1363945 7186
252 0 21009100 0
253 1 3070172 14203
254 1 626273 2890
255 1 2042729 9472
256 0 20092802 0
257 1 1716994 7949
258 0 20367895 0
259 0 15301691 0
260 0 18587830 0
261 1 1628265 7542
262 0 18804843 0
263 0 15459932 0
264 0 18516951 0
265 1 1454659 6733
266 0 19839572 0
267 1 2020945 9368
268 0 19117167 0
269 0 21098358 0
270 1 1881270 9884
271 0 19625629 0
272 0 15622385 0
273 1 2012892 9311
274 0 18684849 0
275 0 21046305 0
276 0 21061523 0
277 1 2224085 10304
278 1 2416387 11165
279 0 18798606 0
280 0 22151964 0
281 0 20418581 0
282 1 128473 557
283 0 22207090 0
284 1 1847206 8544
285 0 19653247 0
286 0 22103669 0
287 1 1806885 8359
288 0 20162453 0
289 1 2060932 10820
290 0 20915932 0
291 0 19738293 0
292 1 2569514 13535
293 0 21558747 0
294 0 20013822 0
295 1 1686205 7753
296 1 1663366 7674
297 0 17099072 0
298 0 21318587 0
299 1 2387331 10998
300 0 15628197 0
301 0 19759883 0
302 0 21407664 0
303 1 1940474 8945
304 1 1806676 8343
305 0 19728626 0
306 1 2148806 9872
307 0 22517897 0
308 1 2561126 11807
309 1 1752989 8094
310 0 20971795 0
311 0 20303339 0
312 1 1844211 9721
313 0 19158684 0
314 1 1533495 7073
315 1 1429558 6628
316 1 2022878 9370
317 0 18663510 0
318 0 18713466 0
319 1 2152534 9957
320 0 20507372 0
321 0 15561058 0
322 0 19947288 0
323 0 15533725 0
324 1 1512820 7007
325 1 2854797 13231
326 0 19359208 0
327 1 1782238 8265
328 1 253250 1162
329 1 3014807 13956
330 1 1069559 4950
331 0 15592993 0
332 0 19752685 0
333 0 19982301 0
334 0 15587469 0
335 0 19400032 0
336 1 2106464 11061
337 0 19319549 0
338 1 1047130 4825
339 1 1476084 7771
340 0 19436166 0
341 0 18953986 0
342 1 1178206 6171
343 0 22772560 0
344 0 15283637 0
345 1 1618835 7476
346 1 1726982 7997
347 0 20546227 0
348 0 15370389 0
349 0 18929742 0
350 1 3343654 15471
351 1 2097543 9715
352 1 1313127 6088
353 1 2920940 13558
354 0 18544123 0
355 0 15586976 0
356 1 1207646 5565
357 1 2970732 13752
358 0 15289293 0
359 1 2399982 11113
360 0 19771424 0
361 1 2021058 9359
362 0 19156887 0
363 0 19752368 0
364 1 1735258 8036
365 0 21662071 0
366 0 21186678 0
367 0 17894574 0
368 1 3891039 18043
369 0 19883682 0
370 1 3276582 15163
371 1 1906203 8833
372 1 2756786 12757
373 1 2581871 11967
374 1 2811458 13044
375 0 19212972 0
376 1 1421252 7468
377 1 2792887 12951
378 0 21126890 0
379 0 19199067 0
380 1 1750611 8118
381 0 18691981 0
382 1 1971638 9138
383 0 22594494 0
384 0 20751256 0
385 0 19828551 0
386 1 1879181 8709
387 1 2325541 10780
388 0 22303632 0
389 0 15751018 0
390 0 15649122 0
391 0 18621345 0
392 1 1684510 7815
393 0 19271532 0
394 0 15274365 0
395 0 20007452 0
396 0 19195079 0
397 1 1207290 6313
398 0 19369479 0
399 1 2120999 9827
400 1 1947692 9030
401 0 15630029 0
402 1 1553260 7185
403 1 1717141 7956
404 0 19617141 0
405 1 3475858 16086
406 0 20123766 0
407 0 18945589 0
408 0 19261207 0
409 0 21886295 0
410 0 20250039 0
411 1 2280435 10558
412 1 2354227 10938
413 0 19079763 0
414 0 18760335 0
415 1 1610275 7446
416 0 19354029 0
417 1 2078627 9642
418 0 15546097 0
419 0 18813184 0
420 1 2968764 13758
421 1 2874374 13338
422 1 1437796 7586
423 1 2137226 9906
424 0 18626071 0
425 1 3566795 16379
426 0 22638999 0
427 1 832828 3837
428 0 22543161 0
429 1 1894069 8704
430 1 3309307 15296
431 1 2161087 9955
432 1 1950699 9013
433 0 19798149 0
434 1 1868247 8604
435 1 3020204 13894
436 0 22752883 0
437 1 1876551 8652
438 1 4446123 20492
439 1 1615328 7410
440 1 1423249 6563
441 1 2128642 9816
442 1 2441546 11281
443 0 21746773 0
444 0 19611081 0
445 0 21163491 0
446 0 22323626 0
447 1 1475102 7756
448 0 19093442 0
449 0 19018510 0
450 1 2057252 9456
451 1 1986862 9223
452 0 20823482 0
453 0 15503921 0
454 0 19373486 0
455 1 2826674 13110
456 1 2032687 9445
457 0 19644696 0
458 0 22524314 0
459 1 1493424 7858
460 0 20152802 0
461 0 19691529 0
462 0 15353478 0
463 0 18890418 0
464 0 21906601 0
465 0 20853579 0
466 1 2478834 11462
467 1 3452789 15945
468 0 19503898 0
469 0 15627356 0
470 1 1499262 6932
471 0 18755439 0
472 0 15501329 0
473 0 19624683 0
474 1 2187849 10146
475 0 15586277 0
476 0 19665581 0
477 1 1693234 7838
478 0 20538080 0
479 0 18388453 0
480 1 2453302 11342
481 0 15238071 0
482 0 19839719 0
483 1 1449445 6721
484 1 1273761 5903
485 0 19327023 0
486 1 1090543 5727
487 0 21951911 0
488 0 22543834 0
489 0 21750193 0
490 0 18739373 0
491 0 16852822 0
492 0 19890053 0
493 0 18657423 0
494 0 19252042 0
495 1 333559 1530
496 0 15665307 0
497 0 19203517 0
498 0 21214888 0
499 0 18958648 0
500 0 19192224 0
501 0 19108979 0
502 0 19730219 0
503 0 22164426 0
504 0 18558237 0
505 0 22385186 0
506 1 2475621 11466
507 1 1428207 6619
508 1 1548648 7174
509 0 20481734 0
510 0 19304159 0
511 1 1502374 7909
512 0 19154732 0
513 1 1661264 7685
514 0 19315495 0
515 0 19127595 0
516 0 19776868 0
517 0 18953085 0
518 0 20789713 0
519 1 1952933 10268
520 1 2271310 10487
521 1 1817624 8423
522 1 2792812 12942
523 1 3138700 14571
524 1 1347389 6210
525 0 20119574 0
526 0 18847092 0
527 1 1049789 5487
528 0 18726743 0
529 1 2118459 9802
530 0 21071589 0
531 1 1498070 6926
532 0 20428003 0
533 1 1759562 9225
534 1 1599109 7366
535 0 22114425 0
536 1 1681980 7780
537 1 1994164 9240
538 0 19541875 0
539 1 2563254 11788
540 0 20224009 0
541 0 21521176 0
542 1 1827794 9558
543 1 1109050 5132
544 0 21084066 0
545 1 2331572 10793
546 1 1944749 9017
547 1 2158990 11381
548 1 2075161 9596
549 1 1540123 7133
550 0 18992782 0
551 0 20757575 0
552 0 15536060 0
553 0 19000837 0
554 1 3337458 15480
555 0 19007241 0
556 0 19434439 0
557 1 1524919 7072
558 0 18919548 0
559 1 3469296 16111
560 0 20426480 0
561 0 17258432 0
562 1 1625931 7546
563 0 19903552 0
564 0 19852598 0
565 0 20187854 0
566 1 2276371 10523
567 1 1592921 7385
568 0 19135189 0
569 1 1792007 8276
570 0 18997526 0
571 0 15477208 0
572 0 19021068 0
573 1 1349252 6204
574 0 18473088 0
575 0 15502379 0
576 1 1064138 4925
577 1 1771781 8214
578 0 19453194 0
579 0 21353266 0
580 0 20614346 0
581 0 20608585 0
582 1 408157 1861
583 0 19345622 0
584 0 18929289 0
585 1 2007436 9307
586 1 1918925 8882
587 1 3451445 15975
588 0 19720510 0
589 1 3123475 14454
590 1 2475726 11480
591 1 1949862 9051
592 1 2556177 11827
593 0 19536619 0
594 1 1254786 5816
595 1 2786435 12904
596 0 18677988 0
597 0 18451193 0
598 0 19040008 0
599 1 1595799 7393
600 0 15512549 0
601 1 2686224 12409
602 0 19762666 0
603 0 15535941 0
604 0 19451480 0
605 1 2930154 13569
606 1 2639943 12218
607 1 1774332 8216
608 1 2631208 12192
609 0 20052298 0
610 1 2919648 13543
611 1 2363577 10931
612 0 18966845 0
613 1 2282066 10582
614 0 16550762 0
615 0 15742489 0
616 1 1323988 6132
617 1 3139527 14553
618 0 19642018 0
619 0 19755923 0
620 0 19192967 0
621 1 260657 1179
622 0 15629415 0
623 0 19802165 0
624 0 21776819 0
625 1 3659991 16934
626 0 19865397 0
627 0 15432782 0
628 0 15117630 0
629 1 2264836 10448
630 0 18841485 0
631 1 2143228 9903
632 0 18763490 0
633 1 3011334 13936
634 0 19460492 0
635 1 1755393 8116
636 1 2148370 9966
637 0 21920617 0
638 1 1417956 6550
639 0 20102693 0
640 1 4143549 19268
641 1 3023559 13969
642 0 22564899 0
643 0 15587357 0
644 1 3294632 15243
645 0 15474104 0
646 1 1531575 7088
647 0 19564530 0
648 1 1959874 9035
649 0 21349390 0
650 1 2222904 11712
651 1 2604436 12001
652 1 2287153 10542
653 1 1821658 8396
654 0 19481954 0
655 1 569232 2485
656 1 2464522 11385
657 0 15661829 0
658 0 19583442 0
659 1 4234902 19533
660 1 2026107 9343
661 0 22444649 0
662 1 2097434 9669
663 0 22793459 0
664 1 1956962 9006
665 0 21480064 0
666 1 2560025 11818
667 0 22744025 0
668 1 1935335 8918
669 1 1851866 8539
670 0 22874913 0
671 1 3222890 14876
672 1 2211286 10208
673 1 4715734 21856
674 0 17702481 0
675 1 2050001 10792
676 1 2141666 9878
677 1 2065798 9519
678 1 2095267 9671
679 0 20807616 0
680 1 423791 1926
681 0 20555745 0
682 0 19822339 0
683 0 19514283 0
684 1 2917927 13444
685 0 22633149 0
686 0 20400130 0
687 1 3435027 15836
688 1 1693400 7792
689 0 20081728 0
690 0 15583747 0
691 1 3689258 16996
692 0 19726853 0
693 1 1948281 8965
694 1 2266428 10443
695 1 2534747 11683
696 0 19655490 0
697 0 18940357 0
698 1 2288658 10538
699 0 15317943 0
700 0 22221373 0
701 0 19862468 0
702 0 19403468 0
703 1 1825983 9627
704 0 22334905 0
705 0 19860764 0
706 1 3187596 14779
707 1 2019347 10634
708 0 19843798 0
709 0 19814343 0
710 1 2610186 12087
711 1 2299781 10648
712 0 18979602 0
713 0 22027201 0
714 1 1822785 8413
715 0 15803210 0
716 1 1748800 8099
717 1 1861113 8628
718 1 2168810 10060
719 0 20560770 0
720 0 19554127 0
721 0 21321198 0
722 0 20391206 0
723 0 19295448 0
724 1 1941169 8989
725 1 2556625 11835
726 1 1110567 5116
727 0 19261122 0
728 1 2142259 9892
729 1 2373370 10993
730 1 2911458 13507
731 0 18783531 0
732 0 15315851 0
733 0 15760457 0
734 1 1613147 7474
735 0 19930293 0
736 0 22458883 0
737 0 20475271 0
738 1 2301034 10670
739 0 18574441 0
740 1 701331 3228
741 1 1643214 7592
742 0 22225922 0
743 1 2020711 9357
744 0 19580626 0
745 1 3102575 14316
746 0 19415221 0
747 0 19154563 0
748 0 19737194 0
749 0 19387037 0
750 1 2133327 9879
751 0 19243064 0
752 0 18615168 0
753 0 19666197 0
754 1 2299257 10649
755 1 2084111 9653
756 1 2088412 9679
757 0 19870096 0
758 0 15260246 0
759 0 19286859 0
760 0 19084372 0
761 1 1238597 5728
762 1 857210 3969
763 1 2421357 11219
764 0 19089536 0
765 0 18707072 0
766 1 1882506 8721
767 0 18955576 0
768 1 1880204 8712
769 1 2610446 12085
770 0 18979373 0
771 0 19605927 0
772 1 1668096 8795
773 0 20712700 0
774 1 1736523 9149
775 0 18745460 0
776 0 19698838 0
777 1 3430722 15834
778 0 19091448 0
779 1 3024774 14030
780 1 2668658 12373
781 0 19285384 0
782 0 19305875 0
783 1 1930394 8934
784 0 21073404 0
785 0 22508447 0
786 1 1450553 6667
787 1 1927132 8889
788 1 2037913 9409
789 0 20475167 0
790 1 1062932 4893
791 0 18699477 0
792 0 20630813 0
793 1 1757720 8076
794 0 16354165 0
795 1 4404780 20308
796 0 19491634 0
797 0 20980787 0
798 0 20610071 0
799 0 21067936 0
800 0 19881337 0
801 1 2482938 11482
802 1 3480975 16162
803 1 2976834 13780
804 1 1899093 8796
805 0 19215570 0
806 0 20525106 0
807 1 2556000 11833
808 1 1873693 8682
809 0 20032712 0
810 0 18827955 0
811 1 1562145 7238
812 0 18632016 0
813 1 2119095 9796
814 0 15676011 0
815 0 18466868 0
816 0 18405144 0
817 0 19874500 0
818 1 1475787 6846
819 0 20314513 0
820 0 19044607 0
821 0 19556027 0
822 0 19555952 0
823 1 1594779 8374
824 0 18441716 0
825 0 15527557 0
826 0 18841627 0
827 0 19586949 0
828 0 18634840 0
829 1 1386613 6386
830 1 2151781 9977
831 0 18641063 0
832 0 19077944 0
833 0 20224277 0
834 1 2227127 10338
835 0 21358004 0
836 1 1727590 7992
837 1 1810394 8404
838 0 21658416 0
839 0 20863607 0
840 0 19129962 0
841 1 2027659 9394
842 1 1992836 9240
843 1 1198168 5467
844 1 1798025 9439
845 0 19644968 0
846 0 21340336 0
847 1 2211387 10251
848 1 2077662 9609
849 1 1985613 9208
850 0 18888501 0
851 0 19212537 0
852 0 19809445 0
853 0 20933363 0
854 1 2523491 11665
855 0 19158410 0
856 1 1499054 6925
857 1 1442595 6680
858 0 21552744 0
859 1 1659626 7674
860 1 2746491 12739
861 0 19589315 0
862 0 20069842 0
863 0 18698403 0
864 1 2304333 10689
865 0 19383723 0
866 1 2192997 10105
867 1 2077447 9616
868 0 15532783 0
869 1 1658233 7645
870 1 2644446 12273
871 1 1860616 8587
872 1 1973534 9152
873 1 805894 3728
874 0 19497122 0
875 0 19568742 0
876 0 18594599 0
877 0 15436265 0
878 0 19157708 0
879 1 837865 3872
880 0 19337832 0
881 0 15394224 0
882 0 21487624 0
883 1 2263666 10471
884 0 22388063 0
885 0 22190923 0
886 1 2294261 10649
887 0 21871947 0
888 1 2121955 11165
889 0 19556966 0
890 1 1580700 8300
891 0 15601726 0
892 1 3026775 14045
893 0 19933021 0
894 0 20218180 0
895 1 2068689 9569
896 0 15693992 0
897 1 1580910 7325
898 1 1162047 5315
899 0 21205956 0
900 0 20966729 0
901 0 20867003 0
902 0 19721802 0
903 0 21199098 0
904 1 1381850 6397
905 0 20986485 0
906 0 19877763 0
907 1 1774179 8211
908 0 18700164 0
909 1 1784834 8254
910 0 19299405 0
911 1 426723 1956
912 0 19163014 0
913 0 18981399 0
914 0 22020492 0
915 1 2289465 10586
916 1 2049745 9441
917 1 1584024 7280
918 1 1454216 6708
919 0 18763109 0
920 1 1902365 8783
921 0 21122309 0
922 0 21540134 0
923 1 1345561 6215
924 1 1774537 8224
925 0 20506837 0
926 0 19341447 0
927 1 1229192 5687
928 0 19054577 0
929 0 19578297 0
930 0 22246557 0
931 1 1971853 9100
932 1 2065511 9584
933 1 1721266 7981
934 0 20163212 0
935 0 15558569 0
936 0 18698986 0
937 0 19545151 0
938 0 20524451 0
939 1 144023 636
940 0 19844928 0
941 1 1775292 9356
942 0 19411617 0
943 0 18710899 0
944 1 1994980 9230
945 0 18131896 0
946 1 2106765 9733
947 0 18777821 0
948 1 2146047 11305
949 0 19015552 0
950 0 18710531 0
951 0 20392872 0
952 0 15342674 0
953 0 18580004 0
954 1 2156338 11336
955 0 19124976 0
956 0 22621746 0
957 0 22405489 0
958 1 2583625 11959
959 0 20421217 0
960 1 2174320 10065
961 0 19399423 0
962 0 19132616 0
963 0 18521539 0
964 0 18796525 0
965 1 903899 4141
966 0 19084313 0
967 1 2911780 13467
968 0 19703734 0
969 0 21992251 0
970 0 19708593 0
971 0 19841523 0
972 0 15212127 0
973 0 19168591 0
974 0 19314254 0
975 0 19767453 0
976 0 18766888 0
977 0 20111050 0
978 1 2185843 10085
979 0 19973917 0
980 0 19182301 0
981 0 19916820 0
982 0 19094945 0
983 1 2201796 10179
984 0 20354121 0
985 0 18964436 0
986 1 2095618 9698
987 1 2173444 10084
988 0 21454369 0
989 1 1837286 8511
990 0 15424140 0
991 0 21053485 0
992 1 1771783 8200
993 0 15218257 0
994 1 1614964 7466
995 0 21725257 0
996 1 1706478 7837
997 1 3986148 18280
998 0 20098135 0
999 0 19835395 0
1000 1 2175770 9989
1001 0 19045978 0
1002 1 2187428 10114
1003 0 19267134 0
1004 0 19254787 0
1005 1 1865423 8634
1006 0 19165211 0
1007 0 18978154 0
1008 1 2249655 11829
1009 1 1651295 7622
1010 0 15411619 0
1011 0 18205579 0
1012 0 19592331 0
1013 1 2505623 11583
1014 0 15747682 0
1015 1 2469735 11456
1016 0 19280335 0
1017 0 19035291 0
1018 0 19222266 0
1019 0 20080742 0
1020 1 1533795 7028
1021 0 18528715 0
1022 0 19024399 0
1023 0 15611601 0
1024 1 1391819 6438
1025 0 18646529 0
1026 1 2505976 11611
1027 0 21068024 0
1028 0 22251895 0
1029 0 15701078 0
1030 0 19710444 0
1031 1 1349279 7092
1032 0 19916563 0
1033 0 19858305 0
1034 1 1724475 7936
1035 1 3034598 14053
1036 1 2216759 10278
1037 0 19414275 0
1038 1 2563809 11874
1039 0 19423184 0
1040 1 2071610 9571
1041 1 2307217 10706
1042 0 21248491 0
1043 1 2619789 12128
1044 0 19488328 0
1045 0 19418418 0
1046 0 19365977 0
1047 0 20684209 0
1048 1 3764578 17464
1049 1 1552762 7189
1050 1 2700739 12427
1051 0 20251533 0
1052 1 724699 3313
1053 1 2207168 10221
1054 0 18835766 0
1055 1 1414158 6552
1056 0 20066269 0
1057 0 19610732 0
1058 0 20570540 0
1059 1 1749426 8082
1060 0 20737144 0
1061 0 20142105 0
1062 1 2600480 12042
1063 0 19965625 0
1064 0 19230213 0
1065 0 19987704 0
1066 0 18823425 0
1067 0 19842599 0
1068 0 20224955 0
1069 0 15535591 0
1070 0 15770176 0
1071 0 15564709 0
1072 0 15503211 0
1073 0 19035844 0
1074 1 3105008 14415
1075 0 19219865 0
1076 0 19294420 0
1077 0 21376947 0
1078 0 22017723 0
1079 0 20342999 0
1080 0 19797261 0
1081 0 15654597 0
1082 0 18422104 0
1083 0 19137904 0
1084 0 21242277 0
1085 0 21340266 0
1086 0 20331686 0
1087 0 20022111 0
1088 1 1737178 9148
1089 0 20002210 0
1090 0 18586657 0
1091 1 1178644 5448
1092 1 459769 2122
1093 0 19359095 0
1094 0 18955492 0
1095 0 19298698 0
1096 0 19658015 0
1097 0 19254415 0
1098 0 15396584 0
1099 1 1914324 10071
1100 0 15492360 0
1101 0 19100614 0
1102 1 2420184 11214
1103 1 3441234 15913
1104 0 19042700 0
1105 0 19535342 0
1106 0 18493104 0
1107 0 18355018 0
1108 0 18847582 0
1109 0 18832538 0
1110 1 2072032 10917
1111 1 2796852 12984
1112 0 15688813 0
1113 1 1799956 8332
1114 1 2209128 10248
1115 1 1500133 6940
1116 1 2025735 9390
1117 1 2464244 11437
1118 1 2415600 11202
1119 0 19062985 0
1120 1 1710771 7924
1121 1 1177284 5445
1122 0 21617587 0
1123 0 21201366 0
1124 0 21134609 0
1125 0 21490013 0
1126 0 20134055 0
1127 0 20284589 0
1128 1 2457697 11368
1129 0 19852461 0
1130 0 19371362 0
1131 1 985904 5168
1132 1 2091344 9626
1133 1 2170018 10001
1134 1 1603275 7380
1135 0 19513069 0
1136 1 2110932 9709
1137 0 19214439 0
1138 0 19439138 0
1139 0 21876633 0
1140 1 2522895 11604
1141 1 808076 3723
1142 0 19495865 0
1143 0 19346939 0
1144 1 2506283 11549
1145 0 15619278 0
1146 1 2891564 13328
1147 1 2649237 12219
1148 1 4537760 20979
1149 0 20386156 0
1150 1 745895 3373
1151 0 19164661 0
1152 0 15717469 0
1153 0 15461459 0
1154 1 2001538 10547
1155 0 22249084 0
1156 0 20198573 0
1157 0 22032209 0
1158 0 21376940 0
1159 1 3061254 14118
1160 0 22216254 0
1161 0 21041091 0
1162 0 20542420 0
1163 0 21279736 0
1164 0 21725102 0
1165 0 21665077 0
1166 1 2566546 11831
1167 1 1430340 6597
1168 0 20032667 0
1169 0 19818228 0
1170 1 2397596 11040
1171 1 2831283 13044
1172 0 19703592 0
1173 0 21219442 0
1174 1 2105371 9698
1175 1 1607978 7408
1176 1 1977725 9109
1177 1 3954862 18166
1178 0 22230359 0
1179 0 19069638 0
1180 0 19228688 0
1181 0 19500552 0
1182 1 1059141 5550
1183 1 2122654 9791
1184 0 18737152 0
1185 1 1921437 8848
1186 1 1895803 8719
1187 1 2137831 9843
1188 1 2137811 9817
1189 0 18599239 0
1190 1 1660969 7633
1191 0 22097271 0
1192 1 1517150 6991
1193 1 2259707 10390
1194 1 1660959 7658
1195 0 19043783 0
1196 0 20132491 0
1197 0 19534145 0
1198 0 21118677 0
1199 1 1919192 8833
0 0 20687843 0
1 0 19493274 0
2 1 2133984 9831
3 1 2107143 9740
4 1 2092570 9672
5 0 19386887 0
6 1 2490909 11508
7 1 1232039 5694
8 1 2142210 9910
9 1 1791619 8272
10 1 1904062 8796
11 1 2242700 11797
12 0 19318185 0
13 1 2108213 9746
14 0 22187680 0
15 0 20723137 0
16 1 1927826 8883
17 1 1644456 7590
18 1 1414931 6536
19 0 20877019 0
20 0 21599807 0
21 1 2790468 12913
22 1 1893992 8762
23 0 19402733 0
24 0 22184929 0
25 0 15523818 0
26 1 1830076 8461
27 0 19589637 0
28 1 1911273 8823
29 1 2258869 10438
30 1 1815037 8399
31 1 2008473 9293
32 0 19807163 0
33 1 2780268 12854
34 1 1319520 6085
35 1 2075360 9586
36 0 22096855 0
37 1 2633851 12185
38 0 20251131 0
39 1 3968197 18440
40 0 20028454 0
41 1 2657813 12261
42 0 20027082 0
43 0 15433283 0
44 0 21631975 0
45 0 22923540 0
46 1 1998487 9243
47 0 21099427 0
48 1 1442809 6623
49 0 21006406 0
50 1 1359638 6282
51 1 2036267 9420
52 1 2672802 12368
53 0 19355461 0
54 1 1732103 7971
55 0 18876732 0
56 0 21507168 0
57 1 1862138 9788
58 1 2804021 12969
59 0 19778828 0
60 1 1778903 8237
61 1 1405122 6503
62 0 20417937 0
63 0 19944910 0
64 0 15836298 0
65 0 19672118 0
66 0 19661584 0
67 0 19224650 0
68 0 20421038 0
69 0 19832913 0
70 0 21564549 0
71 0 20143924 0
72 0 15398613 0
73 1 2708434 12515
74 0 19393545 0
75 1 2994135 13845
76 0 19396885 0
77 0 20187772 0
78 1 687579 3580
79 1 1945399 8994
80 1 2220548 10269
81 1 2344224 10831
82 0 20121872 0
83 0 15406606 0
84 0 19207949 0
85 1 1997454 9232
86 0 19459999 0
87 0 20961971 0
88 1 2353615 10864
89 0 19925696 0
90 1 2025030 9351
91 0 20276394 0
92 0 19431588 0
93 0 19281269 0
94 1 1855095 9750
95 0 19488179 0
96 0 18538011 0
97 0 18332396 0
98 1 2135004 9866
99 0 20114910 0
100 0 15478652 0
101 0 18485312 0
102 1 2126316 9824
103 0 19583512 0
104 1 1613665 7444
105 0 20476330 0
106 1 3518390 16224
107 0 19128467 0
108 1 2121848 9788
109 0 20405416 0
110 0 19433758 0
111 0 19405929 0
112 1 2215861 10191
113 0 17267912 0
114 1 2083068 9587
115 0 18683693 0
116 0 19381554 0
117 0 19929206 0
118 0 19826224 0
119 1 1763791 8129
120 0 19774052 0
121 1 1944441 8943
122 1 2526926 11638
123 0 20725473 0
124 0 19087733 0
125 0 18941042 0
126 0 20127417 0
127 1 1165805 5362
128 1 2190337 10078
129 1 2899482 13340
130 0 18742277 0
131 1 1373322 7207
132 1 1835913 8504
133 1 210674 950
134 0 19910346 0
135 0 19651669 0
136 0 15326111 0
137 1 3451648 15876
138 0 21060323 0
139 1 2032369 9391
140 0 19129319 0
141 1 2305094 10655
142 0 19264238 0
143 1 2884232 13359
144 0 15807576 0
145 0 19254036 0
146 0 21835440 0
147 1 1384565 6386
148 0 15602769 0
149 0 23012148 0
150 0 20593311 0
151 0 21368810 0
152 0 15527235 0
153 0 19152293 0
154 0 19808609 0
155 0 22128120 0
156 1 1449075 7608
157 0 19002450 0
158 1 2426855 11160
159 0 18665238 0
160 1 1884447 8662
161 0 19724198 0
162 0 20118443 0
163 1 2879703 13277
164 1 1957454 9024
165 0 20232993 0
166 0 22245736 0
167 0 21503736 0
168 0 21447970 0
169 0 19506235 0
170 0 20108702 0
171 0 19136779 0
172 0 15432273 0
173 0 22514194 0
174 0 20656017 0
175 0 19990409 0
176 1 1931795 10149
177 0 19587915 0
178 1 1786956 8197
179 1 2050150 10754
180 1 1808967 8300
181 0 22292558 0
182 0 19654837 0
183 0 21320753 0
184 1 2724067 12513
185 1 1385926 6376
186 1 1970563 9072
187 1 1713489 7873
188 0 19597659 0
189 0 19094527 0
190 1 1885372 8680
191 1 2163517 9960
192 0 20313898 0
193 1 2543329 11704
194 1 1656285 7614
195 1 2201900 10148
196 0 18846745 0
197 0 19231563 0
198 0 19732174 0
199 1 1772084 8149
200 1 1860631 8561
201 1 1943013 8948
202 1 2120237 9730
203 0 19552021 0
204 0 21145459 0
205 1 1557275 7153
206 0 20155378 0
207 0 18667574 0
208 1 2371483 10923
209 0 22819660 0
210 0 21904503 0
211 1 2336889 10742
212 1 2411597 11075
213 1 1139039 5233
214 0 22485312 0
215 0 22942413 0
216 1 1854519 8543
217 1 1324500 6106
218 1 2138505 9856
219 0 22564794 0
220 1 2068784 9435
221 1 2829811 13032
222 0 22702307 0
223 0 15444004 0
224 1 3753310 17262
225 0 20154557 0
226 0 15528980 0
227 0 20848556 0
228 0 19668372 0
229 0 20051465 0
230 0 15781470 0
231 0 18738444 0
232 0 21263367 0
233 1 2969601 13760
234 0 19273888 0
235 0 18904229 0
236 0 19262205 0
237 1 2662491 12302
238 0 18924687 0
239 1 2140791 9871
240 1 1851377 8553
241 1 630258 2913
242 0 18837471 0
243 0 19519154 0
244 0 19459120 0
245 0 20181379 0
246 0 15381108 0
247 1 3289835 15159
248 1 1900950 8792
249 1 650140 2990
250 0 22066142 0
251 0 19862995 0
252 1 1571416 7273
253 1 1814768 8354
254 0 18859208 0
255 0 18978380 0
256 0 21987918 0
257 1 3001199 13838
258 0 20531649 0
259 0 15595728 0
260 0 19578739 0
261 0 21981165 0
262 0 21398732 0
263 1 2413554 11168
264 1 2637225 12197
265 1 1872278 8625
266 1 3334148 15386
267 1 2258790 11869
268 1 2566365 11847
269 1 1849185 8554
270 1 2967633 13725
271 0 18864444 0
272 1 1755249 8103
273 0 18956694 0
274 1 1872694 9846
275 1 4530041 20834
276 1 3817090 17602
277 1 431990 1965
278 0 22935828 0
279 1 2085891 9580
280 1 2934749 13549
281 0 22617050 0
282 0 15429044 0
283 1 2276486 10455
284 0 20527450 0
285 1 2059558 9476
286 1 2270986 10456
287 1 1674191 7695
288 1 2309258 10632
289 0 19835387 0
290 0 19993020 0
291 1 1543183 7096
292 0 19528450 0
293 0 19132710 0
294 1 2208975 10138
295 0 15567588 0
296 1 1137660 5233
297 0 22037913 0
298 0 15217264 0
299 1 2183226 11452
300 0 20314490 0
301 1 3664277 16892
302 0 19926109 0
303 0 22335921 0
304 1 1878381 8479
305 1 2173039 10024
306 0 22476951 0
307 0 21243600 0
308 0 19226659 0
309 1 3351795 15418
310 1 2072490 9551
311 0 20715901 0
312 0 19984298 0
313 0 20713549 0
314 0 15453649 0
315 1 1571153 7265
316 0 18975915 0
317 0 19588101 0
318 1 2062856 9539
319 0 20050620 0
320 0 18240846 0
321 0 20381750 0
322 1 4152035 19168
323 1 1566368 7236
324 0 22363870 0
325 0 20840965 0
326 0 18769507 0
327 1 1746460 8063
328 1 1594696 7326
329 1 1723199 7977
330 0 19886407 0
331 1 2025088 9334
332 0 22598138 0
333 0 21819546 0
334 0 15573603 0
335 0 20186000 0
336 0 20650522 0
337 1 1575412 7259
338 0 19564623 0
339 1 1416672 6550
340 0 20758493 0
341 1 2039127 9410
342 1 1928754 8917
343 0 21034264 0
344 1 3192270 14796
345 1 1968816 9103
346 0 19014367 0
347 1 3075491 14184
348 1 1785230 8247
349 0 20317012 0
350 0 15617937 0
351 0 15610399 0
352 0 20681765 0
353 1 2734095 12599
354 0 19766357 0
355 1 3175147 14700
356 0 19582900 0
357 0 15487487 0
358 0 18915957 0
359 0 18845642 0
360 0 20671375 0
361 1 2240046 10341
362 0 19675951 0
363 0 19121266 0
364 1 1716641 7942
365 1 1734801 7960
366 0 18900409 0
367 0 18911541 0
368 1 1459219 6729
369 0 15608868 0
370 1 2934785 13550
371 1 2198915 10102
372 0 20030211 0
373 1 1936748 8908
374 0 18943345 0
375 1 2709582 12522
376 1 874667 4036
377 1 1130750 5232
378 0 20586149 0
379 1 2548962 11809
380 0 20545566 0
381 0 19873348 0
382 1 2434130 11263
383 1 1549278 7172
384 0 20972345 0
385 1 999458 4586
386 1 1815757 8404
387 0 20544924 0
388 0 15705952 0
389 1 2211265 10229
390 1 2738383 12680
391 1 1661906 7641
392 1 4001319 18476
393 1 2242028 10330
394 0 19011460 0
395 1 2427477 11159
396 1 1769423 8155
397 0 21136924 0
398 1 2216693 10193
399 1 529041 2423
400 0 21101772 0
401 0 19244639 0
402 0 15494869 0
403 1 1335267 6148
404 0 15365996 0
405 1 2179900 10020
406 0 19637192 0
407 1 1841388 8455
408 1 1730269 7968
409 1 1968663 9068
410 0 15650560 0
411 1 3117332 14331
412 1 2731192 12559
413 1 114755 514
414 1 2293333 10564
415 1 773992 4047
416 0 19971767 0
417 1 1725631 7920
418 1 1676833 7717
419 0 19275175 0
420 1 1848026 9723
421 0 19438069 0
422 0 18626623 0
423 0 18973810 0
424 1 950928 4367
425 0 21214099 0
426 0 21742016 0
427 0 22234891 0
428 1 2761145 12703
429 1 2049031 9478
430 1 2137190 9895
431 1 2022898 9339
432 1 2207425 10196
433 0 20829945 0
434 1 2869736 13286
435 0 18790447 0
436 1 2263840 10441
437 0 22679960 0
438 1 2913005 13480
439 1 2004581 9284
440 0 20609808 0
441 0 18911123 0
442 0 19656100 0
443 0 19250015 0
444 0 18746568 0
445 0 20024788 0
446 0 19512794 0
447 0 15817741 0
448 0 18966474 0
449 1 2501894 11551
450 0 20767314 0
451 0 19607201 0
452 0 19453476 0
453 0 19203340 0
454 1 2025465 9362
455 1 1451797 6719
456 0 19477861 0
457 0 19878702 0
458 1 1691449 7803
459 0 21259794 0
460 0 15474043 0
461 1 1810060 8370
462 1 1461772 6769
463 1 1389787 6421
464 1 1663201 7702
465 0 19578571 0
466 1 727641 3339
467 1 790850 3600
468 0 20870508 0
469 0 15615265 0
470 1 547764 2448
471 1 2091089 9666
472 1 2046856 9461
473 0 20968839 0
474 0 20153857 0
475 1 2188216 10123
476 1 2206899 10201
477 1 2511153 11633
478 1 1451667 7631
479 0 19314300 0
480 1 2023908 9339
481 1 1969937 9113
482 1 1823012 8410
483 0 18983372 0
484 0 19380274 0
485 0 19709159 0
486 1 2550255 11787
487 0 19053336 0
488 0 19344609 0
489 1 2860545 13220
490 1 875333 4020
491 0 20036617 0
492 1 1284916 5931
493 1 2122254 9806
494 1 2764774 12789
495 0 18856755 0
496 0 19055929 0
497 0 22804705 0
498 0 19636281 0
499 0 19060786 0
500 1 1500240 6915
501 1 854521 3936
502 0 20145655 0
503 1 1417727 6553
504 1 1931763 10164
505 0 18552586 0
506 1 1792337 8278
507 1 1931711 8923
508 1 1962997 9084
509 0 18876267 0
510 1 1799704 9435
511 1 2452564 11347
512 0 21606513 0
513 0 19205474 0
514 0 20748992 0
515 1 1783659 8239
516 1 2229751 10314
517 0 19348397 0
518 0 19569080 0
519 0 20102967 0
520 0 15849612 0
521 0 19033923 0
522 0 19530360 0
523 0 19387431 0
524 0 19829844 0
525 0 19187470 0
526 1 1723423 9039
527 0 18761674 0
528 1 2238910 10371
529 1 762309 3509
530 1 2186813 10111
531 1 1993696 9217
532 1 1086353 5023
533 0 18718234 0
534 1 1988709 9178
535 0 19920749 0
536 0 19325179 0
537 0 19550926 0
538 1 1882830 8692
539 1 2241660 10373
540 1 1814259 9212
541 0 19672685 0
542 1 1810716 8365
543 0 19508404 0
544 1 1945307 8965
545 0 21763537 0
546 0 19457511 0
547 0 18823385 0
548 0 21990130 0
549 1 1435855 6616
550 0 19187540 0
551 0 22084831 0
552 1 1352743 6236
553 0 20127031 0
554 1 1741280 8040
555 1 2154562 9948
556 0 21850938 0
557 0 20114633 0
558 0 20366351 0
559 0 19553922 0
560 0 19400124 0
561 0 18830443 0
562 0 20314271 0
563 1 2411674 11147
564 0 20131780 0
565 1 1583805 7307
566 0 19403458 0
567 0 19841314 0
568 1 2744569 12671
569 0 18951081 0
570 0 20328391 0
571 0 20854070 0
572 0 18857927 0
573 0 22017146 0
574 0 19565972 0
575 1 2061607 9509
576 0 19045664 0
577 1 1468131 6790
578 1 1750638 9199
579 1 2423803 11218
580 0 20009642 0
581 0 19944279 0
582 0 19240464 0
583 1 3152212 14614
584 0 19751073 0
585 1 2238875 10360
586 1 1856198 8602
587 0 18999752 0
588 1 1378985 6355
589 0 19229553 0
590 0 20767785 0
591 0 20249931 0
592 1 2196381 10144
593 0 20019556 0
594 0 18706516 0
595 0 19101633 0
596 1 2139223 9894
597 0 19449202 0
598 0 19039225 0
599 1 1294374 5980
600 0 21272725 0
601 0 19535933 0
602 0 20391431 0
603 0 19796956 0
604 0 19560386 0
605 1 1783513 8226
606 1 782689 3598
607 1 1956555 9023
608 1 2397306 11080
609 0 19430895 0
610 1 3210144 14837
611 1 2405573 11103
612 1 1370593 6302
613 0 19294100 0
614 1 2508995 11570
615 0 19316321 0
616 0 19858035 0
617 0 19630209 0
618 0 15743453 0
619 1 2046343 9453
620 1 1064281 4926
621 0 20577451 0
622 1 3185881 14726
623 1 1565550 7246
624 0 19486438 0
625 1 1912420 10038
626 1 2228472 10313
627 0 20179392 0
628 0 22083599 0
629 0 20597403 0
630 0 15359647 0
631 1 1275945 5892
632 0 19158891 0
633 0 19960022 0
634 0 18420446 0
635 0 21084952 0
636 1 3313476 15300
637 1 2518860 11629
638 1 1242196 5751
639 1 4278348 19818
640 0 19029986 0
641 0 20308131 0
642 0 15641269 0
643 0 19609307 0
644 1 2562331 11849
645 0 15596682 0
646 1 2750788 12727
647 0 20272293 0
648 0 20021004 0
649 1 2311063 10639
650 1 2077432 9599
651 0 19524210 0
652 0 21176632 0
653 1 1536072 7085
654 0 21260184 0
655 0 19165765 0
656 0 21858325 0
657 0 19603515 0
658 1 1721860 9035
659 0 20012257 0
660 0 19785298 0
661 0 19929891 0
662 1 2010579 9304
663 0 20502528 0
664 1 1862949 8604
665 0 21072834 0
666 0 18948984 0
667 1 1930480 8923
668 0 19496249 0
669 1 2022398 9297
670 1 2473692 11450
671 0 19459325 0
672 0 19954852 0
673 0 15657793 0
674 1 2478833 12957
675 0 18866988 0
676 1 2995511 13867
677 0 18566752 0
678 1 985194 4550
679 0 18455126 0
680 1 2892382 13363
681 0 18578758 0
682 1 1542872 7112
683 1 1082372 4944
684 1 402696 1852
685 0 18935731 0
686 0 19026055 0
687 0 19653328 0
688 1 2003018 9243
689 0 19408579 0
690 0 22241805 0
691 0 20303277 0
692 1 2136473 9858
693 1 1803171 9479
694 0 15663994 0
695 1 1911120 8829
696 0 20933296 0
697 1 2387740 11041
698 1 2603010 12044
699 0 20598273 0
700 0 19722877 0
701 0 22206509 0
702 0 20497629 0
703 1 3017029 13972
704 0 19851374 0
705 0 19444250 0
706 0 21451363 0
707 0 20584403 0
708 0 19489538 0
709 0 18899557 0
710 0 19632164 0
711 1 3458097 15937
712 0 19614330 0
713 1 2801685 12964
714 0 15657580 0
715 0 19282782 0
716 1 1634250 7545
717 1 2169103 10031
718 1 2500003 11564
719 0 20013181 0
720 0 21563932 0
721 1 1007312 4634
722 0 15748902 0
723 0 15565762 0
724 0 19945803 0
725 0 19584598 0
726 0 19621255 0
727 1 1939602 8932
728 0 19485746 0
729 0 19107377 0
730 1 1238231 6449
731 1 2241788 10377
732 0 19968331 0
733 1 1342430 6179
734 1 2306079 10664
735 0 18732794 0
736 1 1338112 6987
737 1 1286238 5954
738 0 20028715 0
739 1 1500056 6923
740 1 1794917 9435
741 0 19258259 0
742 1 1566158 7244
743 0 21414033 0
744 1 2372770 12461
745 1 2197764 10165
746 0 20332523 0
747 0 19597694 0
748 0 19421733 0
749 0 15524148 0
750 0 19501165 0
751 1 1671284 7729
752 0 19254801 0
753 1 1894863 8764
754 0 20175912 0
755 1 1569238 7235
756 0 18863863 0
757 0 18513243 0
758 0 21115713 0
759 0 20168906 0
760 0 20249053 0
761 0 15464107 0
762 1 2126733 9835
763 1 3442002 15880
764 0 18920775 0
765 0 19129418 0
766 1 2045538 9440
767 1 2448031 11291
768 0 22473575 0
769 1 2290920 10586
770 1 3528095 16266
771 0 19108392 0
772 1 2050309 9479
773 0 19242036 0
774 0 19658253 0
775 1 1644312 7597
776 1 2326074 10764
777 0 19522521 0
778 0 18899560 0
779 1 2070492 9576
780 1 1780264 8250
781 0 20535665 0
782 0 19227391 0
783 0 20501344 0
784 1 1434072 6607
785 0 18859547 0
786 0 20507872 0
787 1 1416359 6525
788 1 2402895 11063
789 0 18906065 0
790 1 2732578 12640
791 1 3601263 16668
792 0 19475031 0
793 0 22029606 0
794 1 3859627 17870
795 0 20553221 0
796 1 2547429 11769
797 1 2239320 10350
798 1 2130919 9832
799 0 19744869 0
800 0 21109025 0
801 0 19468919 0
802 1 1205026 5562
803 0 18777821 0
804 1 2032290 9329
805 0 19607077 0
806 1 1589818 7348
807 1 1955419 9040
808 0 20623383 0
809 1 2453927 11341
810 0 15672119 0
811 0 19491921 0
812 0 18809948 0
813 0 21518154 0
814 0 19082971 0
815 1 2160017 9990
816 1 2650022 12246
817 0 22079743 0
818 1 1532284 7090
819 1 2839127 13126
820 0 20077139 0
821 0 22514510 0
822 0 21301001 0
823 1 1970991 9090
824 1 27980 111
825 0 19956935 0
826 0 19980924 0
827 1 1604393 7412
828 0 22628910 0
829 1 2426347 11200
830 0 20332352 0
831 0 19972792 0
832 0 15717189 0
833 0 20963511 0
834 1 1523586 7028
835 0 22292834 0
836 0 21797730 0
837 1 1701974 7848
838 0 15736548 0
839 1 3589554 16578
840 0 19973382 0
841 0 21450708 0
842 1 1967090 10340
843 1 2828234 13019
844 1 2284413 10520
845 1 1961589 9025
846 1 1912091 8827
847 0 18969971 0
848 1 2003199 9207
849 0 19477178 0
850 1 2851688 13152
851 1 3955234 18293
852 0 18733775 0
853 1 1241173 5700
854 0 18878775 0
855 0 20406195 0
856 0 19913338 0
857 0 22303056 0
858 1 707537 3234
859 1 1980487 9066
860 1 1911479 8805
861 1 2141440 9841
862 0 21067694 0
863 1 1625458 7452
864 1 3399776 15649
865 1 2230904 10273
866 0 19790573 0
867 1 2260367 10396
868 1 1719559 7903
869 1 1881277 8656
870 0 20432501 0
871 0 22669458 0
872 1 2545177 11725
873 0 22861187 0
874 0 15348478 0
875 0 21481820 0
876 0 20920116 0
877 1 4032342 18580
878 1 1658685 7624
879 0 22262333 0
880 1 1255665 6592
881 1 1865890 8580
882 0 19748684 0
883 0 20670400 0
884 0 15077429 0
885 1 1268561 6658
886 1 2271797 10515
887 0 19410306 0
888 0 21446016 0
889 1 1769832 8162
890 0 19613692 0
891 1 2863491 13218
892 1 1607910 8455
893 1 2644760 12251
894 0 19064415 0
895 0 20022565 0
896 0 22714952 0
897 0 21081171 0
898 1 3350772 15452
899 1 3070381 14156
900 0 19252960 0
901 1 2356030 10894
902 1 1478937 6848
903 0 19053781 0
904 0 15403965 0
905 0 19664070 0
906 0 19108184 0
907 0 19810723 0
908 0 20144653 0
909 0 19645659 0
910 0 15619769 0
911 0 20014801 0
912 0 19685033 0
913 0 18504168 0
914 1 390820 1772
915 1 1824691 8425
916 1 1756069 8084
917 1 3413075 15777
918 0 18605933 0
919 0 18707139 0
920 1 2148952 9933
921 1 2855267 13222
922 1 2132256 11217
923 0 19902860 0
924 0 18903318 0
925 1 2168941 10023
926 1 1155735 5334
927 1 1236691 5714
928 1 643247 2972
929 1 2101488 9737
930 0 22126588 0
931 0 20380043 0
932 0 19004319 0
933 1 2135100 9877
934 0 18931843 0
935 1 2305076 10664
936 0 15743610 0
937 1 2219234 10265
938 0 18916592 0
939 0 19673758 0
940 0 19753945 0
941 1 2846425 13164
942 0 18591626 0
943 0 19553919 0
944 1 1993224 9167
945 1 3115857 14371
946 1 1563992 7207
947 0 19282499 0
948 1 2090179 9649
949 1 2074821 9597
950 1 2428986 11222
951 0 19378443 0
952 1 1818176 8394
953 1 1716365 7948
954 1 2392263 11040
955 1 2259204 10448
956 1 1660027 7673
957 1 2355620 10880
958 0 15485566 0
959 0 18969878 0
960 0 21504139 0
961 0 20294897 0
962 0 21187935 0
963 0 19633834 0
964 1 2009180 9271
965 0 20596607 0
966 0 15405388 0
967 1 3368083 15568
968 1 1887427 8732
969 0 20004413 0
970 0 19214572 0
971 1 2092547 9687
972 0 15643606 0
973 1 3000352 13867
974 0 18752285 0
975 0 19213777 0
976 0 18884176 0
977 1 2150322 9911
978 0 15506161 0
979 1 1853639 8554
980 0 20346579 0
981 1 1314672 6042
982 0 22166957 0
983 1 2092346 9657
984 1 466564 2127
985 0 19690809 0
986 1 1902434 8784
987 1 2381647 11015
988 1 2401832 11100
989 1 2220532 10282
990 0 18791298 0
991 1 2008978 9267
992 0 15495835 0
993 1 1971615 9116
994 0 19590893 0
995 0 19359989 0
996 1 1714077 7919
997 0 18523096 0
998 1 3003805 13927
999 1 1754702 8126
1000 1 1438627 6657
1001 0 19764704 0
1002 1 3176333 14688
1003 0 18878097 0
1004 1 2143705 9904
1005 0 22515330 0
1006 1 1858024 8586
1007 0 20454398 0
1008 1 3551216 16468
1009 0 18813275 0
1010 0 19392311 0
1011 1 1447324 6676
1012 0 18892931 0
1013 1 2575149 11898
1014 1 1905236 10004
1015 0 18891177 0
1016 1 1975387 9140
1017 0 20388808 0
1018 1 1233450 6474
1019 0 18756235 0
1020 1 1723304 9071
1021 0 22548231 0
1022 1 2075417 9582
1023 0 20759642 0
1024 0 19295146 0
1025 0 19239794 0
1026 0 20332819 0
1027 0 19014228 0
1028 0 20200721 0
1029 1 3706704 17089
1030 1 1821752 8404
1031 0 19770093 0
1032 1 2204475 10187
1033 1 1407793 6516
1034 0 19586719 0
1035 0 19915301 0
1036 1 1614009 7429
1037 0 19113783 0
1038 0 19469944 0
1039 0 20024633 0
1040 0 18831722 0
1041 1 2891357 13389
1042 1 2050941 9488
1043 0 19862381 0
1044 1 1640112 7558
1045 1 1913533 8843
1046 0 18874033 0
1047 0 19779253 0
1048 0 18905448 0
1049 1 1711122 7906
1050 0 19290810 0
1051 0 18849023 0
1052 1 1069735 4941
1053 0 20860403 0
1054 1 1792633 8291
1055 1 1801551 8316
1056 0 15526728 0
1057 1 1471866 6792
1058 0 19407103 0
1059 1 2879331 13321
1060 0 22058810 0
1061 1 1708438 7855
1062 0 20579856 0
1063 0 19481615 0
1064 1 1456958 6731
1065 1 2504435 11563
1066 0 18884067 0
1067 1 1009509 4649
1068 1 2262459 10454
1069 0 20941794 0
1070 1 2146079 9915
1071 1 1276346 5903
1072 0 19381767 0
1073 1 2139329 9869
1074 0 21976424 0
1075 0 15589710 0
1076 0 20131658 0
1077 1 1566418 7246
1078 1 2695568 12482
1079 0 21016768 0
1080 0 22059720 0
1081 0 19854225 0
1082 0 19882002 0
1083 0 19272680 0
1084 0 22008617 0
1085 1 1723689 7966
1086 1 58628 253
1087 1 1951720 8954
1088 0 19961072 0
1089 0 19300422 0
1090 1 486288 2220
1091 1 754429 3476
1092 0 19477627 0
1093 0 20336216 0
1094 0 19109385 0
1095 1 2201629 10183
1096 0 20849503 0
1097 1 2495615 11536
1098 1 2180858 10097
1099 0 18970233 0
1100 0 19838692 0
1101 1 1951938 9007
1102 0 20701661 0
1103 0 22089451 0
1104 0 19821476 0
1105 1 2633924 12165
1106 1 3313457 15366
1107 1 2827103 13040
1108 0 20557084 0
1109 1 2481081 11404
1110 1 1090787 5004
1111 0 20680560 0
1112 1 2842765 13087
1113 0 18663606 0
1114 0 19525397 0
1115 1 1836774 9620
1116 1 1768380 8141
1117 0 20184950 0
1118 1 1977026 9097
1119 0 19666969 0
1120 1 1914614 10055
1121 0 19881205 0
1122 1 2430372 11245
1123 1 1961256 9077
1124 0 20795134 0
1125 1 1953393 8953
1126 1 2280164 11986
1127 0 19291924 0
1128 1 1747826 9196
1129 0 18289322 0
1130 1 2607934 12061
1131 0 22404656 0
1132 1 2088041 9657
1133 0 18993883 0
1134 0 20010004 0
1135 0 19837904 0
1136 0 20050542 0
1137 0 19235632 0
1138 1 1794319 8299
1139 1 2951370 13664
1140 1 1868716 8642
1141 1 2191071 11492
1142 0 22463106 0
1143 1 1579944 7295
1144 0 20394283 0
1145 1 2526531 11657
1146 0 19477961 0
1147 1 1860828 8586
1148 1 2158538 9985
1149 0 19125123 0
1150 1 1857022 8573
1151 0 18792192 0
1152 0 20774460 0
1153 0 19282308 0
1154 1 1335340 6170
1155 1 1707258 7901
1156 1 2298162 10640
1157 1 2626424 12172
1158 0 20170042 0
1159 0 17215506 0
1160 0 19273621 0
1161 0 20564121 0
1162 0 19733056 0
1163 1 501788 2287
1164 1 1981008 9155
1165 1 2170021 10015
1166 0 18714390 0
1167 0 19295454 0
1168 0 19917046 0
1169 1 1597223 7386
1170 0 21265720 0
1171 0 19188227 0
1172 1 1974315 9127
1173 0 19472170 0
1174 0 20342482 0
1175 0 20773449 0
1176 1 2234113 10288
1177 1 1896695 8742
1178 1 1592388 7331
1179 1 1506262 6972
1180 0 22337416 0
1181 1 2127006 9828
1182 1 2183362 11481
1183 1 1748297 8094
1184 1 1741604 9081
1185 0 20147014 0
1186 1 1716436 8992
1187 0 20056545 0
1188 1 2254363 10422
1189 0 20968786 0
1190 0 21048613 0
1191 1 1583291 7314
1192 0 19955876 0
1193 1 1986765 9169
1194 1 1752662 9187
1195 1 1582191 8321
1196 1 1856088 8584
1197 1 1967548 9095
1198 0 21366843 0
1199 0 15786848 0
0 1 1595241 7335
1 0 20561019 0
2 1 1795338 8311
3 1 1714153 7936
4 0 19963992 0
5 0 19038710 0
6 0 18541767 0
7 0 20762505 0
8 0 15696848 0
9 0 19358154 0
10 1 2444794 11263
11 1 2020466 9357
12 0 18849111 0
13 0 18972501 0
14 1 2944241 13655
15 1 2015828 9342
16 1 2239181 10391
17 0 19287064 0
18 0 19448214 0
19 0 21261308 0
20 0 19946637 0
21 0 22311795 0
22 0 15656082 0
23 1 985547 4571
24 0 19746998 0
25 1 2914816 13479
26 0 19797691 0
27 0 19549842 0
28 0 20825015 0
29 0 19314507 0
30 0 15714563 0
31 0 20123997 0
32 0 21705404 0
33 0 22002342 0
34 1 3579055 16518
35 0 22794771 0
36 0 15652997 0
37 1 2095655 9709
38 0 21373404 0
39 0 21391353 0
40 0 20221185 0
41 0 20070286 0
42 1 2298466 11989
43 0 16112743 0
44 0 20034273 0
45 1 1873513 9872
46 1 2231344 10323
47 1 1765934 8166
48 0 19770386 0
49 0 22441544 0
50 0 20322112 0
51 1 3379634 15652
52 0 19230693 0
53 0 19769986 0
54 1 479750 2173
55 1 2692118 12468
56 0 18877508 0
57 0 19771971 0
58 0 18743185 0
59 0 19677824 0
60 0 21855789 0
61 0 19446163 0
62 1 3778001 17490
63 0 19831267 0
64 0 20330839 0
65 1 2105559 9743
66 1 1762785 8164
67 0 19165997 0
68 1 2368649 10966
69 1 1233640 5721
70 0 15649472 0
71 0 22991845 0
72 1 1840695 8505
73 1 3564066 16369
74 1 4116681 19058
75 1 1740917 8037
76 1 1727084 7962
77 0 22576693 0
78 0 21715480 0
79 0 19816991 0
80 0 15342848 0
81 0 21764511 0
82 1 1666582 7648
83 0 21581035 0
84 1 1972093 9082
85 0 15581317 0
86 0 19917303 0
87 1 3954460 18259
88 0 21554215 0
89 1 1750536 8053
90 1 1920462 8824
91 0 15436223 0
92 0 22882386 0
93 0 22733525 0
94 0 22445532 0
95 1 2324271 10702
96 0 22202304 0
97 0 20836765 0
98 1 1116504 5079
99 1 1047796 4827
100 1 1822741 8395
101 1 2545832 11758
102 1 2276126 12004
103 0 15881278 0
104 1 1533363 7064
105 1 1898736 10004
106 0 19831572 0
107 0 19166690 0
108 1 1477317 6784
109 0 20620806 0
110 0 20004600 0
111 0 15558423 0
112 0 19814149 0
113 1 1727728 7955
114 0 22390564 0
115 0 22653454 0
116 0 15475853 0
117 0 23039117 0
118 0 19976943 0
119 0 19938094 0
120 0 21137154 0
121 1 1790102 9398
122 0 21230463 0
123 1 1926204 8857
124 0 19803796 0
125 1 2164903 9948
126 0 22231752 0
127 1 1769086 8126
128 1 1626167 7474
129 0 22713597 0
130 1 1908128 8790
131 0 22566759 0
132 0 21787746 0
133 0 22151040 0
134 1 1322606 6091
135 1 2690647 12395
136 0 15618739 0
137 0 19347700 0
138 1 2081573 9594
139 0 18720027 0
140 0 21868875 0
141 1 2213728 11653
142 0 20111963 0
143 1 1840166 8467
144 1 2596918 11981
145 0 19599474 0
146 1 1531274 8079
147 0 18759577 0
148 0 20754296 0
149 0 15634175 0
150 1 1231800 5698
151 0 19602913 0
152 0 19324776 0
153 0 20417204 0
154 1 2399719 11114
155 0 18382200 0
156 1 2010121 9300
157 1 2456535 11394
158 0 19251562 0
159 0 19422306 0
160 0 15667236 0
161 1 1944372 9015
162 0 19518362 0
163 1 2397939 11127
164 1 555548 2556
165 0 19441526 0
166 0 18939676 0
167 0 19783531 0
168 1 2234428 10353
169 1 1645894 8593
170 1 402892 1856
171 0 18826124 0
172 0 18750050 0
173 0 19847222 0
174 1 2717316 12586
175 1 2176686 10099
176 1 2113413 9804
177 1 2964934 13749
178 1 855638 3927
179 0 18486309 0
180 0 19421876 0
181 1 701505 3215
182 1 1565457 8251
183 0 18817380 0
184 0 18900167 0
185 0 19099690 0
186 0 15581372 0
187 0 19516012 0
188 1 2238290 10374
189 0 15913332 0
190 1 1997189 9253
191 1 2880007 13339
192 1 1114791 5829
193 0 19309903 0
194 1 2479979 11451
195 1 3177588 14732
196 0 18580291 0
197 0 18881478 0
198 1 3010949 13973
199 0 15606541 0
200 1 1542906 7134
201 1 1186192 5495
202 1 2517909 11670
203 0 19917025 0
204 0 19395294 0
205 1 1201256 5549
206 1 3324598 15424
207 1 2020918 9378
208 0 19393918 0
209 1 2207602 10238
210 1 1971750 9148
211 1 1673236 7760
212 0 19920647 0
213 0 15681656 0
214 1 2157726 11360
215 0 20351127 0
216 1 2139921 9849
217 0 19347443 0
218 1 2178545 10008
219 1 2019941 9269
220 0 18561391 0
221 0 20956108 0
222 1 2781755 12827
223 1 2096470 9685
224 1 2292975 10544
225 0 19140689 0
226 0 22538948 0
227 0 22657831 0
228 0 22923131 0
229 0 18889611 0
230 0 20157946 0
231 0 17366417 0
232 1 1255464 5788
233 0 19051787 0
234 0 18966883 0
235 0 19737517 0
236 0 19713014 0
237 0 19806297 0
238 0 20381221 0
239 0 19621793 0
240 1 2135091 9919
241 0 18910387 0
242 1 2021872 10627
243 1 1727983 7999
244 1 2744039 12712
245 0 18537262 0
246 1 1846844 9736
247 1 2134891 11245
248 0 19147639 0
249 1 1917526 10076
250 1 2616068 12128
251 1 3510147 16278
252 0 20359778 0
253 0 18950526 0
254 0 21588699 0
255 0 19880902 0
256 0 21451662 0
257 0 19555482 0
258 1 1905231 8835
259 0 18939228 0
260 1 1691511 7825
261 0 19018546 0
262 1 1527517 8016
263 1 1596116 7376
264 1 2016004 9361
265 1 1539458 7120
266 1 720789 3780
267 1 2372364 10976
268 0 19490881 0
269 0 20077785 0
270 0 21082344 0
271 1 1790702 8269
272 1 2348896 12370
273 1 3119837 14400
274 0 22548458 0
275 1 2274041 10529
276 1 2333237 10806
277 0 19621347 0
278 0 15509624 0
279 1 2230821 10337
280 0 19083684 0
281 0 19730333 0
282 1 1971297 9134
283 1 1329826 6161
284 0 18351911 0
285 1 1992629 9193
286 0 20566347 0
287 0 21844011 0
288 0 20752948 0
289 0 20245995 0
290 0 20706063 0
291 1 1874476 8697
292 1 1764836 8164
293 1 2113473 9785
294 1 1797358 8333
295 1 1842877 9704
296 0 18794060 0
297 1 3084380 14262
298 0 22120562 0
299 1 1315227 6008
300 1 2786370 12953
301 0 19536640 0
302 0 20977910 0
303 0 20114392 0
304 0 20237033 0
305 0 22083726 0
306 1 2139558 9906
307 0 19024660 0
308 1 1853237 8599
309 0 18878313 0
310 1 2757863 12758
311 1 3139059 14563
312 0 18240550 0
313 0 19827542 0
314 1 2979637 13809
315 0 20078488 0
316 0 18561345 0
317 1 1547321 7120
318 0 22538410 0
319 0 22596736 0
320 0 22700212 0
321 0 21996328 0
322 0 15454806 0
323 0 18742278 0
324 0 19266554 0
325 0 21746952 0
326 0 21462555 0
327 1 2365537 10905
328 0 21674203 0
329 0 20727349 0
330 1 2377395 10947
331 1 1943632 8956
332 0 22285067 0
333 0 15473650 0
334 1 35789 130
335 1 1646384 7596
336 1 1665960 7691
337 0 19837508 0
338 1 2894731 13345
339 0 15709493 0
340 0 20838568 0
341 1 2385191 10980
342 1 2192439 10117
343 1 3071444 14190
344 1 1845522 8514
345 1 1877912 8662
346 0 19731497 0
347 0 20172895 0
348 0 16888292 0
349 1 2100662 9646
350 1 2339548 10770
351 1 3010156 13897
352 1 1690370 8908
353 1 2631395 12149
354 1 3478378 16064
355 0 19348233 0
356 0 21252494 0
357 1 632784 2871
358 1 2844684 13125
359 1 1754186 8084
360 1 1946115 8968
361 1 2327287 10735
362 0 18756603 0
363 1 233530 1051
364 1 1892241 8721
365 1 2186631 10094
366 1 1829821 8391
367 0 18843744 0
368 0 21200128 0
369 0 20879922 0
370 1 2453819 11311
371 1 2061322 10853
372 1 1553759 7178
373 1 1685153 7793
374 1 2364278 10913
375 1 1895389 8728
376 0 15979195 0
377 0 19283829 0
378 1 2129435 9811
379 1 2163055 9975
380 1 1616826 7449
381 0 20833491 0
382 1 1888786 8686
383 0 20512006 0
384 0 15711149 0
385 0 20811632 0
386 0 19007130 0
387 1 2076283 9575
388 1 2033632 9374
389 1 1828074 8440
390 0 18993371 0
391 1 1623093 7432
392 0 21837206 0
393 1 1439195 6641
394 0 20770881 0
395 1 1384282 6369
396 1 3039338 13957
397 1 1471392 6767
398 0 19371185 0
399 0 19664681 0
400 1 1575397 7262
401 0 20672570 0
402 1 1990017 9173
403 1 2856907 13199
404 0 20729956 0
405 0 21211767 0
406 0 19688503 0
407 0 19328789 0
408 0 15605405 0
409 1 2028805 9395
410 1 1681009 7780
411 1 3020016 13981
412 0 19519417 0
413 1 1468747 6780
414 1 2040066 9452
415 1 1615601 7474
416 0 19465072 0
417 0 21139870 0
418 0 20845789 0
419 1 881218 4039
420 0 20674030 0
421 0 21873738 0
422 1 2435659 11282
423 0 22470423 0
424 1 869134 3966
425 0 19170855 0
426 1 2121015 9782
427 1 1408942 6474
428 1 1069537 4936
429 0 18491309 0
430 1 1066910 5577
431 1 2432455 11209
432 0 22883780 0
433 0 19368384 0
434 1 2405041 11061
435 1 1973349 9067
436 1 1599149 7389
437 1 1997422 9222
438 1 1641577 7583
439 0 18721874 0
440 1 2071197 9526
441 1 2148270 9796
442 0 20143996 0
443 0 19272268 0
444 0 16279505 0
445 1 1824015 9613
446 0 22246634 0
447 0 21747299 0
448 0 21286830 0
449 0 21307500 0
450 0 19906903 0
451 1 1698635 7826
452 0 21814669 0
453 1 1864694 8592
454 0 21666884 0
455 1 1915201 8824
456 1 2901721 13385
457 0 19017404 0
458 1 1825337 8380
459 1 1526596 7036
460 1 1598744 7366
461 1 1968569 10374
462 0 19044401 0
463 1 1531586 7058
464 1 2258932 10412
465 1 2107967 11079
466 0 20535323 0
467 0 18941517 0
468 0 19424158 0
469 0 19832189 0
470 0 20270483 0
471 1 3534589 16416
472 1 2183655 10082
473 0 19728115 0
474 0 20414876 0
475 0 20986924 0
476 0 15654270 0
477 0 19186715 0
478 0 19346709 0
479 1 1952831 9022
480 1 2528945 11708
481 1 1466551 6799
482 0 21932231 0
483 1 1662069 7668
484 0 21824697 0
485 0 21793490 0
486 0 21204096 0
487 1 2812317 13040
488 0 19321550 0
489 1 1935426 8955
490 0 20442597 0
491 0 22579815 0
492 0 21903154 0
493 1 2892299 13358
494 0 19893710 0
495 1 2753640 12761
496 1 1341493 7061
497 0 19235305 0
498 0 21438996 0
499 0 15322645 0
500 1 1746206 8085
501 0 19427288 0
502 1 728578 3814
503 1 2863593 13236
504 0 19693737 0
505 0 21902010 0
506 1 2488219 13063
507 1 1725415 7986
508 0 21332142 0
509 0 15738335 0
510 0 18907839 0
511 0 19560995 0
512 0 20479065 0
513 1 2145341 11285
514 1 2102005 9676
515 1 1837001 8454
516 0 19020045 0
517 0 15606810 0
518 1 1930607 8885
519 0 21858789 0
520 1 2288120 10547
521 0 20292591 0
522 0 18477302 0
523 1 3667499 16968
524 0 21343256 0
525 1 2201571 10149
526 1 2125798 9824
527 0 21853223 0
528 1 3674367 16987
529 1 3498065 16067
530 1 1017634 4689
531 0 22393785 0
532 0 15673433 0
533 1 1898173 8723
534 1 3981218 18220
535 1 350800 1827
536 1 3018090 13884
537 1 1499364 6920
538 0 19917513 0
539 0 19358482 0
540 1 1745547 8029
541 1 1998326 9219
542 1 1572438 7252
543 0 22075940 0
544 1 454118 2063
545 0 21397457 0
546 0 19681015 0
547 0 15624314 0
548 1 2035010 9366
549 0 20148984 0
550 1 2379800 10933
551 0 19397798 0
552 0 21835305 0
553 1 2138229 9821
554 0 20200102 0
555 0 22880114 0
556 0 22316247 0
557 1 3325315 15302
558 1 1744734 8058
559 1 1880036 8684
560 1 1981885 9136
561 0 21807564 0
562 0 20192920 0
563 1 2102113 9650
564 0 19370767 0
565 0 19823894 0
566 0 20396534 0
567 1 2387170 10934
568 0 19599996 0
569 1 2434113 11213
570 0 22193892 0
571 1 1765156 9243
572 1 2211628 10209
573 1 3031570 13963
574 0 20870181 0
575 1 1720341 7918
576 0 23129048 0
577 1 1953428 8982
578 0 15307625 0
579 0 22672292 0
580 0 22296311 0
581 0 20408447 0
582 0 20194992 0
583 1 1519183 8007
584 0 20882273 0
585 0 20649787 0
586 0 20295179 0
587 0 21141416 0
588 0 20503120 0
589 1 2792577 12848
590 0 18521915 0
591 0 19137344 0
592 1 2433096 11210
593 0 20302849 0
594 0 19495500 0
595 0 19302944 0
596 0 22227772 0
597 0 20245303 0
598 0 21533892 0
599 1 4035325 18676
600 0 22224945 0
601 1 1864117 9817
602 0 18639940 0
603 0 21686372 0
604 0 19477399 0
605 1 2044240 9470
606 1 3418932 15822
607 0 15543780 0
608 1 2079886 9603
609 1 1404635 6509
610 0 20062166 0
611 0 18365143 0
612 0 18255715 0
613 0 19184010 0
614 1 2577246 11924
615 0 19201998 0
616 0 22377865 0
617 1 3357591 15555
618 0 21531230 0
619 1 2294358 10651
620 1 1756987 8139
621 0 18840290 0
622 0 20212494 0
623 1 1231683 6452
624 0 19253202 0
625 1 2166443 10047
626 1 2218983 10280
627 0 18548630 0
628 1 2200287 10186
629 1 3318511 15393
630 0 20046147 0
631 0 19776749 0
632 0 18972615 0
633 0 19477596 0
634 0 19453002 0
635 1 1781676 8270
636 1 1492369 6919
637 0 19184257 0
638 0 19042376 0
639 1 1965723 9069
640 1 4507339 20823
641 0 22241463 0
642 1 3183247 14732
643 1 2683662 12421
644 1 3029267 14106
645 1 397345 1807
646 0 22404920 0
647 1 3554737 16475
648 1 3249591 15079
649 0 19313721 0
650 0 21979567 0
651 0 20169812 0
652 1 946475 4362
653 0 20800830 0
654 0 20221673 0
655 1 2354157 10879
656 0 15579420 0
657 0 19803104 0
658 0 22966870 0
659 0 22245713 0
660 0 21883955 0
661 0 19004914 0
662 0 20400748 0
663 0 19304709 0
664 1 1924892 8900
665 1 3805945 17591
666 1 1886822 8753
667 1 1737105 8056
668 1 2016410 9355
669 0 19747842 0
670 1 128875 563
671 1 1434861 6644
672 1 1731191 8030
673 0 18775624 0
674 0 21954436 0
675 0 15311976 0
676 0 19838713 0
677 0 20325567 0
678 1 1884531 8736
679 1 2357463 12386
680 1 3941729 18271
681 0 19882170 0
682 0 21354702 0
683 1 1463673 6755
684 0 20760591 0
685 0 20521844 0
686 1 3187870 14751
687 1 1932580 10167
688 0 18984197 0
689 0 20488664 0
690 1 1428376 6612
691 0 18843070 0
692 1 1964781 9089
693 1 21266 81
694 0 21450207 0
695 0 22832846 0
696 1 1626220 7515
697 0 21578761 0
698 0 19402452 0
699 0 20893563 0
700 0 19323932 0
701 0 20057024 0
702 1 1988751 10457
703 0 19750765 0
704 1 2602809 12024
705 1 2434567 11287
706 0 19124469 0
707 0 21630495 0
708 1 1742523 8069
709 1 168074 871
710 1 2897025 13428
711 0 21268464 0
712 1 2213601 10242
713 0 18929199 0
714 1 3341091 15484
715 0 18306616 0
716 0 15467548 0
717 0 19338470 0
718 1 960533 5012
719 0 21700007 0
720 1 1907936 8809
721 0 19601875 0
722 1 2089553 9677
723 0 18798267 0
724 0 15246247 0
725 1 2810196 12983
726 1 1903394 8819
727 0 19331623 0
728 0 18414639 0
729 1 1907779 8846
730 0 19598039 0
731 0 18508527 0
732 0 22196254 0
733 1 2293539 12103
734 0 19519438 0
735 0 19815384 0
736 0 21322504 0
737 1 2086235 9636
738 0 19225118 0
739 0 19171438 0
740 0 21429033 0
741 1 3035705 14056
742 0 22254868 0
743 0 19205102 0
744 1 2340138 10867
745 0 20488010 0
746 1 1986031 10447
747 1 2788456 12931
748 1 2260339 10451
749 0 21963657 0
750 1 1979335 10409
751 0 22123588 0
752 0 18196419 0
753 1 1856965 8600
754 0 21812201 0
755 1 2090389 9640
756 0 20739960 0
757 0 15694601 0
758 0 19346580 0
759 0 20817022 0
760 1 958682 4392
761 0 19364103 0
762 0 19307760 0
763 0 18932309 0
764 0 19342927 0
765 0 18876261 0
766 0 21545792 0
767 0 20205386 0
768 1 1773186 8215
769 0 20757114 0
770 0 19404273 0
771 1 1351395 6237
772 1 2140205 11262
773 0 20779357 0
774 1 1273733 5886
775 1 2474498 11458
776 0 19279964 0
777 0 19108497 0
778 1 2403010 11110
779 1 1974097 9159
780 1 1831738 8495
781 1 1840958 8499
782 1 1958298 10299
783 1 2137143 9894
784 0 19825240 0
785 1 2034379 9426
786 0 20181291 0
787 1 2512389 11642
788 0 15589119 0
789 1 1688485 7823
790 0 19074172 0
791 0 20900520 0
792 0 23140693 0
793 0 19935659 0
794 1 1421595 6585
795 1 1323710 6133
796 0 20857264 0
797 1 3328887 15378
798 0 19521002 0
799 1 2583257 11988
800 1 2146954 9942
801 1 2016221 9348
802 0 19377579 0
803 1 2230384 11751
804 0 20207962 0
805 1 552291 2541
806 1 1866088 9835
807 1 1454807 6722
808 0 19371328 0
809 0 22673937 0
810 0 20926301 0
811 0 21877760 0
812 1 2221924 10250
813 1 2440279 11258
814 0 15584195 0
815 0 19503992 0
816 0 19713908 0
817 1 1965418 10338
818 0 20866782 0
819 0 19682846 0
820 1 1868228 8622
821 1 1793900 8285
822 1 1925748 8891
823 1 2154535 9956
824 1 4682818 21641
825 0 23204920 0
826 0 19294889 0
827 1 1804273 8278
828 0 19362785 0
829 0 21828773 0
830 0 15399203 0
831 0 21387651 0
832 1 537405 2468
833 1 2879038 13280
834 0 18981712 0
835 0 21112707 0
836 1 3520374 16149
837 1 2193390 10103
838 1 2967261 13656
839 1 3000515 13843
840 1 1552100 7133
841 0 18751474 0
842 1 2219985 11685
843 0 15638138 0
844 1 2007347 9237
845 0 15615744 0
846 0 19428466 0
847 0 15183963 0
848 1 1820267 8405
849 0 18397504 0
850 0 19904476 0
851 0 20915124 0
852 0 18860636 0
853 1 55085 234
854 0 19018028 0
855 1 1934401 8919
856 0 19909467 0
857 0 22503900 0
858 0 20508790 0
859 1 1809361 8345
860 1 2901705 13384
861 1 1661929 7668
862 1 1867235 8618
863 1 2445524 11276
864 1 2514769 11537
865 1 2984279 13761
866 0 18871985 0
867 0 20451602 0
868 1 1934112 8925
869 0 21081987 0
870 1 1806883 8318
871 1 4371962 20076
872 0 20732020 0
873 0 22736845 0
874 1 1953357 8941
875 1 142863 643
876 0 20900322 0
877 1 1903348 10045
878 1 2332020 10766
879 0 22399633 0
880 0 22685650 0
881 0 22521489 0
882 0 15485465 0
883 0 22740341 0
884 0 22460695 0
885 1 1780592 8212
886 0 15435187 0
887 1 2232749 10293
888 0 21529013 0
889 0 22020381 0
890 1 2488999 11504
891 1 2375774 11035
892 0 19600585 0
893 0 15733780 0
894 1 1769856 8162
895 0 18949822 0
896 0 18712143 0
897 0 19289474 0
898 0 19407489 0
899 0 18911938 0
900 0 19016221 0
901 0 15586749 0
902 1 1732946 9102
903 0 19143682 0
904 1 2162918 9986
905 0 20212707 0
906 1 4046546 18736
907 0 22081168 0
908 1 1932430 8930
909 1 2820974 13029
910 0 19832840 0
911 0 19241585 0
912 1 2403287 11114
913 1 1477742 6848
914 1 2122443 9843
915 1 2040400 9468
916 0 21149894 0
917 1 2141732 11253
918 1 2150567 9975
919 0 15307742 0
920 0 19282349 0
921 0 19900283 0
922 0 19371538 0
923 1 2272951 10539
924 0 22178388 0
925 1 1994935 10484
926 0 21596581 0
927 1 2115300 9785
928 1 1430162 6614
929 0 20789298 0
930 0 19683382 0
931 0 15632698 0
932 0 19402148 0
933 0 19804322 0
934 1 2582469 11954
935 0 22433294 0
936 1 1902139 8568
937 0 20788045 0
938 0 21625851 0
939 0 19659015 0
940 0 19747244 0
941 0 21482568 0
942 0 20526448 0
943 1 1812812 8390
944 1 1713269 7931
945 0 19552995 0
946 1 2346955 10883
947 0 18736847 0
948 1 1946159 8869
949 0 19798044 0
950 1 3297272 15225
951 1 2894893 13346
952 1 1668763 8792
953 0 19668535 0
954 0 20607724 0
955 1 333582 1718
956 1 2083118 10910
957 0 19283462 0
958 1 2122786 9843
959 1 1782018 8270
960 1 2961016 13714
961 1 1879972 8702
962 1 2441611 11326
963 1 2730624 12665
964 1 2039794 9430
965 1 1115690 5172
966 0 19043283 0
967 1 2945988 13614
968 1 861861 3963
969 1 3247212 15032
970 0 18854314 0
971 0 21897883 0
972 0 21888483 0
973 1 2160703 11355
974 1 2739361 12716
975 1 1979683 9170
976 1 1856417 8599
977 1 2926678 13574
978 0 19302729 0
979 1 2311293 10666
980 1 1947732 9007
981 1 2064104 9564
982 1 1574693 8295
983 0 21708511 0
984 0 20436524 0
985 0 18961441 0
986 0 22702379 0
987 1 2088315 9670
988 1 2147532 9983
989 1 1518458 7042
990 0 20275405 0
991 0 15623721 0
992 0 19914749 0
993 0 19320628 0
994 0 15660143 0
995 1 2198721 10116
996 0 19690943 0
997 0 21933146 0
998 0 20177100 0
999 0 15364998 0
1000 0 19568382 0
1001 1 2044683 9434
1002 1 2276157 10508
1003 1 1653100 7630
1004 0 19656673 0
1005 0 15326662 0
1006 0 19099471 0
1007 1 3768215 17346
1008 0 19075541 0
1009 0 19866716 0
1010 1 1561343 7187
1011 1 2558422 11831
1012 1 1730944 7975
1013 1 2079767 9601
1014 0 19156552 0
1015 0 19252806 0
1016 0 20118955 0
1017 1 1420107 6513
1018 1 1942708 8970
1019 1 1834984 8479
1020 1 1690935 7794
1021 0 15659265 0
1022 1 2281040 10508
1023 0 19266336 0
1024 0 18790387 0
1025 0 15807049 0
1026 0 19794231 0
1027 0 20158114 0
1028 1 2123005 9789
1029 0 19631972 0
1030 1 1248084 5750
1031 0 21742797 0
1032 0 20977364 0
1033 0 22185460 0
1034 1 3654873 16836
1035 1 555164 2554
1036 0 19597725 0
1037 1 1986120 9158
1038 0 15605488 0
1039 0 19063194 0
1040 0 15533951 0
1041 0 20464047 0
1042 0 18913225 0
1043 0 19840250 0
1044 0 21431506 0
1045 1 2488844 11458
1046 0 19539942 0
1047 0 19222129 0
1048 1 1974532 9038
1049 0 18659622 0
1050 0 22358816 0
1051 0 21463112 0
1052 0 22090440 0
1053 1 2906769 13370
1054 1 1973329 9102
1055 0 18783114 0
1056 1 1635349 8604
1057 0 21402181 0
1058 0 20639610 0
1059 0 19270104 0
1060 0 15448392 0
1061 1 3109197 14359
1062 0 19686916 0
1063 1 1507341 6929
1064 0 22489151 0
1065 1 2328051 10744
1066 0 20089043 0
1067 0 21996549 0
1068 1 2198292 10111
1069 1 1790152 8267
1070 0 22746372 0
1071 0 21505806 0
1072 0 20427814 0
1073 0 20243420 0
1074 0 18863578 0
1075 1 1671467 7705
1076 0 18647739 0
1077 0 19524791 0
1078 0 19598606 0
1079 1 2809737 12933
1080 0 19479021 0
1081 0 21817136 0
1082 0 21477023 0
1083 1 1796953 8290
1084 1 2224182 10259
1085 1 1397469 6448
1086 0 15801510 0
1087 1 1538972 7074
1088 0 22510294 0
1089 0 15729056 0
1090 0 22621682 0
1091 1 2253738 10392
1092 0 22932068 0
1093 1 2305258 10599
1094 1 2059851 9510
1095 0 22475611 0
1096 0 15886187 0
1097 0 21668821 0
1098 0 22398706 0
1099 1 4227483 19498
1100 1 1409255 7416
1101 0 21559585 0
1102 0 15851266 0
1103 1 2138513 9859
1104 1 2707679 12450
1105 1 2616406 12064
1106 1 1834025 8416
1107 1 1947244 8960
1108 1 2301564 10618
1109 0 22937797 0
1110 1 2202641 11625
1111 1 1890721 8725
1112 0 22827255 0
1113 1 2157606 9955
1114 1 401004 1828
1115 1 2387972 11015
1116 1 2923456 13465
1117 1 920775 4253
1118 1 894625 4108
1119 1 2140892 11302
1120 1 1722769 7944
1121 0 20423439 0
1122 0 20548234 0
1123 1 1963700 9051
1124 0 18444101 0
1125 0 21719730 0
1126 1 2229834 10274
1127 1 2288795 10551
1128 0 18928504 0
1129 1 1591190 8386
1130 0 19069779 0
1131 1 1520922 7003
1132 0 19948410 0
1133 1 1573319 7248
1134 1 1412410 6530
1135 0 19115009 0
1136 0 19229784 0
1137 0 19438537 0
1138 1 2883161 13356
1139 0 18795706 0
1140 0 19240614 0
1141 0 19574273 0
1142 1 1649196 7585
1143 0 19503208 0
1144 1 2064347 10852
1145 1 1711329 9022
1146 1 2145760 10360
1147 0 15923483 0
1148 0 20156749 0
1149 0 18961909 0
1150 0 22307819 0
1151 1 875367 4023
1152 0 19202460 0
1153 0 18877972 0
1154 1 1993984 9232
1155 0 21937278 0
1156 0 20056447 0
1157 0 20137342 0
1158 0 19619448 0
1159 0 15356660 0
1160 0 18742151 0
1161 1 1945680 10261
1162 0 18950886 0
1163 1 658479 2959
1164 1 827811 3804
1165 0 19183556 0
1166 0 18890380 0
1167 0 18810089 0
1168 0 20342462 0
1169 0 18963571 0
1170 0 21089573 0
1171 0 15700917 0
1172 0 18929903 0
1173 1 2148586 9927
1174 0 21976113 0
1175 0 16282476 0
1176 1 3101756 14343
1177 0 20062343 0
1178 0 20616063 0
1179 1 1883811 9892
1180 0 15598424 0
1181 0 20354099 0
1182 0 20890782 0
1183 1 2260796 10466
1184 1 2067396 9539
1185 0 18808443 0
1186 1 2278987 10551
1187 1 2748940 12776
1188 1 2071708 9610
1189 1 2709627 12560
1190 0 21050101 0
1191 1 1733637 8028
1192 1 96039 431
1193 1 2699475 12529
1194 0 21154744 0
1195 0 19457721 0
1196 1 1978244 9131
1197 1 1725244 7988
1198 1 1906579 8839
1199 0 21416832 0
