0 0 15338878 0
1 0 19266474 0
2 0 15815035 0
3 1 17994 41
4 0 19028117 0
5 0 18960610 0
6 0 19574585 0
7 1 245308 1106
8 0 20292742 0
9 0 18887692 0
10 1 186586 826
11 0 18569072 0
12 0 20767197 0
13 1 492335 2229
14 0 15695685 0
15 0 20095823 0
16 0 22279868 0
17 1 62112 268
18 0 15907605 0
19 0 22031260 0
20 0 19223396 0
21 1 461308 2094
22 1 230792 1051
23 0 19581908 0
24 1 342397 1556
25 0 18517244 0
26 0 19839761 0
27 0 19083156 0
28 0 19083075 0
29 1 569221 2937
30 1 383546 1760
31 0 20016225 0
32 0 15475325 0
33 0 19662205 0
34 0 20283576 0
35 0 19711996 0
36 0 15667185 0
37 0 18823641 0
38 1 245878 1093
39 0 19085939 0
40 0 15547481 0
41 1 72150 312
42 1 481321 2221
43 1 274029 1229
44 0 18850905 0
45 0 16774603 0
46 0 19364995 0
47 0 18789190 0
48 1 294481 1334
49 1 100616 451
50 1 609136 2762
51 0 18353481 0
52 0 20212585 0
53 0 19321772 0
54 0 21189705 0
55 0 19732158 0
56 0 15394308 0
57 0 15715106 0
58 1 351097 1610
59 1 148991 679
60 0 19511047 0
61 0 19365648 0
62 0 20153014 0
63 0 19442187 0
64 1 162313 716
65 0 15752458 0
66 1 1322429 6068
67 0 18999276 0
68 0 21736889 0
69 0 15654263 0
70 1 202026 1019
71 0 19127568 0
72 1 813662 3694
73 1 815947 3745
74 0 20130029 0
75 1 14097 36
76 0 21477240 0
77 0 22687836 0
78 1 267161 1204
79 0 23308464 0
80 1 459778 2061
81 1 3692 6
82 1 252381 1148
83 0 21924580 0
84 0 15798621 0
85 1 93452 347
86 1 221029 1004
87 0 19560563 0
88 0 22367384 0
89 1 508113 2626
90 0 15627087 0
91 0 18870677 0
92 1 181620 919
93 0 19016892 0
94 1 113136 455
95 0 20449760 0
96 0 19683323 0
97 0 22586733 0
98 1 528820 2416
99 1 433011 1952
100 0 22765584 0
101 1 141292 623
102 1 116733 517
103 0 21635620 0
104 1 247315 1115
105 1 39794 166
106 0 19947242 0
107 0 19771316 0
108 0 19377784 0
109 0 15236255 0
110 0 21983503 0
111 0 21443115 0
112 1 160077 708
113 1 247204 1106
114 0 22284428 0
115 0 20802133 0
116 0 15530690 0
117 0 22081885 0
118 0 22557858 0
119 0 20649602 0
120 0 19015789 0
121 1 354217 1600
122 1 865447 3988
123 0 20238949 0
124 1 203903 911
125 0 18828175 0
126 1 219287 1082
127 1 804543 3725
128 1 441968 2029
129 0 18610845 0
130 0 15715280 0
131 0 15536732 0
132 0 18942059 0
133 0 15308269 0
134 1 312830 1426
135 0 19438000 0
136 0 18802905 0
137 1 63608 242
138 0 20172100 0
139 0 20013852 0
140 0 19358883 0
141 1 8011 5
142 0 20146781 0
143 0 17791181 0
144 1 135681 598
145 0 18798456 0
146 1 141857 609
147 0 19344838 0
148 0 19717366 0
149 0 15341001 0
150 0 18689666 0
151 0 15152723 0
152 0 19745361 0
153 1 126952 556
154 1 274318 1247
155 1 395594 1807
156 0 21525802 0
157 0 22480854 0
158 0 21044097 0
159 1 440212 2264
160 0 15708667 0
161 0 21116663 0
162 1 217821 966
163 0 15581674 0
164 1 1356331 6200
165 0 22291874 0
166 0 22797877 0
167 0 19401038 0
168 1 142836 630
169 0 19153585 0
170 0 15568726 0
171 0 19945337 0
172 0 18959284 0
173 0 15680517 0
174 0 20352970 0
175 0 15715654 0
176 0 19961390 0
177 0 18666622 0
178 0 21335146 0
179 0 15705511 0
180 0 18757159 0
181 0 20869974 0
182 1 140853 594
183 0 23003338 0
184 0 20609660 0
185 0 22530771 0
186 1 310183 1403
187 1 215736 955
188 0 19703962 0
189 0 20709270 0
190 1 10386 24
191 0 23021939 0
192 0 18283219 0
193 0 22526638 0
194 0 19704500 0
195 0 15822199 0
196 1 408018 1858
197 0 21820162 0
198 0 15796980 0
199 0 20333926 0
200 0 19536884 0
201 0 19881045 0
202 0 19830904 0
203 1 115022 499
204 0 19181436 0
205 0 20152516 0
206 1 17897 59
207 0 19916287 0
208 0 19314174 0
209 0 15160407 0
210 0 19917404 0
211 1 205033 899
212 1 419051 1930
213 0 21264694 0
214 1 394762 1751
215 0 15467390 0
216 0 19899854 0
217 0 19765949 0
218 0 19888578 0
219 0 15942184 0
220 1 125356 589
221 1 9186 27
222 0 19242936 0
223 1 483058 2201
224 1 36317 149
225 0 18913587 0
226 0 15505785 0
227 0 18844693 0
228 1 316796 1432
229 0 19595180 0
230 0 19466155 0
231 0 15541485 0
232 1 24992 70
233 1 368158 1636
234 1 92771 416
235 0 19384783 0
236 0 19568981 0
237 0 18938402 0
238 0 20006179 0
239 0 15735046 0
240 1 173506 724
241 0 19583449 0
242 0 19195413 0
243 1 328427 1491
244 0 18771064 0
245 0 18739128 0
246 0 19252572 0
247 0 20242155 0
248 0 19624573 0
249 1 367750 1674
250 0 19335433 0
251 0 20414015 0
252 0 19114359 0
253 1 165784 716
254 1 422878 1931
255 0 18358192 0
256 1 157251 667
257 0 19031231 0
258 1 77615 325
259 1 571285 2624
260 1 97623 434
261 0 19481177 0
262 1 543040 2479
263 1 245574 1119
264 1 329538 1513
265 0 19391830 0
266 0 19897291 0
267 0 20106963 0
268 1 491885 2255
269 0 19055323 0
270 0 19944315 0
271 0 22061529 0
272 0 21112889 0
273 0 21163896 0
274 0 19921833 0
275 0 18687955 0
276 0 19766822 0
277 0 20331680 0
278 0 15901677 0
279 0 15697628 0
280 0 20163289 0
281 0 19920717 0
282 0 19389821 0
283 1 286973 1279
284 0 15553392 0
285 0 19820596 0
286 1 196298 873
287 1 459744 2115
288 0 18865662 0
289 1 192120 948
290 0 22145442 0
291 0 20580421 0
292 1 353706 1603
293 0 20733951 0
294 1 49013 173
295 0 19120577 0
296 0 19304118 0
297 0 19644963 0
298 0 21852883 0
299 0 20457878 0
300 0 19243735 0
301 0 20373035 0
302 0 20114991 0
303 0 19914925 0
304 0 22390558 0
305 0 15686349 0
306 1 252394 1083
307 0 22172649 0
308 0 20036269 0
309 0 18712015 0
310 0 19267113 0
311 0 20080027 0
312 0 19658605 0
313 0 21508634 0
314 0 21952665 0
315 0 19186953 0
316 0 19682472 0
317 0 19218149 0
318 0 19161755 0
319 0 18898910 0
320 0 15635555 0
321 1 277938 1256
322 1 557281 2568
323 1 196822 893
324 0 19365863 0
325 1 359596 1642
326 0 15811420 0
327 1 177683 784
328 0 20741240 0
329 0 15669982 0
330 0 18605603 0
331 1 144167 623
332 0 19472482 0
333 0 15629297 0
334 0 18721861 0
335 1 140734 611
336 0 18951851 0
337 0 19137834 0
338 0 19212027 0
339 0 19552837 0
340 1 484719 2233
341 1 213925 953
342 0 19621584 0
343 0 19400677 0
344 1 88166 366
345 1 49856 217
346 0 19517709 0
347 0 19690272 0
348 1 19277 64
349 0 19883940 0
350 0 21561888 0
351 0 20828075 0
352 0 19759047 0
353 0 19111046 0
354 1 288897 1283
355 0 20160843 0
356 0 21186296 0
357 0 21162191 0
358 0 20036665 0
359 0 21118942 0
360 0 20230651 0
361 0 19029740 0
362 0 19432689 0
363 0 19519720 0
364 0 22174755 0
365 1 68146 277
366 1 46189 179
367 1 51212 223
368 1 206010 932
369 1 151218 654
370 0 19214469 0
371 1 406656 2101
372 0 23073811 0
373 0 15484361 0
374 0 21990372 0
375 0 20054298 0
376 1 110829 456
377 0 20407856 0
378 0 20195716 0
379 0 21410943 0
380 0 20065345 0
381 0 19750018 0
382 1 40950 143
383 0 20123187 0
384 1 644512 2953
385 0 21221786 0
386 0 21558786 0
387 0 15567054 0
388 0 22055379 0
389 0 20232053 0
390 0 20840067 0
391 0 19671928 0
392 0 19863806 0
393 1 56797 225
394 0 20164653 0
395 1 38302 162
396 0 20754045 0
397 0 20303008 0
398 1 209508 847
399 0 20129436 0
400 1 113386 479
401 0 15363430 0
402 1 761818 3489
403 1 175786 895
404 1 422077 1927
405 0 21065508 0
406 0 20781182 0
407 0 19973348 0
408 1 9254 20
409 0 22306820 0
410 1 173030 765
411 0 21377792 0
412 0 22009643 0
413 0 15618759 0
414 0 22341632 0
415 0 19200966 0
416 1 21031 73
417 1 838529 3848
418 0 20744412 0
419 1 16236 16
420 1 462828 2085
421 0 20168300 0
422 0 19898010 0
423 1 324086 1446
424 0 19566125 0
425 0 15688517 0
426 0 19581807 0
427 0 19411583 0
428 0 20561788 0
429 0 18780123 0
430 0 15764121 0
431 1 32076 126
432 0 19900346 0
433 0 21185812 0
434 1 241917 1216
435 0 19914206 0
436 1 505465 2600
437 0 20854261 0
438 0 21202704 0
439 0 20392855 0
440 0 19241750 0
441 0 20108387 0
442 0 21006193 0
443 0 19866962 0
444 0 22014862 0
445 0 22231273 0
446 0 21525724 0
447 1 203809 1012
448 1 248184 1126
449 0 21568138 0
450 1 98948 475
451 0 20636008 0
452 0 21848507 0
453 1 425094 1935
454 1 365334 1884
455 0 22230450 0
456 1 388668 1767
457 1 208848 951
458 0 22223353 0
459 0 19261240 0
460 0 21391106 0
461 0 22077079 0
462 0 22221179 0
463 0 21495053 0
464 0 15466180 0
465 0 20346191 0
466 0 21463952 0
467 0 21898350 0
468 0 15446969 0
469 1 191331 858
470 1 317299 1445
471 0 15337630 0
472 0 18877728 0
473 1 362678 1628
474 0 20736135 0
475 0 22480223 0
476 0 21402959 0
477 1 147847 647
478 0 20626447 0
479 0 22466201 0
480 1 327488 1483
481 0 21700704 0
482 0 19790377 0
483 0 15568516 0
484 0 19926856 0
485 1 117030 549
486 0 19758902 0
487 0 19512475 0
488 0 19586916 0
489 1 147670 619
490 0 19972936 0
491 0 19154074 0
492 0 20861102 0
493 0 21727079 0
494 0 19538688 0
495 0 19613777 0
496 0 15643323 0
497 0 19982318 0
498 0 19176182 0
499 0 20692382 0
500 1 238009 1224
501 0 19448289 0
502 0 18851937 0
503 0 20304262 0
504 1 253025 1139
505 0 19504946 0
506 0 18906411 0
507 0 20256762 0
508 0 20636083 0
509 0 19174853 0
510 0 19521896 0
511 1 190744 859
512 1 86310 370
513 0 19783185 0
514 0 18840701 0
515 0 20445953 0
516 0 20491187 0
517 0 20725350 0
518 0 19448773 0
519 1 322134 1473
520 0 19350866 0
521 0 20148226 0
522 0 19872995 0
523 0 18774219 0
524 0 19528528 0
525 0 19688115 0
526 0 15244698 0
527 0 15714033 0
528 0 19583069 0
529 0 15613027 0
530 1 337552 1529
531 1 148345 671
532 0 18952519 0
533 0 18762531 0
534 1 260869 1173
535 1 531209 2419
536 0 19742491 0
537 0 19177952 0
538 0 20134336 0
539 0 20508392 0
540 0 22451353 0
541 0 22206522 0
542 1 1019706 4666
543 1 186057 838
544 0 21462639 0
545 1 390074 1767
546 1 30421 113
547 0 20540949 0
548 0 19790140 0
549 0 21036564 0
550 0 19381111 0
551 0 19071874 0
552 1 501332 2262
553 0 19794419 0
554 0 18603552 0
555 0 18745559 0
556 0 19369342 0
557 0 19230010 0
558 1 358109 1622
559 0 22168492 0
560 0 21428857 0
561 0 19235950 0
562 0 19289053 0
563 1 385830 1753
564 0 18260535 0
565 0 21416246 0
566 0 20973228 0
567 0 19501009 0
568 0 15549441 0
569 0 20547801 0
570 0 19660896 0
571 0 19285283 0
572 0 15659601 0
573 0 20601953 0
574 0 15497933 0
575 1 69577 293
576 0 20068750 0
577 1 366002 1618
578 1 478778 2197
579 1 434320 2000
580 0 20099536 0
581 1 319877 1642
582 1 353500 1612
583 0 19094409 0
584 0 19150815 0
585 0 20091994 0
586 0 19406368 0
587 0 15896742 0
588 0 20251341 0
589 0 21395413 0
590 0 20008365 0
591 1 109421 465
592 0 20745700 0
593 1 54681 216
594 0 18997777 0
595 1 121158 529
596 1 282390 1284
597 0 15937640 0
598 0 19217694 0
599 1 675671 3087
600 1 73225 343
601 0 20287104 0
602 0 20230083 0
603 0 19181229 0
604 1 501407 2302
605 1 621817 2868
606 0 19942783 0
607 0 20708635 0
608 0 19717529 0
609 0 21824658 0
610 0 22432481 0
611 1 19966 71
612 1 186922 849
613 0 22870378 0
614 0 19498060 0
615 0 21322589 0
616 0 22405332 0
617 1 199568 869
618 0 21796838 0
619 1 241163 1089
620 0 20358286 0
621 0 21679606 0
622 0 21433128 0
623 0 15514856 0
624 0 21534010 0
625 1 136590 598
626 0 20126839 0
627 1 42891 167
628 0 19176287 0
629 0 21705792 0
630 0 20005556 0
631 1 549765 2503
632 0 20239132 0
633 1 61807 251
634 0 19788458 0
635 1 672353 3080
636 1 53904 227
637 0 23133994 0
638 0 20332595 0
639 0 21801606 0
640 0 20501808 0
641 1 371716 1673
642 0 18598485 0
643 1 492671 2554
644 1 381781 1750
645 0 18899398 0
646 0 20643408 0
647 0 18966417 0
648 1 92525 455
649 0 19024431 0
650 0 19412466 0
651 0 15573874 0
652 0 19136929 0
653 0 21654434 0
654 0 21512796 0
655 0 20212412 0
656 0 18829025 0
657 1 323957 1678
658 0 19163366 0
659 0 19626784 0
660 0 19573082 0
661 0 18854011 0
662 0 19597800 0
663 0 19917692 0
664 0 19440823 0
665 0 20639524 0
666 0 22368705 0
667 0 19568363 0
668 0 19250959 0
669 0 22612898 0
670 1 180443 808
671 0 21517533 0
672 0 15488465 0
673 1 482543 2205
674 1 388663 1785
675 0 19566687 0
676 0 19786610 0
677 0 19121666 0
678 1 272274 1049
679 1 429249 1967
680 1 700803 3217
681 0 18632364 0
682 0 21699340 0
683 0 15929365 0
684 0 19163492 0
685 0 21636575 0
686 0 22068782 0
687 0 19620666 0
688 0 22567611 0
689 0 21690852 0
690 0 21848231 0
691 0 20898276 0
692 0 19723483 0
693 0 21790521 0
694 1 24936 86
695 0 21484515 0
696 0 20376834 0
697 0 20279939 0
698 1 194742 857
699 0 21312535 0
700 0 22532070 0
701 0 20930807 0
702 0 20885063 0
703 1 218521 926
704 0 15512320 0
705 0 19522171 0
706 0 21097822 0
707 0 19809842 0
708 0 18632366 0
709 1 402463 1826
710 1 197770 899
711 0 18208994 0
712 0 19747309 0
713 1 124609 602
714 0 19402113 0
715 0 15440978 0
716 1 175428 778
717 0 22379873 0
718 0 20002707 0
719 0 19464488 0
720 0 19338697 0
721 0 19457314 0
722 0 20386553 0
723 0 15980529 0
724 0 18884216 0
725 1 16501 48
726 0 15729880 0
727 0 19407612 0
728 0 23073943 0
729 0 21603173 0
730 0 21444606 0
731 1 146544 637
732 1 103502 464
733 1 327923 1491
734 0 20743053 0
735 0 19839234 0
736 0 21475142 0
737 0 15317822 0
738 0 21705917 0
739 0 22878646 0
740 0 22913169 0
741 1 32366 111
742 1 277725 1269
743 0 15156355 0
744 1 171873 755
745 0 21066519 0
746 0 15787862 0
747 0 18776278 0
748 0 19706769 0
749 1 100903 465
750 0 20779035 0
751 0 15600531 0
752 1 636428 2921
753 1 167614 757
754 1 297687 1359
755 1 216027 988
756 0 18972773 0
757 0 22051670 0
758 1 361318 1858
759 0 22325281 0
760 0 20036502 0
761 0 20535336 0
762 0 21980042 0
763 0 15824273 0
764 0 17409263 0
765 0 21067768 0
766 0 19722943 0
767 0 21404064 0
768 0 15374907 0
769 0 21654109 0
770 1 115043 465
771 1 400444 1837
772 1 318325 1455
773 0 20286517 0
774 0 20261869 0
775 1 141792 625
776 0 22206114 0
777 0 21202618 0
778 0 19754750 0
779 0 18574852 0
780 0 15609887 0
781 0 20852333 0
782 0 17769370 0
783 1 94199 393
784 0 21982570 0
785 1 359899 1840
786 1 515782 2324
787 0 20146675 0
788 1 105591 463
789 0 19217482 0
790 0 20415131 0
791 1 299523 1526
792 0 22182155 0
793 0 21298483 0
794 0 19738362 0
795 1 17816 51
796 1 536924 2811
797 0 19450841 0
798 1 339340 1537
799 0 19884036 0
800 0 18953986 0
801 0 19766245 0
802 1 140962 653
803 1 299585 1370
804 0 20532712 0
805 1 235172 1055
806 0 19451185 0
807 1 138671 591
808 0 18929101 0
809 1 268494 1200
810 0 19129733 0
811 0 20142216 0
812 0 19166166 0
813 0 20558282 0
814 0 18658300 0
815 0 20040606 0
816 0 20374501 0
817 0 21105961 0
818 0 22952813 0
819 0 20374934 0
820 0 20998531 0
821 0 21371478 0
822 0 19831603 0
823 0 19580605 0
824 0 20846450 0
825 0 20272906 0
826 0 22016688 0
827 0 22792147 0
828 0 15601759 0
829 0 21385300 0
830 0 20083852 0
831 0 19447960 0
832 0 20225123 0
833 0 20366141 0
834 0 16049600 0
835 0 19652748 0
836 1 490472 2229
837 0 20718079 0
838 1 240746 1072
839 0 21812866 0
840 0 20520878 0
841 0 22395908 0
842 0 20529073 0
843 0 20866543 0
844 0 20409297 0
845 0 22479025 0
846 0 19352235 0
847 0 21854190 0
848 1 112437 481
849 0 22316222 0
850 1 186601 942
851 0 20550115 0
852 0 21133074 0
853 1 598037 2730
854 0 20328801 0
855 0 19746707 0
856 1 232348 1184
857 0 22645851 0
858 0 20977582 0
859 0 20552680 0
860 1 243258 1097
861 0 19628205 0
862 0 15890417 0
863 0 19330823 0
864 1 356521 1621
865 1 672799 3085
866 0 20563719 0
867 1 235591 1197
868 1 822548 3804
869 1 693251 3154
870 0 19232894 0
871 1 78754 340
872 0 15655003 0
873 0 19266143 0
874 0 15859804 0
875 0 19616196 0
876 0 19167188 0
877 0 22642538 0
878 0 19787254 0
879 0 20871107 0
880 0 20128290 0
881 1 241573 1204
882 0 18606389 0
883 0 21429625 0
884 0 20589647 0
885 0 15532729 0
886 0 19873407 0
887 0 21952998 0
888 0 22283712 0
889 0 21267978 0
890 0 21451112 0
891 1 289980 1296
892 1 156014 705
893 1 373037 1697
894 1 584105 2669
895 0 21534335 0
896 0 22261281 0
897 0 15620240 0
898 0 20818132 0
899 1 226019 1021
900 0 22709312 0
901 1 160476 788
902 0 15961353 0
903 0 20594530 0
904 1 264035 1185
905 0 20574445 0
906 0 22249573 0
907 0 19631717 0
908 0 21420809 0
909 0 15539143 0
910 0 15672207 0
911 0 19975268 0
912 0 15818573 0
913 1 462342 2103
914 0 21208277 0
915 0 15744704 0
916 0 19916425 0
917 0 18977800 0
918 0 20201745 0
919 1 52042 197
920 0 19504870 0
921 0 21019156 0
922 0 19872618 0
923 0 22158286 0
924 0 20075811 0
925 1 619901 2832
926 0 22222537 0
927 0 19735484 0
928 1 173728 866
929 1 66286 293
930 0 19421838 0
931 0 19260496 0
932 0 21842183 0
933 0 21081508 0
934 0 22100440 0
935 0 20175946 0
936 0 18709206 0
937 0 15986538 0
938 0 19401081 0
939 0 19510683 0
940 0 15732327 0
941 0 19536336 0
942 0 15530374 0
943 0 18823432 0
944 0 19762834 0
945 0 18848604 0
946 1 90159 401
947 0 18564085 0
948 0 20137757 0
949 0 20031015 0
950 0 19285445 0
951 0 21393478 0
952 0 19805628 0
953 0 18219737 0
954 0 18463499 0
955 0 15594858 0
956 1 464623 2407
957 0 19288130 0
958 0 20170888 0
959 0 15658155 0
960 1 566896 2606
961 1 607885 2782
962 0 19677956 0
963 1 374181 1672
964 0 19433819 0
965 1 753335 3456
966 1 590600 3070
967 0 22754298 0
968 0 20162277 0
969 1 292075 1290
970 0 22314949 0
971 1 57372 219
972 0 20830361 0
973 0 15490131 0
974 0 20908722 0
975 1 326851 1484
976 1 34064 125
977 0 19610523 0
978 0 19181727 0
979 0 19531991 0
980 0 22252107 0
981 0 21003116 0
982 1 274297 1384
983 0 19599688 0
984 0 15279327 0
985 0 15802753 0
986 0 19981825 0
987 0 19849833 0
988 0 15422406 0
989 0 20860914 0
990 1 557629 2569
991 1 1055032 4840
992 0 22554101 0
993 0 20409148 0
994 0 20419939 0
995 0 15307802 0
996 1 768084 3512
997 1 326797 1497
998 1 532537 2449
999 0 19631464 0
1000 0 19277470 0
1001 1 260485 1153
1002 0 19035603 0
1003 1 352326 1609
1004 0 18790222 0
1005 1 513161 2347
1006 1 455236 2082
1007 1 205716 940
1008 0 21719083 0
1009 1 164462 673
1010 1 410568 1889
1011 0 19455001 0
1012 1 497572 2266
1013 1 277643 1269
1014 0 18585574 0
1015 0 18869995 0
1016 0 20473893 0
1017 1 276600 1261
1018 1 136350 615
1019 0 19971534 0
1020 0 19426290 0
1021 0 21720742 0
1022 1 288831 1316
1023 0 19415956 0
1024 0 22109379 0
1025 1 83925 344
1026 1 377843 1727
1027 0 21486393 0
1028 0 20759418 0
1029 0 20546746 0
1030 0 20096894 0
1031 0 22816010 0
1032 0 20439298 0
1033 0 19849151 0
1034 0 18968788 0
1035 0 20351243 0
1036 0 21816434 0
1037 0 20194038 0
1038 1 254581 1142
1039 0 15866904 0
1040 0 20289097 0
1041 0 21091596 0
1042 1 916302 4217
1043 1 194957 876
1044 0 19796545 0
1045 0 15801994 0
1046 0 19652363 0
1047 0 19617700 0
1048 0 19903624 0
1049 1 905083 4165
1050 1 222142 1013
1051 0 19081335 0
1052 0 15588165 0
1053 0 15645338 0
1054 0 19138318 0
1055 1 367708 1665
1056 1 158165 717
1057 0 19119158 0
1058 0 15837933 0
1059 0 19810757 0
1060 1 12213 25
1061 0 21043868 0
1062 0 15947727 0
1063 1 155904 769
1064 1 472947 2461
1065 0 19143132 0
1066 0 15772355 0
1067 1 602687 2766
1068 0 19584045 0
1069 1 134012 566
1070 0 20869868 0
1071 0 19969013 0
1072 0 19013919 0
1073 1 303098 1386
1074 0 19588367 0
1075 1 309843 1403
1076 1 15487 56
1077 1 420426 1932
1078 0 18661219 0
1079 0 19233737 0
1080 0 19194298 0
1081 0 19374688 0
1082 0 20881155 0
1083 1 457145 2368
1084 0 18726389 0
1085 0 19792973 0
1086 0 19382853 0
1087 1 571537 2605
1088 0 18935440 0
1089 1 170804 734
1090 0 19485416 0
1091 0 19478242 0
1092 1 389134 1748
1093 0 21849717 0
1094 1 414543 1884
1095 0 20255602 0
1096 0 15903240 0
1097 0 19985461 0
1098 0 19168899 0
1099 0 19425020 0
1100 1 329812 1698
1101 0 21555222 0
1102 0 21946132 0
1103 1 153221 639
1104 1 89530 400
1105 0 21655155 0
1106 1 145207 715
1107 0 19377651 0
1108 0 15190200 0
1109 0 19127695 0
1110 0 20202193 0
1111 0 21366007 0
1112 1 112083 477
1113 0 20025960 0
1114 1 382760 1736
1115 0 19769223 0
1116 0 19413479 0
1117 1 77564 332
1118 1 10080 33
1119 1 481830 2215
1120 1 137744 623
1121 0 19704134 0
1122 1 409614 1865
1123 0 19485758 0
1124 1 411852 1885
1125 0 19229021 0
1126 0 19930405 0
1127 0 20419305 0
1128 0 18672986 0
1129 1 257570 1160
1130 0 19996314 0
1131 1 125469 542
1132 0 19823398 0
1133 1 336763 1531
1134 1 382380 1755
1135 0 19389798 0
1136 0 18827044 0
1137 0 19679694 0
1138 1 304534 1371
1139 0 20020679 0
1140 1 207847 1046
1141 0 19278910 0
1142 0 15500665 0
1143 1 334534 1495
1144 1 1188179 5475
1145 0 18814136 0
1146 0 18794620 0
1147 0 19605923 0
1148 1 220815 962
1149 0 20756344 0
1150 1 355060 1605
1151 0 22342747 0
1152 0 19589134 0
1153 0 22186747 0
1154 0 19732353 0
1155 1 267276 1371
1156 1 104147 527
1157 0 20544521 0
1158 0 19102131 0
1159 0 18701336 0
1160 1 173531 748
1161 0 22765196 0
1162 1 592728 2708
1163 0 21115867 0
1164 0 15385711 0
1165 0 20278937 0
1166 1 171517 766
1167 1 322929 1473
1168 1 241318 1080
1169 0 18875777 0
1170 0 19834667 0
1171 1 99830 490
1172 1 243844 1109
1173 0 20099795 0
1174 0 22174552 0
1175 0 21295949 0
1176 0 21133315 0
1177 1 162258 697
1178 0 22147069 0
1179 0 21605017 0
1180 1 265287 1374
1181 0 15552546 0
1182 1 250355 1272
1183 1 304802 1377
1184 1 229525 1014
1185 1 272342 1240
1186 0 19941507 0
1187 0 20191115 0
1188 0 22543209 0
1189 1 143664 614
1190 1 416824 1772
1191 1 418108 1921
1192 0 19107350 0
1193 1 126109 549
1194 0 19850000 0
1195 0 22456546 0
1196 0 19274633 0
1197 0 19909180 0
1198 0 21154230 0
1199 0 23151855 0
0 0 19611239 0
1 0 19138414 0
2 1 679857 3126
3 1 30344 123
4 0 21837879 0
5 0 18861966 0
6 1 229639 1038
7 0 18418453 0
8 0 20266923 0
9 0 20126233 0
10 0 19070769 0
11 1 113321 570
12 1 291442 1329
13 0 19276956 0
14 0 21071952 0
15 1 106212 434
16 0 21481215 0
17 1 56003 235
18 1 550988 2523
19 0 21783653 0
20 1 454759 2062
21 0 15658215 0
22 0 21444491 0
23 0 15517693 0
24 0 19998727 0
25 1 139617 614
26 0 20227981 0
27 0 20294360 0
28 0 19160297 0
29 1 325517 1483
30 0 21275838 0
31 1 841271 3827
32 1 793015 3653
33 0 19177379 0
34 1 54741 215
35 0 18427143 0
36 0 19311955 0
37 0 18999755 0
38 0 15649853 0
39 0 18988567 0
40 1 98366 426
41 0 19366694 0
42 1 508960 2338
43 0 22242971 0
44 1 792081 3632
45 1 537092 2470
46 0 20927682 0
47 1 391193 1779
48 0 19943816 0
49 0 19447349 0
50 0 18764767 0
51 1 115792 507
52 0 18845121 0
53 1 218590 956
54 1 303731 1386
55 0 18746074 0
56 0 20200525 0
57 1 195486 882
58 0 20324584 0
59 0 15934028 0
60 0 19062490 0
61 0 18843638 0
62 0 21483545 0
63 1 182580 905
64 1 140432 638
65 0 19299847 0
66 1 466298 2416
67 0 21723224 0
68 0 22127582 0
69 0 15680889 0
70 0 19543383 0
71 1 249664 1127
72 1 493784 2266
73 0 19542852 0
74 1 303616 1378
75 0 18915630 0
76 0 21140480 0
77 1 620051 2598
78 1 17753 50
79 1 108593 471
80 0 19109751 0
81 0 19477015 0
82 0 20932606 0
83 1 75678 368
84 1 1069800 4939
85 1 174145 792
86 0 21916266 0
87 0 20493235 0
88 1 356155 1582
89 0 19731378 0
90 0 22048406 0
91 1 371333 1699
92 0 20720938 0
93 0 19283905 0
94 0 19252723 0
95 0 15277634 0
96 0 19871001 0
97 0 19445537 0
98 0 19257403 0
99 0 15925947 0
100 0 22626315 0
101 0 20546197 0
102 0 20979687 0
103 1 266435 1360
104 0 19233425 0
105 0 20993252 0
106 0 22084139 0
107 0 20442927 0
108 0 20342234 0
109 0 19599927 0
110 0 21657712 0
111 0 20903906 0
112 0 21180657 0
113 1 718012 3273
114 0 22907052 0
115 0 19447625 0
116 1 455454 2077
117 0 15756700 0
118 0 19744568 0
119 1 95575 364
120 0 15694815 0
121 1 354987 1610
122 0 21042769 0
123 1 183240 801
124 1 20785 80
125 1 705051 3228
126 0 19907454 0
127 1 378041 1719
128 0 21977469 0
129 0 20056721 0
130 0 22472652 0
131 0 15553433 0
132 0 19919810 0
133 0 19077710 0
134 0 21834763 0
135 1 684974 3122
136 1 567070 2594
137 1 93886 471
138 0 21177655 0
139 0 19619381 0
140 0 15377802 0
141 0 21197073 0
142 1 361607 1647
143 0 22166663 0
144 0 20912134 0
145 0 22756655 0
146 0 18366360 0
147 0 15691358 0
148 0 20107077 0
149 0 15613034 0
150 0 18475912 0
151 0 19716978 0
152 1 90569 397
153 1 35904 152
154 0 20084084 0
155 0 19767998 0
156 0 19218866 0
157 0 20024677 0
158 0 19109990 0
159 0 20449494 0
160 0 19842666 0
161 1 358605 1839
162 0 18797262 0
163 0 15716738 0
164 0 20431632 0
165 0 19369422 0
166 0 18797986 0
167 0 20637891 0
168 1 284186 1287
169 1 210164 957
170 0 19084104 0
171 1 675099 3087
172 1 688174 3170
173 1 206007 917
174 1 235850 1052
175 0 19072873 0
176 1 391274 1762
177 0 19227671 0
178 0 19457259 0
179 0 19098151 0
180 0 19127341 0
181 0 19300301 0
182 0 19758247 0
183 0 20270562 0
184 1 53408 213
185 0 16022358 0
186 0 18980337 0
187 0 19716717 0
188 0 19301186 0
189 1 126697 561
190 0 19147530 0
191 1 80378 315
192 0 18885429 0
193 0 19843674 0
194 0 19210359 0
195 0 19634262 0
196 0 15306260 0
197 0 19346755 0
198 1 35810 141
199 0 21832838 0
200 1 38628 148
201 0 21848508 0
202 0 19788243 0
203 0 19491208 0
204 0 19485584 0
205 0 19665724 0
206 0 15508200 0
207 0 19938974 0
208 0 19366933 0
209 0 19986067 0
210 0 18801846 0
211 0 18882032 0
212 0 19452969 0
213 0 19324636 0
214 1 51900 207
215 0 20909022 0
216 0 22833867 0
217 1 26024 91
218 0 21670573 0
219 0 20408166 0
220 1 304023 1377
221 0 20529904 0
222 0 15774899 0
223 0 20322746 0
224 0 19318727 0
225 1 42848 160
226 0 20478187 0
227 0 22490421 0
228 0 21687413 0
229 0 15125602 0
230 0 18869667 0
231 1 576990 2640
232 0 19788358 0
233 0 18894935 0
234 0 22009861 0
235 0 21229367 0
236 0 15852019 0
237 0 19999515 0
238 0 15355304 0
239 0 15678131 0
240 0 18974489 0
241 0 18537976 0
242 0 18437010 0
243 0 20134993 0
244 0 19342641 0
245 0 19113002 0
246 0 21236033 0
247 0 21549090 0
248 1 62942 273
249 1 520795 2395
250 0 22150856 0
251 0 22730627 0
252 0 22733195 0
253 0 15759319 0
254 0 19656762 0
255 0 15513768 0
256 0 19724962 0
257 0 20322613 0
258 0 18969402 0
259 1 259430 1175
260 0 20088524 0
261 0 21636549 0
262 0 21180697 0
263 1 313207 1388
264 0 21863501 0
265 0 15580756 0
266 0 15210450 0
267 0 20352052 0
268 0 19458608 0
269 1 236604 1054
270 1 65845 285
271 1 336424 1544
272 0 19595334 0
273 1 152259 760
274 0 20605319 0
275 0 19609903 0
276 0 19921636 0
277 0 18857573 0
278 0 18643610 0
279 0 18885031 0
280 0 19825829 0
281 0 15349656 0
282 0 20417102 0
283 0 22526683 0
284 0 22228766 0
285 0 15521514 0
286 1 348723 1584
287 0 15643487 0
288 1 104667 423
289 0 20494563 0
290 0 19393541 0
291 0 19155254 0
292 0 20525890 0
293 0 15385174 0
294 0 20086829 0
295 0 20547778 0
296 1 117870 580
297 0 20274204 0
298 0 18672744 0
299 1 237727 1073
300 1 414598 1899
301 1 9884 30
302 0 18653047 0
303 1 199131 876
304 1 66304 294
305 1 467993 2158
306 0 19508034 0
307 0 15563162 0
308 0 18935285 0
309 1 484696 2195
310 0 21520919 0
311 0 15683237 0
312 1 65300 259
313 1 5432 11
314 1 394187 1820
315 0 18652203 0
316 0 22526858 0
317 0 21366319 0
318 1 170288 751
319 0 19173463 0
320 0 18852715 0
321 1 200514 868
322 0 21754224 0
323 0 19522569 0
324 1 61323 254
325 1 263212 1203
326 1 420021 1930
327 0 22185323 0
328 0 19924516 0
329 0 15700030 0
330 0 15532047 0
331 0 19164046 0
332 1 503102 2303
333 0 19547091 0
334 1 82607 346
335 1 143371 650
336 0 19515556 0
337 0 19019620 0
338 0 19253258 0
339 1 17012 22
340 1 840492 3802
341 1 291790 1323
342 0 18985301 0
343 1 819688 3752
344 0 21463026 0
345 0 19220206 0
346 0 21946088 0
347 1 146062 649
348 1 451875 2057
349 1 132022 586
350 0 22459573 0
351 0 19715985 0
352 0 20329022 0
353 1 277606 1239
354 1 390840 1745
355 0 19220284 0
356 0 19342009 0
357 0 22665940 0
358 0 22471178 0
359 1 442272 2005
360 0 22228867 0
361 0 20646772 0
362 1 375495 1717
363 1 220027 1127
364 0 22301375 0
365 0 15221153 0
366 0 17605834 0
367 0 21706085 0
368 1 438587 2007
369 0 20635523 0
370 1 509397 2320
371 1 256954 1169
372 0 20629088 0
373 0 19178644 0
374 0 18744523 0
375 0 15630063 0
376 1 520714 2324
377 1 31246 130
378 0 19235303 0
379 0 18715607 0
380 0 19224864 0
381 1 427869 1936
382 0 19168228 0
383 0 20083270 0
384 1 296051 1318
385 0 20588877 0
386 1 369683 1669
387 0 20751078 0
388 0 19151390 0
389 0 22046174 0
390 1 601413 2754
391 0 22177740 0
392 1 1063389 4886
393 0 16182522 0
394 0 22350337 0
395 1 153617 763
396 0 20108003 0
397 0 19514929 0
398 0 19939080 0
399 1 300017 1359
400 1 96452 428
401 0 19857921 0
402 0 19377331 0
403 0 20550263 0
404 1 139237 599
405 0 20099787 0
406 0 19748344 0
407 0 18052423 0
408 0 19457669 0
409 0 19450924 0
410 0 19211711 0
411 0 20978318 0
412 0 20500108 0
413 1 272778 1387
414 1 295229 1322
415 1 245474 1117
416 0 19474469 0
417 1 175965 794
418 1 95419 425
419 0 18661817 0
420 0 19433977 0
421 0 15542583 0
422 0 18738929 0
423 0 18659212 0
424 1 70261 341
425 1 474093 2176
426 0 21816978 0
427 0 20401880 0
428 0 22517251 0
429 1 995084 4590
430 0 15715408 0
431 1 379771 1726
432 0 19499423 0
433 0 19779623 0
434 1 248996 1123
435 0 18832931 0
436 0 22239903 0
437 0 22516205 0
438 1 314186 1401
439 0 20463884 0
440 0 19050528 0
441 0 22194090 0
442 1 200936 869
443 1 133078 592
444 0 22993150 0
445 0 22179395 0
446 1 54444 214
447 1 119784 529
448 1 30559 123
449 0 18897872 0
450 0 22507536 0
451 1 400528 2083
452 1 680921 3078
453 0 22168579 0
454 0 19114779 0
455 0 19890227 0
456 0 19055792 0
457 0 19069930 0
458 0 20904206 0
459 0 15537696 0
460 0 21681082 0
461 0 19592233 0
462 0 15624642 0
463 0 19887458 0
464 1 564715 2589
465 0 19771861 0
466 0 15593693 0
467 0 18914758 0
468 0 15466896 0
469 1 9820 13
470 0 19507789 0
471 1 553271 2538
472 1 139012 626
473 0 18644424 0
474 0 18686970 0
475 0 20049608 0
476 1 500688 2275
477 1 720938 3312
478 0 22176690 0
479 0 19429290 0
480 0 20806645 0
481 0 22476215 0
482 1 465104 2102
483 0 19503615 0
484 0 22875304 0
485 1 71216 308
486 0 21753305 0
487 1 771946 3549
488 1 456825 2057
489 1 376535 1733
490 0 20095914 0
491 0 19620729 0
492 0 15425918 0
493 0 15691512 0
494 0 19035623 0
495 0 22924699 0
496 0 22232959 0
497 1 189142 819
498 0 19814024 0
499 1 232477 1055
500 0 18537179 0
501 0 20329640 0
502 0 19601148 0
503 0 22626285 0
504 0 19000755 0
505 1 600878 2726
506 0 19094083 0
507 0 19241682 0
508 1 572170 2605
509 0 18874278 0
510 0 22418424 0
511 0 22122619 0
512 0 16039903 0
513 0 21118809 0
514 0 22664949 0
515 0 20267303 0
516 1 117296 489
517 0 20176774 0
518 0 19776640 0
519 0 19703225 0
520 0 18671329 0
521 0 22664386 0
522 0 20770997 0
523 0 19279126 0
524 0 19337025 0
525 1 223471 1000
526 0 19777820 0
527 0 21480306 0
528 1 302796 1545
529 1 120214 526
530 1 406836 1868
531 0 20386259 0
532 0 15688246 0
533 0 19589619 0
534 0 19083705 0
535 0 19450883 0
536 1 108181 469
537 0 19332724 0
538 0 15946940 0
539 1 933926 4292
540 0 20099777 0
541 0 19094802 0
542 0 21690478 0
543 1 118249 509
544 0 19421191 0
545 1 90643 372
546 0 18830743 0
547 0 22548655 0
548 0 20477522 0
549 1 238035 1086
550 1 696391 3200
551 1 95366 426
552 1 469541 2172
553 0 19718874 0
554 0 19595110 0
555 1 123252 513
556 1 344080 1582
557 0 21480679 0
558 1 175743 774
559 0 19841325 0
560 0 21280818 0
561 0 19504053 0
562 1 101927 438
563 0 20994793 0
564 0 19006870 0
565 0 22204516 0
566 1 427108 1931
567 0 20593498 0
568 1 234938 1041
569 0 19795681 0
570 0 16065673 0
571 0 15734097 0
572 0 20207351 0
573 0 19975404 0
574 0 19222365 0
575 1 191579 861
576 1 170217 769
577 0 19457420 0
578 1 392103 1798
579 1 44536 164
580 0 19576467 0
581 0 18862501 0
582 0 18762614 0
583 1 290223 1318
584 0 18816560 0
585 0 20261725 0
586 1 176305 794
587 1 208955 925
588 0 22108173 0
589 0 22195917 0
590 0 19793141 0
591 0 15123986 0
592 0 19511695 0
593 0 20523575 0
594 0 19858907 0
595 0 19899405 0
596 1 75208 328
597 0 15542142 0
598 0 19321089 0
599 0 19626777 0
600 1 63044 263
601 0 19792842 0
602 0 15644291 0
603 0 21225684 0
604 0 20541256 0
605 0 19264542 0
606 0 18745547 0
607 0 19271011 0
608 0 15476836 0
609 1 728673 3319
610 0 18766667 0
611 0 18628765 0
612 0 19320672 0
613 0 21345130 0
614 1 704695 3200
615 0 19219319 0
616 0 18955211 0
617 0 20652226 0
618 1 429125 1956
619 0 20893530 0
620 0 22191044 0
621 0 15654291 0
622 0 20723283 0
623 1 124194 550
624 0 22732015 0
625 1 293791 1320
626 1 828859 3843
627 0 20837587 0
628 0 15834004 0
629 0 20687590 0
630 0 22590669 0
631 1 389664 2002
632 0 20641847 0
633 0 20444306 0
634 0 18749497 0
635 0 15609313 0
636 0 20246786 0
637 0 21966442 0
638 0 19595107 0
639 0 21653463 0
640 0 15572590 0
641 1 430765 1962
642 0 20730125 0
643 0 20354575 0
644 0 15557259 0
645 0 19214926 0
646 1 174898 780
647 1 292927 1340
648 0 19189620 0
649 0 22759957 0
650 1 249193 1122
651 0 15717595 0
652 0 21786220 0
653 0 20950416 0
654 0 15414535 0
655 0 19266747 0
656 1 432258 1978
657 0 19510437 0
658 0 22475072 0
659 0 22545229 0
660 0 22995047 0
661 1 37034 151
662 0 21879396 0
663 0 22158528 0
664 1 346881 1568
665 0 20632425 0
666 0 19220117 0
667 0 19142536 0
668 0 22617834 0
669 1 45946 176
670 1 437344 2006
671 0 21583501 0
672 0 21206713 0
673 0 20369056 0
674 1 170291 854
675 0 22531413 0
676 0 19397974 0
677 1 214229 955
678 1 140948 635
679 0 19568715 0
680 0 19196753 0
681 0 22516358 0
682 0 21173527 0
683 0 20153664 0
684 0 20934990 0
685 1 176537 792
686 0 20702677 0
687 1 247970 1248
688 0 20503362 0
689 0 15891637 0
690 0 19345891 0
691 0 22245677 0
692 0 20329057 0
693 0 20220301 0
694 0 19946695 0
695 0 18900861 0
696 1 510466 2328
697 0 19192608 0
698 0 18620272 0
699 1 39481 121
700 1 985828 4547
701 0 18513776 0
702 0 19183555 0
703 0 20123772 0
704 1 166386 693
705 0 20786531 0
706 0 19677910 0
707 1 197323 865
708 1 73037 322
709 0 22895163 0
710 0 15658683 0
711 1 394710 1794
712 0 20937255 0
713 0 20022518 0
714 0 19749326 0
715 1 74560 295
716 0 15741852 0
717 0 19881012 0
718 0 15552447 0
719 1 111020 454
720 0 19334258 0
721 0 19976852 0
722 0 19501737 0
723 1 294888 1330
724 0 18457960 0
725 0 16029059 0
726 1 561286 2569
727 0 21469591 0
728 1 28734 106
729 0 20966889 0
730 0 15754498 0
731 0 20165706 0
732 0 19084076 0
733 1 404914 1816
734 0 22070734 0
735 0 15627870 0
736 0 19763354 0
737 0 19523644 0
738 1 194541 884
739 1 270655 1230
740 0 19696612 0
741 0 18973345 0
742 0 19077646 0
743 1 332680 1683
744 0 19417019 0
745 0 15258390 0
746 1 148531 671
747 0 20467776 0
748 1 343557 1755
749 0 21087670 0
750 0 19677560 0
751 0 15706753 0
752 1 50373 198
753 1 150957 585
754 1 43413 170
755 0 20302313 0
756 0 19588541 0
757 0 18995452 0
758 0 15752716 0
759 1 382447 1984
760 0 20607977 0
761 0 15568552 0
762 1 301974 1363
763 0 22383059 0
764 0 15914552 0
765 0 15609710 0
766 0 15598057 0
767 0 19407862 0
768 0 18687358 0
769 0 19320190 0
770 0 19172472 0
771 1 58855 267
772 0 15447946 0
773 1 251510 1279
774 0 22933778 0
775 0 15623306 0
776 0 20547229 0
777 0 22073002 0
778 0 19062219 0
779 1 270837 1215
780 0 21470386 0
781 1 728845 3328
782 0 19487043 0
783 0 19557523 0
784 1 64644 273
785 0 15523788 0
786 1 200882 903
787 0 19118231 0
788 0 19074710 0
789 0 19425279 0
790 0 19927791 0
791 0 23022037 0
792 0 21340154 0
793 0 20632817 0
794 0 20293515 0
795 0 20637856 0
796 0 20050767 0
797 1 330452 1416
798 1 70876 308
799 0 18901326 0
800 1 104397 446
801 0 15686562 0
802 0 19631763 0
803 1 191854 945
804 1 230822 1052
805 1 275523 1258
806 0 19196956 0
807 0 15591051 0
808 0 19424559 0
809 1 561700 2545
810 0 19139903 0
811 0 19139334 0
812 0 19760293 0
813 1 54561 217
814 1 586393 2688
815 0 19633038 0
816 0 20406543 0
817 0 18571887 0
818 0 19666517 0
819 0 15725853 0
820 0 19734194 0
821 1 322997 1453
822 0 22415746 0
823 0 19771128 0
824 0 18969801 0
825 1 314164 1427
826 0 22386853 0
827 0 22850203 0
828 0 22335291 0
829 0 18520703 0
830 0 19816504 0
831 0 20999037 0
832 0 23073240 0
833 0 18889364 0
834 0 22204224 0
835 0 20338559 0
836 1 186267 824
837 0 19201942 0
838 1 292447 1333
839 0 20196405 0
840 0 18960586 0
841 1 174833 760
842 1 256759 1324
843 0 21025681 0
844 1 63911 265
845 0 15570038 0
846 1 285932 1306
847 0 15824384 0
848 0 19431262 0
849 0 15692224 0
850 0 15605582 0
851 0 19215366 0
852 0 19130475 0
853 0 19257215 0
854 1 262838 1182
855 0 22138819 0
856 0 20865459 0
857 1 101408 463
858 0 19273145 0
859 0 18927974 0
860 0 19632180 0
861 0 15775466 0
862 0 20055213 0
863 1 103799 447
864 1 221929 1012
865 0 20526071 0
866 1 629133 2884
867 0 22541840 0
868 0 22892932 0
869 1 81165 332
870 1 325049 1480
871 1 123901 609
872 0 15275250 0
873 0 21046373 0
874 0 19577848 0
875 1 293994 1293
876 0 22436300 0
877 0 21751282 0
878 0 22465959 0
879 0 22207902 0
880 0 22156976 0
881 0 22453779 0
882 0 22649074 0
883 1 305608 1391
884 1 987149 4502
885 0 22468670 0
886 1 146524 704
887 0 21453248 0
888 0 15709169 0
889 0 18929409 0
890 0 19910850 0
891 1 402529 1797
892 0 18770141 0
893 0 19674637 0
894 0 20379643 0
895 0 21921574 0
896 1 420562 1914
897 1 370471 1685
898 0 18955624 0
899 0 15769023 0
900 0 15394781 0
901 0 20351548 0
902 0 19828842 0
903 1 175249 772
904 1 139510 632
905 1 31226 128
906 1 431075 2246
907 1 37620 158
908 1 138928 628
909 0 18881643 0
910 0 18882872 0
911 0 19706835 0
912 1 265336 1184
913 0 19484303 0
914 0 19186431 0
915 1 4331 0
916 1 525576 2391
917 0 19784114 0
918 0 20339734 0
919 1 94246 415
920 0 20023666 0
921 0 19286180 0
922 0 19926384 0
923 1 155097 700
924 1 166611 704
925 0 18743531 0
926 0 19431549 0
927 0 20058571 0
928 0 18859189 0
929 0 22353738 0
930 0 21555281 0
931 0 15679535 0
932 0 19227907 0
933 0 19856010 0
934 0 19716007 0
935 0 15828467 0
936 1 96016 454
937 0 19917513 0
938 1 215117 1088
939 1 60930 256
940 0 18966823 0
941 0 19636387 0
942 0 19688174 0
943 0 18673405 0
944 0 19140433 0
945 0 19577271 0
946 0 19220563 0
947 0 15312036 0
948 1 135908 609
949 1 71744 314
950 1 57923 249
951 0 19184601 0
952 0 22664767 0
953 0 22963494 0
954 1 429708 1958
955 1 182871 827
956 0 15641447 0
957 0 19564667 0
958 0 22702890 0
959 0 22927006 0
960 0 20401360 0
961 1 341407 1548
962 0 22675184 0
963 0 20792956 0
964 0 20976608 0
965 0 20828894 0
966 0 22486959 0
967 0 15661096 0
968 0 20270260 0
969 0 15284228 0
970 0 19714431 0
971 0 22741464 0
972 1 144939 625
973 1 43487 187
974 1 364561 1897
975 1 112224 502
976 0 20637414 0
977 0 21140774 0
978 1 60832 254
979 0 22239786 0
980 0 16698498 0
981 0 21836839 0
982 0 21440836 0
983 0 19876905 0
984 1 347258 1563
985 0 20682931 0
986 1 534969 2405
987 1 265957 1210
988 0 20458087 0
989 1 933598 4265
990 0 20968608 0
991 1 113037 461
992 0 19184090 0
993 1 629023 2875
994 0 22219366 0
995 1 93529 402
996 0 15697702 0
997 1 339591 1545
998 1 497839 2282
999 0 21171875 0
1000 1 55533 214
1001 0 19641262 0
1002 1 429254 1945
1003 0 18945687 0
1004 0 21302328 0
1005 0 20993546 0
1006 1 216055 973
1007 1 194694 883
1008 1 474745 2180
1009 1 190190 861
1010 1 513575 2355
1011 0 19130361 0
1012 0 19461121 0
1013 0 18809885 0
1014 0 19226886 0
1015 0 19548021 0
1016 0 20111440 0
1017 0 19093665 0
1018 0 19455529 0
1019 0 18725698 0
1020 0 21696723 0
1021 0 19474545 0
1022 0 19273781 0
1023 1 529225 2423
1024 0 19465992 0
1025 1 665515 3046
1026 0 19919098 0
1027 1 321595 1668
1028 0 18745973 0
1029 0 15628015 0
1030 1 313595 1414
1031 0 15846601 0
1032 0 19676782 0
1033 0 15497788 0
1034 0 19694835 0
1035 1 728212 3339
1036 0 18807728 0
1037 1 171809 766
1038 0 22374944 0
1039 0 22093579 0
1040 0 15343014 0
1041 0 21051337 0
1042 1 155070 692
1043 0 20621632 0
1044 0 21518274 0
1045 0 20107947 0
1046 0 19904000 0
1047 0 19701031 0
1048 0 19979308 0
1049 0 19298274 0
1050 0 19884459 0
1051 0 19090110 0
1052 0 22585432 0
1053 0 20868399 0
1054 0 19887348 0
1055 1 357629 1616
1056 0 20033690 0
1057 1 384830 1754
1058 0 18874236 0
1059 0 20170949 0
1060 0 21480450 0
1061 0 20415863 0
1062 0 19777524 0
1063 0 15783671 0
1064 0 20552776 0
1065 0 20070112 0
1066 1 154477 670
1067 1 417766 1915
1068 1 364669 1666
1069 0 22527215 0
1070 0 22051428 0
1071 0 19862223 0
1072 1 299215 1366
1073 1 991780 4551
1074 0 19908728 0
1075 1 678631 3083
1076 1 124148 560
1077 0 19801295 0
1078 0 15718369 0
1079 0 22341316 0
1080 0 19831931 0
1081 0 15366387 0
1082 1 141797 618
1083 1 24621 96
1084 0 19758753 0
1085 0 15521039 0
1086 0 19129670 0
1087 1 464201 2392
1088 1 25558 105
1089 1 146523 658
1090 1 412402 2144
1091 0 18984222 0
1092 0 18074225 0
1093 0 18568687 0
1094 0 15622460 0
1095 0 19808859 0
1096 0 15523319 0
1097 0 20362004 0
1098 0 19362572 0
1099 1 242314 1093
1100 0 15557355 0
1101 1 52033 221
1102 0 18741699 0
1103 0 18665484 0
1104 1 59195 246
1105 0 19746136 0
1106 1 86371 359
1107 0 22285588 0
1108 1 301252 1357
1109 0 19969372 0
1110 1 212112 954
1111 0 19794716 0
1112 1 138298 602
1113 0 15840482 0
1114 0 19487742 0
1115 0 20353866 0
1116 0 19915156 0
1117 1 373362 1706
1118 0 19912839 0
1119 0 19647934 0
1120 0 19839448 0
1121 0 19979022 0
1122 0 21448814 0
1123 1 119949 593
1124 0 22801760 0
1125 0 15624940 0
1126 0 15618291 0
1127 0 15579707 0
1128 0 19820660 0
1129 0 20584612 0
1130 1 1084778 5004
1131 0 22783458 0
1132 0 15699427 0
1133 0 21161624 0
1134 0 20719710 0
1135 0 21410384 0
1136 1 77065 314
1137 0 20999923 0
1138 1 71951 312
1139 0 20455101 0
1140 1 47766 192
1141 0 19842877 0
1142 0 20863092 0
1143 0 19581248 0
1144 0 20814750 0
1145 0 15616677 0
1146 1 131631 635
1147 0 18793634 0
1148 0 21611725 0
1149 1 682926 3140
1150 0 19784404 0
1151 0 19659783 0
1152 0 18335480 0
1153 1 19218 50
1154 0 19357859 0
1155 0 19145035 0
1156 0 21743826 0
1157 1 49590 186
1158 0 20958556 0
1159 1 201477 888
1160 0 20480627 0
1161 1 95562 402
1162 0 19108436 0
1163 1 76498 317
1164 0 18702732 0
1165 1 118264 492
1166 0 18577453 0
1167 0 18409310 0
1168 0 22077793 0
1169 0 21673915 0
1170 0 20912100 0
1171 1 133900 587
1172 0 19590315 0
1173 0 19106945 0
1174 0 22110135 0
1175 0 20479142 0
1176 1 117366 511
1177 0 22264422 0
1178 0 18342960 0
1179 0 21204617 0
1180 0 20759384 0
1181 0 20808720 0
1182 0 19929595 0
1183 0 18794192 0
1184 1 197211 992
1185 0 16313045 0
1186 0 20460074 0
1187 0 18864350 0
1188 0 19373414 0
1189 0 18512016 0
1190 0 21601065 0
1191 1 84821 327
1192 0 19834147 0
1193 0 19379054 0
1194 0 22343528 0
1195 0 20310676 0
1196 0 21508699 0
1197 1 82520 339
1198 1 499239 2296
1199 0 19300191 0
0 0 20208392 0
1 0 20223425 0
2 0 20031694 0
3 0 18763773 0
4 1 269698 1191
5 1 511326 2347
6 1 204822 1033
7 0 18944788 0
8 1 11588 17
9 0 19998515 0
10 0 15743217 0
11 0 20937113 0
12 0 21280440 0
13 0 19424998 0
14 1 148130 664
15 0 19069442 0
16 0 15499476 0
17 0 19457555 0
18 0 15748762 0
19 1 65065 268
20 0 19274966 0
21 1 11850 19
22 0 18702463 0
23 1 461955 2117
24 0 20118300 0
25 0 21978690 0
26 1 30668 92
27 1 880167 4022
28 1 313658 1435
29 1 468747 2454
30 0 19928292 0
31 0 23262629 0
32 1 103414 380
33 0 20219868 0
34 0 20786132 0
35 0 19948160 0
36 1 548172 2505
37 0 19397523 0
38 0 19560931 0
39 0 20722937 0
40 0 19002075 0
41 1 90070 374
42 0 19538564 0
43 1 128840 558
44 1 136000 615
45 0 20051020 0
46 0 21473514 0
47 0 18371836 0
48 0 19955160 0
49 0 22173504 0
50 0 15597794 0
51 0 19985072 0
52 0 15556841 0
53 1 312800 1387
54 0 18977924 0
55 0 19847878 0
56 0 19435435 0
57 0 19532540 0
58 0 19174684 0
59 0 21679020 0
60 0 19201284 0
61 0 19367449 0
62 0 19637461 0
63 0 18477961 0
64 0 15775729 0
65 0 22215073 0
66 1 340200 1541
67 0 15874212 0
68 0 20345738 0
69 1 402382 1831
70 0 20212726 0
71 0 19642968 0
72 1 267344 1205
73 0 19110957 0
74 0 22703813 0
75 0 19664648 0
76 0 20664960 0
77 0 21584498 0
78 0 21552788 0
79 0 20962617 0
80 1 107961 477
81 0 19808571 0
82 0 15662898 0
83 0 19131487 0
84 1 283623 1262
85 0 19314226 0
86 0 23033662 0
87 0 20725485 0
88 0 15641016 0
89 0 21242356 0
90 0 20581591 0
91 0 22312234 0
92 0 21599891 0
93 0 20159363 0
94 0 21049461 0
95 1 462525 2103
96 1 706788 3249
97 0 20040775 0
98 0 22264004 0
99 1 163285 706
100 1 83740 369
101 0 22005995 0
102 0 19343276 0
103 0 20116410 0
104 0 20230871 0
105 0 15660122 0
106 0 20640947 0
107 1 235933 1062
108 0 19346133 0
109 0 20079969 0
110 1 103461 454
111 0 20119049 0
112 0 22574153 0
113 0 19462273 0
114 0 20646016 0
115 0 19818572 0
116 1 347742 1558
117 1 81415 366
118 1 132549 598
119 0 19810505 0
120 0 18332302 0
121 0 19005669 0
122 0 15480647 0
123 0 19578260 0
124 0 21371310 0
125 0 19176833 0
126 0 19455966 0
127 1 276991 1253
128 0 19493942 0
129 0 19583855 0
130 0 22424593 0
131 0 19653391 0
132 1 30156 105
133 0 19648758 0
134 1 400502 1836
135 0 19509202 0
136 0 18941165 0
137 0 18450947 0
138 0 19464954 0
139 0 15683551 0
140 1 212888 945
141 1 330277 1513
142 1 42208 178
143 0 19277504 0
144 0 18985977 0
145 1 180154 797
146 1 36284 153
147 0 19890135 0
148 0 19720001 0
149 0 21880669 0
150 0 19648016 0
151 0 19292624 0
152 1 134128 655
153 0 18907918 0
154 1 235022 1034
155 1 407767 1878
156 1 532425 2433
157 1 227566 1020
158 1 319406 1464
159 0 19381482 0
160 1 62590 245
161 0 19488648 0
162 1 230505 1041
163 0 18770275 0
164 1 283291 1288
165 0 21213815 0
166 0 19870458 0
167 0 19799076 0
168 0 19860836 0
169 0 21434117 0
170 0 20715376 0
171 0 19626616 0
172 1 437257 1974
173 1 361440 1651
174 0 19276561 0
175 0 19817112 0
176 0 22309483 0
177 0 15593151 0
178 1 32857 124
179 0 19349358 0
180 1 211712 953
181 1 45346 194
182 0 20868553 0
183 0 19903455 0
184 0 19846328 0
185 0 15491535 0
186 0 18953771 0
187 1 330584 1481
188 0 19976608 0
189 1 916006 4212
190 0 22608290 0
191 1 114368 479
192 0 15472886 0
193 0 19728069 0
194 0 20110262 0
195 0 20393254 0
196 0 15417509 0
197 0 20749893 0
198 0 18698875 0
199 0 19555132 0
200 0 20657348 0
201 0 20247625 0
202 0 19287267 0
203 0 19893655 0
204 1 321474 1398
205 0 19209828 0
206 0 20283743 0
207 1 104776 409
208 1 119460 521
209 0 20113819 0
210 1 192190 864
211 1 384333 1770
212 0 21543095 0
213 0 19960954 0
214 0 20728780 0
215 1 217583 977
216 0 19553829 0
217 1 124915 549
218 0 19588959 0
219 1 221054 984
220 0 19502144 0
221 0 20004271 0
222 0 22842978 0
223 0 18726311 0
224 0 21820588 0
225 1 179495 807
226 0 18626345 0
227 1 409147 1860
228 1 187462 851
229 0 15551296 0
230 1 181762 786
231 0 21893165 0
232 1 268934 1225
233 0 19088173 0
234 0 19609723 0
235 1 477424 2465
236 0 20542128 0
237 1 296321 1341
238 0 19879524 0
239 1 218157 963
240 0 20033771 0
241 1 172368 764
242 1 214422 1094
243 0 19395282 0
244 0 18983828 0
245 1 502603 2283
246 1 101149 449
247 1 308699 1408
248 0 19981706 0
249 0 18869443 0
250 0 21224472 0
251 0 15684494 0
252 0 19818524 0
253 0 22264025 0
254 1 494318 2256
255 0 22005580 0
256 1 84057 387
257 0 19494700 0
258 0 19283632 0
259 1 26139 101
260 0 20860448 0
261 0 20989994 0
262 0 20329519 0
263 0 20264707 0
264 1 91474 400
265 0 21579394 0
266 0 20423117 0
267 0 20055848 0
268 0 20751586 0
269 1 415019 1875
270 0 19037894 0
271 1 436411 1993
272 0 20805376 0
273 0 19880924 0
274 0 15530020 0
275 1 934366 4269
276 0 20260403 0
277 1 128618 561
278 0 15488717 0
279 0 19132400 0
280 0 18572016 0
281 0 21510842 0
282 1 552455 2538
283 0 19353023 0
284 0 18780522 0
285 0 20343368 0
286 0 22425250 0
287 1 157374 693
288 0 19579088 0
289 1 189815 858
290 0 21483927 0
291 0 22157941 0
292 0 20005747 0
293 0 18980276 0
294 0 21658022 0
295 0 21429477 0
296 0 21315893 0
297 0 19842699 0
298 0 15536100 0
299 1 1125019 5206
300 0 22488211 0
301 1 320966 1425
302 1 388587 2031
303 1 306339 1373
304 0 19833638 0
305 1 242320 1084
306 0 19922544 0
307 1 409360 1858
308 0 20076936 0
309 0 19242198 0
310 1 64416 270
311 0 19409043 0
312 0 19167295 0
313 0 21964997 0
314 1 523639 2363
315 0 19648877 0
316 1 612083 2799
317 0 19444375 0
318 0 21655931 0
319 0 21139384 0
320 0 19466761 0
321 0 20278745 0
322 0 16387534 0
323 0 19558103 0
324 1 194016 874
325 0 19962402 0
326 1 1177976 5468
327 1 279819 1274
328 0 20104499 0
329 0 19595446 0
330 0 19772466 0
331 0 15678485 0
332 1 578096 2638
333 0 19974630 0
334 0 20042309 0
335 0 21722440 0
336 0 19182501 0
337 0 19545254 0
338 0 22729280 0
339 0 19560035 0
340 1 321470 1652
341 0 21534803 0
342 0 20744733 0
343 1 266761 1190
344 0 22719674 0
345 0 22374883 0
346 1 522153 2366
347 1 151448 678
348 0 19447323 0
349 0 15787190 0
350 0 19761334 0
351 0 19767765 0
352 0 22608634 0
353 1 161068 701
354 0 21156447 0
355 0 21585877 0
356 1 423004 1917
357 0 21591363 0
358 0 20230522 0
359 0 19752089 0
360 1 435272 1915
361 0 22542154 0
362 0 22323797 0
363 0 20811243 0
364 1 224383 1146
365 0 19603140 0
366 0 19792482 0
367 1 379187 1722
368 1 312908 1428
369 0 15788239 0
370 0 19094899 0
371 0 20433217 0
372 1 116019 509
373 0 20143047 0
374 0 20036436 0
375 1 93806 393
376 0 16274288 0
377 1 403357 1831
378 0 19300855 0
379 0 15779579 0
380 1 274101 1392
381 1 47965 178
382 0 19034973 0
383 0 21640908 0
384 1 198747 1004
385 0 19579786 0
386 1 61609 254
387 1 190754 857
388 1 103354 503
389 0 23035588 0
390 1 671168 3033
391 1 220566 976
392 0 20170380 0
393 1 320293 1440
394 1 546779 2508
395 1 965192 4447
396 0 20903223 0
397 0 19066084 0
398 1 676893 3107
399 1 603808 2757
400 0 19488842 0
401 0 19910364 0
402 1 71143 289
403 0 21186435 0
404 0 20127394 0
405 1 206931 923
406 1 261468 1186
407 0 19330670 0
408 0 19866733 0
409 0 19422082 0
410 0 22246719 0
411 1 396343 1810
412 0 19618106 0
413 1 712269 3259
414 0 20445973 0
415 0 18841371 0
416 1 553741 2530
417 0 21220041 0
418 1 170844 760
419 0 15271828 0
420 0 20642486 0
421 0 19836274 0
422 1 584833 2656
423 0 22358926 0
424 0 20658902 0
425 0 20721304 0
426 0 22655159 0
427 1 174380 786
428 0 22386833 0
429 0 17071833 0
430 0 15924721 0
431 1 309034 1405
432 1 126062 558
433 1 263068 1183
434 1 357681 1637
435 1 291969 1323
436 0 19483037 0
437 1 169742 760
438 1 79508 352
439 0 19797936 0
440 1 291878 1486
441 1 27966 101
442 0 20693196 0
443 0 22094773 0
444 0 20965372 0
445 0 20529135 0
446 0 20687032 0
447 0 22100839 0
448 0 19623031 0
449 0 19643949 0
450 0 20390037 0
451 1 49029 190
452 0 19014555 0
453 0 19567844 0
454 0 20872628 0
455 0 21315605 0
456 1 225701 1013
457 0 20201422 0
458 1 54257 240
459 0 20902806 0
460 0 22167383 0
461 0 19952040 0
462 0 22416179 0
463 1 489546 2218
464 0 19044679 0
465 1 619117 2827
466 0 15649581 0
467 0 15730300 0
468 0 15810532 0
469 0 19377964 0
470 1 490441 2218
471 1 419472 1882
472 1 453480 2073
473 0 20215291 0
474 0 19479873 0
475 1 333828 1503
476 1 86772 387
477 0 18824388 0
478 1 63868 255
479 0 21049286 0
480 1 282016 1269
481 0 19917779 0
482 0 21489663 0
483 0 19239661 0
484 0 18907899 0
485 0 19300992 0
486 0 20492174 0
487 0 15543475 0
488 1 110772 487
489 0 22090060 0
490 0 20215095 0
491 0 23126952 0
492 1 96075 401
493 0 20550394 0
494 0 21682789 0
495 0 19987805 0
496 0 19097882 0
497 0 15738512 0
498 0 21665468 0
499 0 15427124 0
500 1 413818 1891
501 0 22521201 0
502 0 20129325 0
503 0 15705002 0
504 0 18272292 0
505 0 18715736 0
506 0 19547696 0
507 0 19224260 0
508 0 20479618 0
509 0 19419251 0
510 1 137696 614
511 1 147219 660
512 0 19946844 0
513 1 386607 1729
514 0 19562328 0
515 0 18864931 0
516 1 924159 4248
517 1 567914 2614
518 1 113872 503
519 0 19323800 0
520 1 152475 675
521 0 19432432 0
522 0 20380738 0
523 0 22395050 0
524 0 20980072 0
525 0 19375822 0
526 0 22455241 0
527 0 20068535 0
528 0 19202002 0
529 1 222537 989
530 0 20459905 0
531 0 20707313 0
532 0 20382226 0
533 1 179960 798
534 0 19104774 0
535 0 20243635 0
536 1 144905 632
537 0 15732937 0
538 1 280446 1276
539 0 20196558 0
540 0 19202614 0
541 0 21910752 0
542 0 19536428 0
543 0 19043070 0
544 0 19155708 0
545 0 20065431 0
546 0 19294508 0
547 0 20239418 0
548 0 19074131 0
549 0 20790828 0
550 1 41582 167
551 0 19582372 0
552 0 21969373 0
553 0 21610420 0
554 0 15762744 0
555 0 19953252 0
556 0 20233117 0
557 0 19477604 0
558 0 20169899 0
559 0 22304822 0
560 1 179543 806
561 0 19348632 0
562 0 19185041 0
563 0 19101887 0
564 0 19170466 0
565 1 150661 661
566 0 18454292 0
567 0 19966672 0
568 0 15561664 0
569 0 18764046 0
570 1 590076 2680
571 0 18163157 0
572 0 21614524 0
573 0 15491360 0
574 0 20795440 0
575 0 19453308 0
576 0 15864312 0
577 0 19270962 0
578 0 15989415 0
579 0 21865859 0
580 0 22064553 0
581 0 21959015 0
582 0 19570490 0
583 0 21201725 0
584 1 173383 752
585 1 224679 1017
586 0 15960494 0
587 0 19734847 0
588 0 21365935 0
589 0 20761445 0
590 0 15274141 0
591 0 19663360 0
592 1 116758 562
593 0 20594884 0
594 0 19947170 0
595 0 19722004 0
596 0 15556501 0
597 0 22323005 0
598 1 393486 1799
599 1 882978 4055
600 1 658265 3020
601 0 20241733 0
602 1 457183 2087
603 1 269038 1221
604 0 20825313 0
605 0 23059490 0
606 1 275584 1252
607 1 174981 789
608 0 15801987 0
609 1 214315 952
610 0 18875806 0
611 0 19810099 0
612 0 21622747 0
613 0 20035089 0
614 0 19048720 0
615 0 20290067 0
616 0 19045781 0
617 0 20662282 0
618 0 18822537 0
619 0 21204517 0
620 0 19408870 0
621 0 19104630 0
622 1 262331 1192
623 0 20403772 0
624 1 391259 1998
625 0 19466962 0
626 0 20067618 0
627 1 359075 1638
628 0 19696664 0
629 0 18803915 0
630 1 344855 1493
631 0 22522040 0
632 0 19332830 0
633 0 20034615 0
634 0 18763324 0
635 0 18880029 0
636 0 21447114 0
637 1 220410 968
638 1 121404 535
639 0 22300777 0
640 1 530487 2415
641 0 20371763 0
642 0 21612802 0
643 1 21256 54
644 0 21004012 0
645 0 20000760 0
646 0 22156178 0
647 0 23234784 0
648 0 22793283 0
649 0 15724903 0
650 0 19402296 0
651 0 18461489 0
652 0 19068388 0
653 0 19727493 0
654 0 20379939 0
655 1 279368 1433
656 1 457379 2098
657 0 21547619 0
658 0 15508018 0
659 1 318610 1445
660 0 15685241 0
661 0 22035601 0
662 0 21065202 0
663 0 20068477 0
664 0 19063728 0
665 1 197970 877
666 0 18991049 0
667 0 18964292 0
668 1 191357 854
669 1 409091 1882
670 0 20023744 0
671 0 22208043 0
672 0 15758920 0
673 0 19491772 0
674 1 204861 922
675 0 19168484 0
676 0 18758138 0
677 1 422248 1920
678 0 15353793 0
679 0 19126121 0
680 1 478997 2175
681 0 19271570 0
682 0 18994102 0
683 0 20255425 0
684 0 20521113 0
685 1 489642 2229
686 0 19413393 0
687 1 492805 2258
688 0 19317017 0
689 0 19979591 0
690 1 422792 1915
691 0 19710551 0
692 1 623026 3223
693 0 21251707 0
694 0 21335470 0
695 0 20516815 0
696 0 19054446 0
697 1 363470 1646
698 0 20289305 0
699 1 43058 172
700 1 388562 1779
701 0 19888477 0
702 0 19408650 0
703 0 20077894 0
704 0 19349101 0
705 0 18499322 0
706 0 20007169 0
707 0 18658745 0
708 0 18989187 0
709 0 19184551 0
710 0 19228116 0
711 0 20245734 0
712 0 22605392 0
713 0 22638076 0
714 0 15349579 0
715 0 20682572 0
716 0 21353903 0
717 0 20685826 0
718 1 336795 1528
719 0 19387925 0
720 0 18640832 0
721 1 183892 827
722 1 219546 868
723 1 218707 994
724 0 18576258 0
725 0 19129096 0
726 0 19223471 0
727 0 22598879 0
728 1 334076 1522
729 1 741236 3411
730 0 20989152 0
731 0 20248377 0
732 0 19940813 0
733 0 20334280 0
734 0 19925017 0
735 0 20154792 0
736 0 19648526 0
737 0 20041007 0
738 0 15880929 0
739 0 19811848 0
740 1 377185 1710
741 0 18839098 0
742 0 19678035 0
743 0 16001548 0
744 1 85827 373
745 0 19400704 0
746 0 22072321 0
747 1 418445 1819
748 0 15798446 0
749 0 21386930 0
750 0 19786596 0
751 0 21906964 0
752 0 15767001 0
753 0 19007228 0
754 0 21953182 0
755 1 195763 863
756 0 16655808 0
757 0 19236911 0
758 0 21862105 0
759 0 21607250 0
760 0 22295558 0
761 0 20543271 0
762 1 591183 2691
763 0 19065767 0
764 1 287792 1289
765 0 15389878 0
766 0 19721095 0
767 1 44996 177
768 0 19907646 0
769 1 65622 304
770 0 19734908 0
771 1 207311 915
772 1 418014 1917
773 0 19892094 0
774 1 84367 361
775 0 22435576 0
776 0 15282716 0
777 0 20267303 0
778 1 215516 876
779 0 19516586 0
780 0 21807304 0
781 0 19280775 0
782 0 19398698 0
783 0 18748962 0
784 0 18463437 0
785 0 19563063 0
786 0 19437795 0
787 1 365903 1646
788 1 168865 767
789 1 126995 571
790 0 19086129 0
791 1 312913 1430
792 1 157158 705
793 0 18172074 0
794 0 19510210 0
795 1 52070 205
796 0 19469839 0
797 1 355410 1599
798 1 289233 1321
799 0 19158789 0
800 0 19322049 0
801 0 20287246 0
802 0 19864276 0
803 1 457250 2054
804 0 23069772 0
805 0 21495787 0
806 0 21125054 0
807 0 20935179 0
808 0 15258205 0
809 1 233464 1049
810 0 21445354 0
811 0 16199140 0
812 0 21338263 0
813 1 170647 745
814 0 18137006 0
815 0 22034175 0
816 0 21937656 0
817 0 23129686 0
818 1 355034 1621
819 0 20504608 0
820 0 21787942 0
821 0 19136475 0
822 1 774792 3538
823 0 21445688 0
824 0 22435893 0
825 0 22150410 0
826 0 21289393 0
827 1 165702 722
828 0 22771574 0
829 0 19250556 0
830 0 20934298 0
831 0 17940023 0
832 0 20467247 0
833 0 19749291 0
834 0 19438141 0
835 0 22107519 0
836 0 20723137 0
837 0 22773876 0
838 0 22078885 0
839 1 364095 1650
840 0 21793202 0
841 0 21530300 0
842 0 19816746 0
843 1 138801 616
844 0 20056780 0
845 0 19659645 0
846 1 206906 929
847 0 19744556 0
848 0 20162805 0
849 1 239128 1082
850 0 20934046 0
851 0 19866046 0
852 0 19719690 0
853 1 254360 1143
854 0 22200776 0
855 1 340862 1543
856 0 21767236 0
857 0 20504920 0
858 1 28634 107
859 1 47971 201
860 0 18974474 0
861 0 18836486 0
862 1 327641 1486
863 0 19022965 0
864 1 12575 27
865 0 19093034 0
866 0 19699307 0
867 0 21805479 0
868 0 15458595 0
869 0 19949062 0
870 1 336522 1531
871 0 20117351 0
872 0 20158262 0
873 0 15795973 0
874 0 20950174 0
875 0 20548515 0
876 1 343172 1551
877 0 22725128 0
878 1 61072 241
879 0 22168435 0
880 1 461539 2114
881 0 20762660 0
882 0 20192258 0
883 0 21802842 0
884 0 19480938 0
885 0 19303767 0
886 1 132648 528
887 0 18819010 0
888 0 18823890 0
889 1 318146 1435
890 0 19581814 0
891 0 19228087 0
892 0 20129119 0
893 1 214544 972
894 0 22429835 0
895 0 20325981 0
896 0 19880560 0
897 1 157321 706
898 0 20127580 0
899 1 1150864 5291
900 0 20555569 0
901 1 504504 2286
902 1 56232 245
903 0 15319455 0
904 0 18568828 0
905 0 19629851 0
906 0 15715534 0
907 1 449419 2058
908 0 20967254 0
909 0 19804648 0
910 0 20630614 0
911 0 19369561 0
912 0 19280603 0
913 0 19620018 0
914 1 70826 308
915 0 21892210 0
916 0 21889913 0
917 0 20156803 0
918 0 19137569 0
919 0 19224293 0
920 1 536920 2454
921 1 372198 1696
922 0 19680135 0
923 0 22635020 0
924 1 224430 1019
925 0 20321251 0
926 1 302341 1300
927 0 22626823 0
928 0 20409614 0
929 0 19603384 0
930 0 20121907 0
931 1 304975 1386
932 0 22513715 0
933 0 15758481 0
934 0 19785740 0
935 1 267132 1195
936 0 22349492 0
937 0 22520604 0
938 0 21203910 0
939 0 21053681 0
940 0 15728996 0
941 0 19716139 0
942 0 19048281 0
943 0 19195361 0
944 0 21241167 0
945 0 20851460 0
946 1 23173 86
947 1 357645 1645
948 1 358159 1640
949 0 20993894 0
950 0 19326645 0
951 0 19754312 0
952 0 21489966 0
953 0 22396995 0
954 0 20772680 0
955 1 508452 2324
956 0 15094819 0
957 0 19348356 0
958 0 22307054 0
959 0 20289685 0
960 1 262620 1179
961 1 321887 1470
962 0 20734300 0
963 0 15613869 0
964 1 109730 466
965 1 144512 655
966 1 354940 1625
967 0 20700955 0
968 1 8880 13
969 0 21268478 0
970 1 114261 498
971 0 20275146 0
972 1 39496 149
973 0 20016076 0
974 0 21744247 0
975 0 20513093 0
976 1 30118 115
977 0 20352285 0
978 0 20115577 0
979 1 223189 1006
980 0 15731789 0
981 1 360394 1623
982 1 676008 3119
983 1 364502 1671
984 0 20532925 0
985 0 19690343 0
986 0 20209225 0
987 1 249285 1123
988 1 103237 453
989 0 20506144 0
990 1 52993 213
991 1 306327 1587
992 0 19471062 0
993 0 20647699 0
994 1 194921 861
995 0 19737808 0
996 0 20184808 0
997 0 20102008 0
998 0 19439987 0
999 1 263339 1177
1000 0 20194151 0
1001 1 496393 2266
1002 0 20196784 0
1003 0 20383166 0
1004 0 20933672 0
1005 1 11961 26
1006 1 192307 873
1007 0 22234033 0
1008 0 20560795 0
1009 0 19182494 0
1010 0 19463891 0
1011 0 20669827 0
1012 0 20060346 0
1013 1 520503 2384
1014 0 19651073 0
1015 0 19892653 0
1016 0 20212481 0
1017 1 119023 521
1018 1 301896 1374
1019 0 22240907 0
1020 0 15568492 0
1021 1 251913 1133
1022 0 20010341 0
1023 0 20504103 0
1024 0 19835667 0
1025 0 15732028 0
1026 0 19861711 0
1027 1 71046 292
1028 0 19443646 0
1029 0 18726552 0
1030 0 19702548 0
1031 0 20556474 0
1032 0 19614803 0
1033 0 19978657 0
1034 0 20355732 0
1035 0 18707627 0
1036 0 19018358 0
1037 0 21490588 0
1038 0 15511273 0
1039 0 21171300 0
1040 0 19757489 0
1041 1 87150 374
1042 0 19934776 0
1043 0 20541319 0
1044 0 21783985 0
1045 0 19827950 0
1046 0 19262667 0
1047 0 19288265 0
1048 1 130373 648
1049 0 19168856 0
1050 0 15625484 0
1051 0 22548673 0
1052 1 84503 295
1053 0 20446309 0
1054 1 127329 614
1055 1 323402 1477
1056 0 22057373 0
1057 0 21980731 0
1058 0 21190110 0
1059 0 15605010 0
1060 0 18971719 0
1061 0 19452968 0
1062 0 15763411 0
1063 0 15676109 0
1064 0 19360953 0
1065 0 18874446 0
1066 0 22318867 0
1067 0 20410447 0
1068 0 20781184 0
1069 1 196128 880
1070 0 19998690 0
1071 1 304598 1378
1072 0 21265300 0
1073 0 21864277 0
1074 1 458735 2056
1075 0 20332285 0
1076 0 20776484 0
1077 0 19416639 0
1078 0 15745757 0
1079 1 535059 2452
1080 0 20973439 0
1081 1 560937 2569
1082 1 336678 1541
1083 1 934029 4299
1084 0 19724106 0
1085 0 19518675 0
1086 1 357213 1616
1087 0 19712431 0
1088 0 20227824 0
1089 0 19846272 0
1090 1 204208 1023
1091 1 253869 1156
1092 0 15942879 0
1093 0 19024478 0
1094 1 89435 422
1095 1 610439 2790
1096 0 19585455 0
1097 0 20154692 0
1098 0 21980757 0
1099 0 21890017 0
1100 1 85050 364
1101 1 92819 409
1102 0 15704619 0
1103 0 20349503 0
1104 0 19402936 0
1105 0 20068048 0
1106 0 19240281 0
1107 0 20213806 0
1108 0 18961823 0
1109 1 385726 1749
1110 1 384055 1760
1111 0 22651485 0
1112 1 162672 709
1113 0 20734601 0
1114 0 19773907 0
1115 0 21899319 0
1116 0 21275510 0
1117 1 321217 1444
1118 0 19000684 0
1119 0 19538163 0
1120 1 14244 30
1121 0 19143256 0
1122 0 20296726 0
1123 0 18799310 0
1124 1 207905 933
1125 0 19424744 0
1126 1 50480 216
1127 0 20174457 0
1128 1 288702 1305
1129 0 15357631 0
1130 0 18907380 0
1131 1 33450 120
1132 0 19944001 0
1133 0 19350452 0
1134 0 20351159 0
1135 1 127164 566
1136 0 22037741 0
1137 0 19433046 0
1138 0 20283668 0
1139 0 22059574 0
1140 1 319819 1460
1141 0 21101372 0
1142 1 79728 376
1143 0 19412906 0
1144 0 19947320 0
1145 0 19851099 0
1146 0 18847769 0
1147 0 19997554 0
1148 1 64132 288
1149 0 18718326 0
1150 0 18493226 0
1151 1 45975 205
1152 1 140432 630
1153 0 19728851 0
1154 1 205212 923
1155 1 305222 1378
1156 0 20531594 0
1157 0 20146787 0
1158 1 13807 41
1159 0 20452937 0
1160 1 398128 1811
1161 0 18818538 0
1162 0 19427487 0
1163 0 19508108 0
1164 0 23508627 0
1165 0 21894406 0
1166 1 1091543 4998
1167 0 21157397 0
1168 0 15323302 0
1169 0 19247797 0
1170 0 21143733 0
1171 0 21887501 0
1172 1 465484 2398
1173 0 22804321 0
1174 0 20267772 0
1175 0 20565110 0
1176 0 19477421 0
1177 0 19235818 0
1178 0 21743928 0
1179 1 154539 688
1180 0 18472091 0
1181 0 20107377 0
1182 1 210931 947
1183 0 19346734 0
1184 1 500171 2589
1185 1 468345 2150
1186 0 18669071 0
1187 0 19980188 0
1188 0 15404459 0
1189 1 237926 1056
1190 0 18975282 0
1191 0 19721351 0
1192 0 20702420 0
1193 1 43230 157
1194 0 21305581 0
1195 0 21082824 0
1196 0 19169393 0
1197 0 21511799 0
1198 0 22688639 0
1199 1 675125 3061
0 1 121912 564
1 0 19711035 0
2 0 19463767 0
3 0 19495330 0
4 1 280974 1412
5 0 18750054 0
6 0 18705990 0
7 0 19373349 0
8 0 19457725 0
9 0 20478551 0
10 0 18816914 0
11 1 153047 683
12 0 17853258 0
13 0 18421834 0
14 0 20564728 0
15 0 20804973 0
16 0 20807033 0
17 1 526644 2391
18 1 242932 1090
19 0 21710073 0
20 0 22093283 0
21 0 22236388 0
22 1 312762 1351
23 0 15395388 0
24 0 22443513 0
25 1 1203526 5512
26 1 197475 899
27 0 15539804 0
28 0 20341981 0
29 0 22174331 0
30 0 21829050 0
31 1 267458 1205
32 1 338987 1557
33 0 21062056 0
34 1 245379 1110
35 1 329351 1503
36 1 79624 353
37 0 21343149 0
38 0 20124754 0
39 1 138889 681
40 0 22631741 0
41 0 21306919 0
42 0 20288594 0
43 0 19366363 0
44 0 19992661 0
45 1 443145 2018
46 1 785815 3598
47 0 20312193 0
48 1 492959 2254
49 0 19103099 0
50 0 21434529 0
51 1 690022 3532
52 1 25526 104
53 0 18728894 0
54 0 15596141 0
55 0 18979251 0
56 0 22529367 0
57 1 688564 3158
58 1 349696 1819
59 0 22106242 0
60 1 665912 3062
61 0 19412714 0
62 1 54973 223
63 1 253516 1161
64 0 15739045 0
65 1 260200 1120
66 0 19573145 0
67 1 84776 351
68 1 519270 2393
69 0 22122863 0
70 0 20665465 0
71 0 20220689 0
72 0 19599513 0
73 0 15595811 0
74 0 18416502 0
75 1 273765 1211
76 1 163745 706
77 0 22051800 0
78 1 237359 1060
79 1 200975 918
80 0 19731850 0
81 1 158813 695
82 0 19495174 0
83 0 19582459 0
84 0 18764782 0
85 0 18644314 0
86 1 111396 489
87 0 18295405 0
88 0 20672219 0
89 0 20516672 0
90 0 19017632 0
91 1 221777 1102
92 0 19440285 0
93 1 259535 1128
94 0 21568463 0
95 1 280185 1258
96 0 19177840 0
97 0 15360168 0
98 1 286455 1293
99 1 244394 1113
100 1 481055 2196
101 1 398865 1833
102 0 20673060 0
103 0 20319817 0
104 1 533277 2450
105 0 19683421 0
106 1 278855 1253
107 0 19357398 0
108 0 22291353 0
109 0 15500739 0
110 0 20355346 0
111 0 19329947 0
112 0 21559284 0
113 0 15580333 0
114 0 19412670 0
115 0 19672930 0
116 0 19648774 0
117 1 563295 2570
118 1 88217 370
119 1 537930 2465
120 0 19911249 0
121 1 345950 1558
122 0 15828646 0
123 1 1215959 5594
124 0 19885855 0
125 0 21564658 0
126 0 19348953 0
127 1 407811 1822
128 0 20396723 0
129 1 513443 2349
130 0 19628809 0
131 0 22222106 0
132 1 85038 337
133 0 15580870 0
134 0 19898961 0
135 0 19922667 0
136 1 466939 2129
137 0 19905666 0
138 0 21844432 0
139 0 20718788 0
140 0 19698540 0
141 1 261785 1157
142 0 23297988 0
143 0 21006620 0
144 1 53210 206
145 1 29641 117
146 0 20941670 0
147 0 20790472 0
148 0 22369417 0
149 0 20762758 0
150 0 22266830 0
151 0 15862460 0
152 1 52828 250
153 1 891367 4091
154 0 21109700 0
155 0 16188545 0
156 0 19494921 0
157 0 21861311 0
158 0 21435323 0
159 1 179469 774
160 0 15301144 0
161 1 123631 610
162 1 92568 411
163 0 21791087 0
164 0 21344753 0
165 0 21545752 0
166 0 22256817 0
167 0 19719930 0
168 0 19684602 0
169 1 160863 709
170 0 21351369 0
171 0 21706795 0
172 0 15608626 0
173 0 20181672 0
174 1 424569 2205
175 0 19197346 0
176 1 440460 1997
177 0 20800125 0
178 0 15550444 0
179 0 18935062 0
180 0 19555493 0
181 0 18723392 0
182 0 19687614 0
183 0 22265320 0
184 0 20661939 0
185 1 347309 1801
186 1 189078 860
187 0 18892216 0
188 0 15709012 0
189 0 19559084 0
190 1 467736 2141
191 0 19029963 0
192 1 108214 448
193 0 18981153 0
194 0 20164992 0
195 0 19268696 0
196 1 317040 1432
197 0 20819187 0
198 0 20246234 0
199 0 19069957 0
200 0 18968018 0
201 0 19697197 0
202 0 19547890 0
203 1 295844 1293
204 0 19065622 0
205 0 20057030 0
206 0 22342407 0
207 0 15655508 0
208 0 20448227 0
209 0 19236497 0
210 0 18695190 0
211 0 15718682 0
212 1 236893 1071
213 0 20144167 0
214 0 22460544 0
215 1 109559 447
216 0 21489980 0
217 0 20242012 0
218 1 788225 3618
219 0 22508576 0
220 0 19901929 0
221 0 19992956 0
222 0 22103735 0
223 1 177787 769
224 0 20940164 0
225 0 20069737 0
226 0 22349381 0
227 0 18425993 0
228 0 20952607 0
229 1 127175 560
230 0 20629070 0
231 1 213872 930
232 1 465784 2141
233 0 17634633 0
234 1 142002 630
235 1 148786 675
236 0 20628435 0
237 0 20099858 0
238 0 20360775 0
239 1 518330 2374
240 0 19780453 0
241 0 22496537 0
242 0 20316479 0
243 1 69757 329
244 0 19145402 0
245 1 257546 1161
246 1 389305 1778
247 1 387515 1771
248 0 20864929 0
249 0 21991999 0
250 0 22693062 0
251 0 22268986 0
252 0 22171585 0
253 0 22249749 0
254 1 697971 3157
255 1 226821 1030
256 0 22093590 0
257 1 43331 162
258 1 171931 853
259 0 19992929 0
260 0 19085893 0
261 0 15505959 0
262 0 15650995 0
263 1 154285 677
264 0 19256058 0
265 0 18842870 0
266 0 19986603 0
267 1 242658 1235
268 0 22851572 0
269 0 21060809 0
270 0 19586512 0
271 0 20296674 0
272 0 19171423 0
273 1 340012 1538
274 0 18971569 0
275 0 20068518 0
276 0 20811262 0
277 0 19996234 0
278 0 19886130 0
279 0 21562424 0
280 1 346218 1582
281 0 19424403 0
282 1 705788 3243
283 1 156586 687
284 0 20563211 0
285 0 15629574 0
286 0 19043360 0
287 0 21426359 0
288 1 83946 342
289 0 22400764 0
290 0 20769034 0
291 0 19756985 0
292 0 15362604 0
293 0 19616752 0
294 0 19436037 0
295 0 19081915 0
296 0 16038734 0
297 0 20027639 0
298 1 96216 406
299 0 20180578 0
300 0 19184469 0
301 0 19296479 0
302 0 19120000 0
303 0 22226554 0
304 0 22443637 0
305 1 303439 1363
306 0 19938558 0
307 0 20851754 0
308 0 19702656 0
309 0 21678757 0
310 0 19376574 0
311 0 19447856 0
312 0 18859468 0
313 0 15726380 0
314 1 372004 1667
315 1 324471 1489
316 0 20440288 0
317 0 19363279 0
318 0 19722036 0
319 0 20692535 0
320 1 142897 705
321 1 450203 2075
322 0 19353214 0
323 1 214982 1099
324 1 249847 1130
325 0 19976513 0
326 0 18576428 0
327 1 192144 867
328 0 19589321 0
329 0 19196797 0
330 1 68837 293
331 0 20482460 0
332 1 315557 1441
333 0 22848666 0
334 1 231604 1036
335 1 263252 1204
336 0 21107982 0
337 0 15905230 0
338 1 323609 1480
339 0 22446070 0
340 1 606599 2770
341 0 21145957 0
342 0 15575276 0
343 1 226565 1028
344 0 18850638 0
345 0 19984863 0
346 0 19561141 0
347 0 15628504 0
348 1 75073 286
349 0 20277331 0
350 1 545970 2492
351 1 144618 648
352 0 19078276 0
353 1 91184 386
354 1 82653 369
355 0 19461464 0
356 1 618740 2827
357 0 15577725 0
358 0 19005216 0
359 1 596967 2722
360 1 207126 1066
361 0 18717240 0
362 1 274869 1409
363 0 21190076 0
364 0 18946231 0
365 1 510303 2332
366 1 101355 452
367 0 19484345 0
368 0 15547950 0
369 0 20614066 0
370 0 21138472 0
371 0 18883980 0
372 0 20001736 0
373 0 19538093 0
374 1 61689 253
375 1 399001 1836
376 0 19649669 0
377 1 639355 2889
378 0 18933427 0
379 1 274420 1242
380 0 18842625 0
381 0 19935009 0
382 0 22005193 0
383 1 676753 3100
384 1 175143 796
385 1 295917 1351
386 1 301704 1376
387 0 19199598 0
388 0 18729553 0
389 0 15394644 0
390 0 19192382 0
391 0 20354839 0
392 0 19866006 0
393 0 19593717 0
394 0 15648161 0
395 1 236854 1072
396 1 684033 3150
397 0 19924984 0
398 0 19129862 0
399 1 273059 1231
400 1 39040 143
401 0 21253533 0
402 1 238785 1090
403 0 21060913 0
404 0 15560759 0
405 0 19709100 0
406 1 204052 926
407 0 19863888 0
408 0 19324853 0
409 0 19301927 0
410 0 19238551 0
411 0 15644579 0
412 0 18655666 0
413 1 214392 962
414 1 103777 466
415 0 20066602 0
416 0 22791105 0
417 0 20739964 0
418 0 19483702 0
419 0 19098186 0
420 1 21541 41
421 0 20720244 0
422 0 19365577 0
423 0 21212393 0
424 0 21872941 0
425 0 21652396 0
426 1 134594 578
427 1 238936 1053
428 0 21757315 0
429 0 20061180 0
430 0 21131881 0
431 0 20815495 0
432 1 53850 220
433 0 22240119 0
434 0 19600237 0
435 1 45549 170
436 0 19244150 0
437 0 19544544 0
438 0 21305886 0
439 0 20675512 0
440 0 15686425 0
441 0 20572323 0
442 1 111616 494
443 1 878891 4058
444 0 20228567 0
445 0 19332065 0
446 0 19755207 0
447 1 172375 846
448 1 317468 1440
449 0 21112331 0
450 0 20722163 0
451 1 49019 204
452 0 18476940 0
453 0 20266045 0
454 0 18983271 0
455 0 19320567 0
456 0 19115557 0
457 1 248993 1266
458 0 15920642 0
459 0 18658527 0
460 1 11352 19
461 0 19703460 0
462 0 19975253 0
463 0 15109762 0
464 0 19641381 0
465 0 19065411 0
466 0 18788519 0
467 0 19955840 0
468 0 19874920 0
469 0 15636744 0
470 0 18220603 0
471 0 19959272 0
472 0 21391971 0
473 0 21839840 0
474 0 19785830 0
475 1 18463 48
476 0 19359004 0
477 0 21978859 0
478 0 18995038 0
479 0 21680644 0
480 1 74462 328
481 0 19206383 0
482 0 21881353 0
483 0 20745462 0
484 0 20236362 0
485 0 22306028 0
486 1 1260221 5814
487 0 20053146 0
488 1 200763 887
489 0 21965250 0
490 1 392940 1797
491 0 19705632 0
492 0 19359219 0
493 0 19451879 0
494 0 19940731 0
495 0 15441119 0
496 0 19191460 0
497 0 18877065 0
498 1 319556 1459
499 0 18619967 0
500 0 20342057 0
501 1 121509 535
502 0 19676998 0
503 0 19498354 0
504 0 18920460 0
505 0 15654150 0
506 0 20565217 0
507 1 49023 213
508 0 22111296 0
509 1 305786 1391
510 0 22691331 0
511 0 21770019 0
512 1 319183 1426
513 0 19721522 0
514 1 18366 55
515 1 249546 1144
516 0 19961796 0
517 1 207876 930
518 0 19851659 0
519 0 20145506 0
520 1 333972 1521
521 1 116580 589
522 0 19463460 0
523 1 179056 801
524 1 68645 301
525 0 20556875 0
526 0 15814841 0
527 0 20323033 0
528 0 15639848 0
529 0 15745963 0
530 1 300251 1360
531 1 132565 593
532 0 19021793 0
533 0 20972083 0
534 0 22069111 0
535 0 21097821 0
536 0 18785250 0
537 0 15972821 0
538 0 19678113 0
539 0 21179943 0
540 0 20944089 0
541 1 161753 724
542 0 20945231 0
543 1 1302066 5934
544 0 20096694 0
545 0 19600387 0
546 0 19557259 0
547 1 230317 1173
548 0 19031000 0
549 1 161692 703
550 0 15717453 0
551 0 21999226 0
552 0 21386596 0
553 1 22399 79
554 0 19727102 0
555 0 22453766 0
556 0 21911973 0
557 0 19196453 0
558 0 20724299 0
559 0 15742672 0
560 0 22534699 0
561 0 22343949 0
562 0 20908278 0
563 1 155097 688
564 0 21460179 0
565 1 220725 1098
566 0 20438373 0
567 1 303365 1547
568 0 20926415 0
569 0 20030935 0
570 0 22609372 0
571 0 23004551 0
572 1 54696 194
573 0 22607555 0
574 1 114423 508
575 1 438624 1963
576 0 22941445 0
577 1 8148 4
578 0 22024740 0
579 1 95765 414
580 1 420087 1927
581 0 22545994 0
582 0 22691215 0
583 0 22208439 0
584 0 22548335 0
585 1 162925 824
586 0 21105509 0
587 1 316585 1583
588 0 20993605 0
589 0 21445657 0
590 0 22065730 0
591 0 21889854 0
592 0 20075967 0
593 0 19883552 0
594 0 21217541 0
595 0 21224194 0
596 0 21784101 0
597 1 132589 657
598 1 447218 2329
599 0 19739576 0
600 0 19844205 0
601 0 20551539 0
602 0 18405787 0
603 1 137124 601
604 0 19251256 0
605 0 16145050 0
606 0 20929589 0
607 0 18386874 0
608 1 598411 2727
609 1 421422 1895
610 1 23882 91
611 1 510179 2340
612 0 20681821 0
613 0 21152672 0
614 0 22497201 0
615 0 22945642 0
616 0 22527372 0
617 0 15672492 0
618 0 18895602 0
619 1 218816 970
620 1 552125 2522
621 1 366200 1673
622 1 592764 2707
623 0 20897991 0
624 0 18923609 0
625 0 21239628 0
626 1 310381 1390
627 1 276920 1259
628 1 201538 904
629 0 18920606 0
630 0 19484688 0
631 0 20559282 0
632 0 19449175 0
633 1 570085 2604
634 0 21622938 0
635 0 18343654 0
636 0 20292220 0
637 1 316476 1399
638 0 18931431 0
639 0 20412472 0
640 0 21728859 0
641 1 176952 788
642 0 21069376 0
643 0 22262381 0
644 0 20404365 0
645 0 20763394 0
646 0 15688868 0
647 0 21216722 0
648 0 20048256 0
649 1 260718 1344
650 1 159060 710
651 0 21098800 0
652 0 22571702 0
653 0 21241578 0
654 0 20246693 0
655 0 20124921 0
656 0 21134099 0
657 0 22083469 0
658 0 15684454 0
659 0 20124519 0
660 1 285942 1281
661 0 20451183 0
662 1 605115 2758
663 0 18823325 0
664 0 16513328 0
665 0 20168306 0
666 0 19475973 0
667 0 22048580 0
668 1 160545 700
669 1 6808 14
670 0 19649839 0
671 1 174906 764
672 1 134721 603
673 1 815870 3721
674 0 19427409 0
675 1 401287 1814
676 0 22651021 0
677 1 114227 494
678 0 19925702 0
679 0 19085582 0
680 0 15590407 0
681 0 21163385 0
682 0 19124060 0
683 0 19932392 0
684 1 56876 198
685 1 36061 149
686 0 15628856 0
687 0 19893026 0
688 0 15378949 0
689 0 19585846 0
690 0 21112411 0
691 1 109006 469
692 1 260189 1183
693 0 20130377 0
694 0 15696176 0
695 1 24340 62
696 0 19783476 0
697 0 18672429 0
698 0 19531391 0
699 1 637442 2901
700 1 110058 540
701 1 187368 853
702 0 15764876 0
703 0 19409796 0
704 1 48462 191
705 0 22160251 0
706 0 21091669 0
707 0 15302848 0
708 0 19363468 0
709 0 21427611 0
710 0 22632919 0
711 0 20540851 0
712 0 20079014 0
713 0 15701571 0
714 0 21826307 0
715 0 21802998 0
716 0 19427209 0
717 1 745534 3420
718 0 19190072 0
719 0 22217984 0
720 1 212375 960
721 0 21783726 0
722 0 15474217 0
723 0 21675654 0
724 0 20806146 0
725 0 20685176 0
726 0 15566381 0
727 0 19920638 0
728 0 19361203 0
729 1 101760 430
730 0 19009914 0
731 0 19371749 0
732 0 19360563 0
733 0 19583334 0
734 0 15253380 0
735 0 21897183 0
736 0 21157809 0
737 1 67259 239
738 0 20765363 0
739 0 15575405 0
740 0 21085926 0
741 0 15463663 0
742 0 19174790 0
743 1 196939 879
744 0 18903421 0
745 0 22747604 0
746 1 495536 2254
747 0 18954606 0
748 0 20215537 0
749 0 21330237 0
750 1 82440 320
751 0 18818256 0
752 0 19681352 0
753 1 34421 130
754 0 19271950 0
755 0 15793671 0
756 1 386765 1761
757 0 20044526 0
758 1 346505 1489
759 0 18284936 0
760 0 21530554 0
761 0 19361472 0
762 0 19242880 0
763 0 18985298 0
764 0 18864375 0
765 0 18786766 0
766 1 86548 370
767 0 22754328 0
768 0 20579765 0
769 0 15720552 0
770 0 19853235 0
771 0 15417472 0
772 0 20405737 0
773 0 21538890 0
774 0 19796254 0
775 1 513586 2343
776 1 410232 1873
777 0 19727242 0
778 0 20527239 0
779 1 99483 422
780 0 20956863 0
781 1 69566 280
782 1 493823 2241
783 1 572883 2631
784 0 20105388 0
785 0 19119862 0
786 0 19913660 0
787 0 19907957 0
788 1 165503 844
789 0 19142446 0
790 1 337514 1528
791 0 15866359 0
792 1 445097 2023
793 1 195721 884
794 0 20791993 0
795 1 553577 2532
796 0 19556976 0
797 1 360600 1648
798 0 19261948 0
799 0 19695145 0
800 1 356855 1619
801 1 38865 155
802 0 19144428 0
803 1 257992 1161
804 1 342093 1554
805 0 19152048 0
806 0 19537661 0
807 0 19280641 0
808 0 22218479 0
809 0 20032486 0
810 0 19154327 0
811 0 15568919 0
812 0 20591065 0
813 0 22846682 0
814 0 21030557 0
815 0 15984668 0
816 0 19134465 0
817 0 19071499 0
818 0 19423968 0
819 1 443050 2007
820 1 385582 1963
821 0 19418294 0
822 0 15933076 0
823 0 19428128 0
824 1 668383 3063
825 0 19289166 0
826 0 19882936 0
827 1 439041 2009
828 1 576599 2655
829 0 18586736 0
830 1 397842 1809
831 0 15821603 0
832 1 359364 1639
833 1 479109 2192
834 1 466300 2144
835 0 19405536 0
836 0 19775684 0
837 0 20984258 0
838 0 18895344 0
839 0 20748802 0
840 1 364459 1632
841 0 19570802 0
842 0 19623071 0
843 1 153689 776
844 0 20843691 0
845 0 20070880 0
846 0 21337184 0
847 0 19614192 0
848 1 526579 2406
849 0 19407796 0
850 0 18781348 0
851 0 18744124 0
852 0 19442035 0
853 1 90128 360
854 0 15227422 0
855 0 18840237 0
856 1 232398 1013
857 1 48430 182
858 0 19188088 0
859 0 19300156 0
860 0 19789978 0
861 0 19357512 0
862 0 18683616 0
863 0 19432114 0
864 0 15555923 0
865 0 18732744 0
866 0 18476361 0
867 1 492630 2553
868 0 19061575 0
869 1 311332 1570
870 1 174987 796
871 0 18978366 0
872 1 104514 455
873 0 19357973 0
874 1 396389 1802
875 0 19114701 0
876 0 22329503 0
877 0 20365099 0
878 1 238535 1082
879 0 19808484 0
880 0 18523315 0
881 0 18806634 0
882 0 19257552 0
883 0 20542612 0
884 0 21631699 0
885 0 21370098 0
886 1 236602 1072
887 1 9106 27
888 1 607727 2802
889 0 19901232 0
890 0 18966920 0
891 0 21676271 0
892 0 19448220 0
893 0 19021129 0
894 0 19214411 0
895 1 334498 1496
896 0 19671331 0
897 0 15573030 0
898 0 21837470 0
899 0 16165236 0
900 0 18678399 0
901 0 21968424 0
902 0 17393788 0
903 0 21454187 0
904 0 15791447 0
905 0 21002384 0
906 1 238689 1070
907 0 20879758 0
908 0 21368867 0
909 1 76209 315
910 0 21415040 0
911 0 21614797 0
912 0 22501373 0
913 0 15985826 0
914 1 703976 3218
915 0 21510508 0
916 1 140199 592
917 1 270838 1237
918 0 20051683 0
919 0 22163104 0
920 0 15491273 0
921 0 21939971 0
922 0 18437852 0
923 0 19899572 0
924 1 537800 2459
925 0 21144245 0
926 1 49660 177
927 0 19901803 0
928 0 22681339 0
929 1 388568 1770
930 0 18959588 0
931 0 20822027 0
932 1 426509 1953
933 1 16551 56
934 1 39340 189
935 1 645509 2964
936 0 22229087 0
937 0 21681041 0
938 0 19409693 0
939 1 298224 1352
940 1 9583 30
941 0 19854806 0
942 1 37896 131
943 1 161451 687
944 0 19356491 0
945 0 19264881 0
946 0 18842718 0
947 0 19210511 0
948 0 19796286 0
949 0 18940850 0
950 0 22046530 0
951 1 176469 897
952 0 22243910 0
953 0 20894165 0
954 0 19378866 0
955 1 189254 843
956 1 190278 868
957 1 182461 830
958 0 19025309 0
959 1 241382 1220
960 0 19016968 0
961 1 5023 5
962 0 22195307 0
963 0 15666281 0
964 1 153408 688
965 0 20398141 0
966 1 298830 1371
967 1 411460 1891
968 0 19584556 0
969 0 15626088 0
970 0 18396351 0
971 1 92349 402
972 0 21183100 0
973 1 151992 661
974 0 20511697 0
975 0 20866625 0
976 1 357799 1576
977 0 19356765 0
978 0 21123968 0
979 0 18606235 0
980 1 135261 605
981 0 20901902 0
982 1 182075 814
983 1 387909 1783
984 1 16043 60
985 0 19606803 0
986 0 22141314 0
987 1 157504 692
988 0 19299912 0
989 0 19294243 0
990 0 19387212 0
991 0 18966365 0
992 0 22096486 0
993 1 895009 4038
994 1 800064 3669
995 0 22792997 0
996 0 15712331 0
997 0 22473195 0
998 0 22747724 0
999 1 323788 1428
1000 1 214765 975
1001 0 20351368 0
1002 1 169322 748
1003 1 277588 1263
1004 1 160522 726
1005 0 19250665 0
1006 0 19017964 0
1007 0 22653603 0
1008 1 222066 976
1009 0 19733450 0
1010 0 15495066 0
1011 0 19389289 0
1012 1 118336 520
1013 1 77922 345
1014 1 343075 1561
1015 1 996093 4564
1016 0 22233833 0
1017 1 311832 1408
1018 0 21216074 0
1019 0 20202299 0
1020 1 905744 4125
1021 1 23257 88
1022 1 86065 378
1023 1 355236 1616
1024 0 19303270 0
1025 1 568160 2969
1026 0 18457629 0
1027 1 766397 3508
1028 1 369916 1696
1029 1 36053 123
1030 1 34757 142
1031 0 20003712 0
1032 0 20510183 0
1033 0 22592728 0
1034 0 20158828 0
1035 0 21338866 0
1036 0 21155204 0
1037 0 20568203 0
1038 1 92119 387
1039 0 19159770 0
1040 0 21016917 0
1041 0 16068861 0
1042 1 283397 1298
1043 0 20418469 0
1044 0 19475697 0
1045 1 236955 1078
1046 0 18751380 0
1047 1 428230 1967
1048 0 15656619 0
1049 0 20097667 0
1050 0 15640270 0
1051 0 19830884 0
1052 0 19031522 0
1053 0 19653425 0
1054 0 20315819 0
1055 0 19601837 0
1056 0 19235479 0
1057 0 22151674 0
1058 0 20298106 0
1059 0 22029616 0
1060 0 21002578 0
1061 0 20365073 0
1062 1 206188 920
1063 0 18591009 0
1064 0 21203141 0
1065 0 19447083 0
1066 1 203350 912
1067 0 18997062 0
1068 0 19482526 0
1069 1 187959 851
1070 1 160115 724
1071 0 19234314 0
1072 0 19208417 0
1073 1 305746 1369
1074 1 525960 2400
1075 0 19960808 0
1076 0 15843264 0
1077 0 22514896 0
1078 0 20761496 0
1079 1 671736 3066
1080 0 15775109 0
1081 1 296210 1343
1082 1 79295 351
1083 1 436156 1989
1084 0 21295189 0
1085 0 22878723 0
1086 0 15663812 0
1087 1 226571 1026
1088 0 15737391 0
1089 0 20237961 0
1090 0 18534953 0
1091 1 154552 760
1092 0 20004072 0
1093 0 19457955 0
1094 0 18976600 0
1095 0 18799135 0
1096 0 18879073 0
1097 0 21882382 0
1098 0 22029651 0
1099 0 15615717 0
1100 0 19457008 0
1101 0 15441967 0
1102 0 19296805 0
1103 1 64509 261
1104 1 540197 2471
1105 1 84980 377
1106 1 236587 1078
1107 0 19866888 0
1108 0 21982679 0
1109 0 20582921 0
1110 0 18709798 0
1111 0 18488209 0
1112 1 345462 1565
1113 0 19866519 0
1114 0 19649792 0
1115 1 404347 2091
1116 0 18525880 0
1117 1 117498 499
1118 1 418934 1919
1119 1 387075 1775
1120 0 21692979 0
1121 0 15708635 0
1122 1 522690 2407
1123 0 20593228 0
1124 1 392942 1799
1125 1 257841 1176
1126 0 15914158 0
1127 1 548548 2511
1128 0 19240923 0
1129 1 298087 1337
1130 0 18624884 0
1131 0 19763395 0
1132 1 26335 87
1133 1 135316 605
1134 1 103517 438
1135 0 20926667 0
1136 1 157361 797
1137 1 206180 938
1138 1 188250 849
1139 0 18950721 0
1140 0 15320975 0
1141 0 19331450 0
1142 0 20119870 0
1143 0 15657504 0
1144 0 18917257 0
1145 0 20106146 0
1146 1 152527 745
1147 0 22448295 0
1148 0 15538437 0
1149 0 18813534 0
1150 1 402060 1832
1151 0 19666064 0
1152 0 20866234 0
1153 0 19365010 0
1154 0 20005693 0
1155 1 411377 1866
1156 0 20190129 0
1157 0 22939780 0
1158 0 20299490 0
1159 1 53952 226
1160 0 21316475 0
1161 0 15469309 0
1162 1 81055 339
1163 0 19312111 0
1164 0 21098601 0
1165 0 19061596 0
1166 1 162433 706
1167 0 21465801 0
1168 0 21447543 0
1169 0 20516769 0
1170 0 19338668 0
1171 0 20095804 0
1172 0 15882948 0
1173 0 22119622 0
1174 0 15798304 0
1175 0 15513520 0
1176 1 427952 1944
1177 0 19421315 0
1178 0 19175507 0
1179 0 19141857 0
1180 1 109026 461
1181 1 88572 393
1182 0 19133066 0
1183 0 20024714 0
1184 0 19937721 0
1185 1 311986 1408
1186 0 21575445 0
1187 0 20125161 0
1188 0 21728850 0
1189 0 22656510 0
1190 0 15898938 0
1191 0 20037261 0
1192 0 22443132 0
1193 0 19681643 0
1194 0 22873856 0
1195 0 22545653 0
1196 1 64590 279
1197 0 23125452 0
1198 0 15583533 0
1199 1 507833 2325
