0 0 19797027 0
1 0 19145402 0
2 1 702367 3229
3 0 19826828 0
4 1 115142 494
5 0 19011097 0
6 1 700450 3663
7 0 20564747 0
8 1 513165 2342
9 1 317393 1451
10 1 3794 5
11 1 441296 2029
12 0 18457941 0
13 0 18802841 0
14 1 280080 1237
15 1 329192 1487
16 0 15805391 0
17 1 530441 2423
18 0 18809167 0
19 1 1006530 4631
20 1 280959 1279
21 1 340910 1561
22 0 18846053 0
23 0 15713915 0
24 0 20134709 0
25 0 15678069 0
26 0 15552117 0
27 1 845410 3899
28 1 621747 2845
29 0 18555668 0
30 0 18437972 0
31 1 317186 1433
32 0 21179388 0
33 1 530709 2432
34 1 215756 982
35 0 19522059 0
36 1 589686 2697
37 1 453898 2082
38 0 19700126 0
39 1 803817 3704
40 1 465169 2140
41 0 19542241 0
42 1 67873 294
43 0 19194407 0
44 1 341249 1550
45 0 21787155 0
46 0 19049800 0
47 0 15488342 0
48 1 374244 1716
49 1 58875 254
50 0 18824896 0
51 0 19362653 0
52 1 665051 3066
53 0 19859113 0
54 0 18949144 0
55 0 22437314 0
56 0 18667872 0
57 0 21131231 0
58 0 19443942 0
59 1 542537 2675
60 0 19379174 0
61 0 19722565 0
62 0 19248160 0
63 1 235636 1045
64 0 19706801 0
65 1 283983 1290
66 1 270748 1229
67 1 678949 3116
68 0 22606666 0
69 0 20176274 0
70 0 22921609 0
71 0 22584507 0
72 1 482642 2188
73 1 131914 586
74 0 21845335 0
75 0 19184788 0
76 0 15783112 0
77 0 17249463 0
78 0 19457718 0
79 0 17229811 0
80 1 575768 2979
81 1 484183 2519
82 0 18984605 0
83 1 286250 1290
84 1 242592 1077
85 0 15510662 0
86 1 714071 3269
87 0 19459966 0
88 1 920773 4242
89 0 19951108 0
90 1 636324 2931
91 1 857282 3961
92 1 806856 3722
93 0 19820602 0
94 0 19338237 0
95 1 306181 1373
96 0 19110027 0
97 1 572971 2558
98 1 949721 4388
99 0 18937950 0
100 0 21963354 0
101 0 21114028 0
102 0 20527729 0
103 0 19603292 0
104 0 19374669 0
105 0 20368132 0
106 1 369121 1694
107 1 559130 2577
108 1 591913 2721
109 0 19578385 0
110 0 19309138 0
111 1 472530 2167
112 0 19249735 0
113 0 15634502 0
114 0 19774900 0
115 0 20482848 0
116 0 20636614 0
117 1 655925 3417
118 1 450122 2062
119 0 20020246 0
120 0 20092660 0
121 0 19416824 0
122 0 18635236 0
123 1 308279 1557
124 0 15695910 0
125 1 503193 2296
126 0 18618991 0
127 0 20248022 0
128 0 19817447 0
129 0 21213138 0
130 1 536166 2467
131 0 19273487 0
132 1 359327 1643
133 1 140701 709
134 0 19955270 0
135 0 19927952 0
136 0 15680309 0
137 1 544999 2826
138 0 18639339 0
139 0 20458350 0
140 0 19307384 0
141 1 482607 2171
142 0 22322483 0
143 1 40752 160
144 0 20426513 0
145 1 1217953 5581
146 0 21465452 0
147 0 20265125 0
148 0 21388784 0
149 0 19223359 0
150 1 632786 2864
151 0 19667565 0
152 0 22259844 0
153 0 21147854 0
154 0 22396072 0
155 0 21255284 0
156 0 15606766 0
157 0 20292207 0
158 0 20633514 0
159 1 234659 1050
160 0 19992667 0
161 0 20746831 0
162 1 705806 3230
163 0 19077569 0
164 1 1014041 4683
165 1 550289 2531
166 0 18591873 0
167 0 15490207 0
168 1 602185 2758
169 0 19450828 0
170 1 509093 2330
171 1 233267 1066
172 0 19267253 0
173 0 20885793 0
174 0 20481069 0
175 0 19218572 0
176 0 19415101 0
177 0 21927374 0
178 0 21423779 0
179 0 22499187 0
180 1 647293 2980
181 0 20495616 0
182 1 332932 1698
183 1 30054 122
184 1 255799 1171
185 1 575259 2644
186 1 583630 2692
187 0 20334400 0
188 0 22341346 0
189 1 71899 263
190 1 218270 1000
191 1 70035 297
192 0 20688347 0
193 0 21649696 0
194 0 22439955 0
195 1 431216 2219
196 1 668712 3089
197 0 23063879 0
198 0 21182908 0
199 1 537578 2455
200 1 917634 4238
201 0 19801534 0
202 0 19898391 0
203 1 362704 1662
204 1 179157 813
205 0 20046959 0
206 0 20908990 0
207 0 19904705 0
208 1 520705 2382
209 1 357796 1812
210 0 19373785 0
211 0 22513685 0
212 1 335827 1529
213 0 20296760 0
214 1 529638 2423
215 1 516164 2324
216 1 205972 944
217 0 19063355 0
218 1 20524 69
219 0 19886921 0
220 0 19413501 0
221 0 19358477 0
222 0 19603203 0
223 0 20933393 0
224 0 19124482 0
225 0 19818395 0
226 0 22453461 0
227 1 16321 53
228 1 240329 1087
229 0 22072827 0
230 0 21142179 0
231 1 198217 878
232 0 22857782 0
233 0 15519216 0
234 1 562213 2586
235 0 20003353 0
236 0 19814684 0
237 0 19498426 0
238 0 15377166 0
239 0 19380754 0
240 0 16139264 0
241 1 312225 1413
242 1 816086 3767
243 0 19050031 0
244 1 1424021 6564
245 1 305734 1587
246 1 73910 324
247 1 503212 2318
248 1 142358 643
249 1 612049 2823
250 1 643104 2958
251 0 18625431 0
252 0 18966105 0
253 0 21873053 0
254 0 15338903 0
255 1 714485 3278
256 0 20000159 0
257 0 19681148 0
258 0 19704185 0
259 0 19993409 0
260 1 1052094 4873
261 1 1642678 7596
262 1 131557 585
263 1 795638 3640
264 0 21319154 0
265 0 15718783 0
266 0 19919639 0
267 0 20569788 0
268 1 224105 1000
269 1 436561 1999
270 0 20035394 0
271 0 15541184 0
272 1 691081 3606
273 0 20413168 0
274 0 20137103 0
275 1 370314 1665
276 0 21109524 0
277 0 15707479 0
278 0 21903092 0
279 1 619216 2850
280 1 448133 2059
281 0 19692901 0
282 0 21383017 0
283 1 136541 566
284 0 20361458 0
285 0 20776465 0
286 0 20467886 0
287 1 769572 4009
288 0 20060031 0
289 0 20787666 0
290 0 19273395 0
291 0 22094030 0
292 0 19849755 0
293 1 1420224 6543
294 1 465582 2133
295 1 785962 3623
296 0 22690661 0
297 0 19550345 0
298 0 20360649 0
299 1 675036 3507
300 0 20635162 0
301 0 19561732 0
302 1 157770 702
303 1 925451 4281
304 0 18992005 0
305 1 326897 1479
306 1 655659 3028
307 0 20375631 0
308 0 18770715 0
309 0 20157764 0
310 0 18494549 0
311 0 18507794 0
312 1 1164777 5369
313 0 19300177 0
314 0 18611544 0
315 0 21808172 0
316 1 545060 2487
317 1 683214 3144
318 1 1404231 6497
319 1 597532 2760
320 1 282564 1301
321 0 21874655 0
322 0 21036697 0
323 1 768301 4015
324 1 726397 3347
325 0 19098629 0
326 1 202895 910
327 0 20186909 0
328 1 488908 2230
329 0 18810143 0
330 1 629009 2882
331 0 22613454 0
332 0 19498382 0
333 0 20076052 0
334 0 20087165 0
335 1 879102 4013
336 1 728302 3371
337 0 19578619 0
338 0 21705835 0
339 0 21615109 0
340 0 19511137 0
341 1 545218 2488
342 1 725614 3342
343 0 19655587 0
344 0 20135053 0
345 1 170074 765
346 1 320369 1461
347 0 19808896 0
348 0 21896156 0
349 0 20607212 0
350 1 82123 342
351 0 20771557 0
352 1 1200171 5546
353 1 588605 2704
354 0 20230932 0
355 0 19840606 0
356 0 19653961 0
357 0 19748688 0
358 0 21443977 0
359 0 20432261 0
360 1 1109645 5104
361 0 19750797 0
362 1 199746 899
363 0 20240471 0
364 0 19326483 0
365 0 20165235 0
366 1 376028 1725
367 0 18847013 0
368 0 19344284 0
369 0 19304806 0
370 0 19934656 0
371 1 293531 1318
372 0 19655392 0
373 0 21803416 0
374 0 20022214 0
375 0 19780885 0
376 0 19499603 0
377 0 18632176 0
378 1 723284 3304
379 1 326628 1700
380 1 614627 2837
381 1 852680 3922
382 0 19641742 0
383 1 412894 1883
384 0 18892679 0
385 0 19688349 0
386 1 373436 1713
387 0 18969842 0
388 0 18803560 0
389 0 19169155 0
390 0 20163707 0
391 0 19370205 0
392 0 19023630 0
393 0 20148068 0
394 0 20574043 0
395 1 754924 3928
396 0 18056465 0
397 1 21735 59
398 0 22132413 0
399 1 501998 2288
400 1 454435 2098
401 1 384168 1763
402 0 21786554 0
403 0 18904564 0
404 0 15468313 0
405 1 517732 2373
406 1 584737 2682
407 0 18580197 0
408 1 34561 124
409 0 16075912 0
410 0 22472300 0
411 0 15335287 0
412 1 139106 606
413 0 20429648 0
414 0 15356970 0
415 0 19538178 0
416 0 19753092 0
417 1 313491 1591
418 0 19786277 0
419 0 19840263 0
420 0 19600510 0
421 0 20293671 0
422 0 21790118 0
423 0 20336550 0
424 0 19777552 0
425 0 18918752 0
426 0 19800392 0
427 1 699366 3175
428 1 776589 3589
429 0 21414303 0
430 1 538041 2442
431 0 20464692 0
432 0 20299389 0
433 0 15537918 0
434 0 19507919 0
435 0 19668662 0
436 1 1686733 7858
437 1 231013 1058
438 1 84391 363
439 0 20049008 0
440 1 350735 1596
441 1 323414 1487
442 1 820091 3789
443 0 18231473 0
444 0 21833188 0
445 0 20648933 0
446 0 20175733 0
447 0 19980972 0
448 0 18723597 0
449 1 652942 2996
450 1 436284 2278
451 1 530817 2448
452 0 19492624 0
453 1 952000 4372
454 0 19926889 0
455 0 19808377 0
456 1 729640 3328
457 0 19473705 0
458 0 19240890 0
459 0 19355413 0
460 0 19282634 0
461 0 15798718 0
462 0 19713864 0
463 0 19281926 0
464 0 21838428 0
465 1 78465 336
466 0 20096428 0
467 1 767821 4017
468 0 19899693 0
469 0 19125862 0
470 0 18823968 0
471 0 19652181 0
472 1 266743 1203
473 0 21535736 0
474 1 559414 2566
475 0 20350135 0
476 1 334740 1727
477 0 19096848 0
478 0 19394681 0
479 0 20843251 0
480 0 20677612 0
481 0 20716404 0
482 1 560653 2927
483 0 19397001 0
484 0 19594107 0
485 0 20331858 0
486 0 15626411 0
487 1 100228 429
488 1 394919 1816
489 1 1030660 4781
490 0 20095163 0
491 0 18544699 0
492 0 18679283 0
493 0 21557521 0
494 1 640108 2937
495 0 19495386 0
496 0 19099382 0
497 1 358460 1638
498 1 265527 1381
499 1 821410 3796
500 0 20116283 0
501 0 19986929 0
502 0 19536826 0
503 0 15907829 0
504 1 459624 2096
505 0 18629075 0
506 0 19837484 0
507 0 15638426 0
508 0 18904161 0
509 1 237028 1205
510 0 19554153 0
511 1 429087 1905
512 0 20019720 0
513 1 725269 3785
514 1 404244 1862
515 0 19593084 0
516 1 460726 2098
517 1 641225 2968
518 1 583688 3038
519 1 109463 450
520 0 20292098 0
521 1 185939 828
522 0 19999315 0
523 0 15618091 0
524 0 21315990 0
525 0 21021438 0
526 1 71192 301
527 1 736274 3400
528 0 20543709 0
529 1 619866 3241
530 0 19659418 0
531 1 375272 1698
532 0 18752182 0
533 0 19487787 0
534 1 263244 1183
535 0 19689877 0
536 1 72134 305
537 1 670340 3082
538 0 18350168 0
539 1 359837 1378
540 0 22878158 0
541 1 456929 2066
542 1 163109 724
543 1 359152 1641
544 1 103757 525
545 0 15473275 0
546 1 574999 2592
547 1 252757 1151
548 0 18979723 0
549 1 947475 4349
550 1 395878 1797
551 1 2407788 11115
552 1 589144 2708
553 0 19109789 0
554 0 19946640 0
555 0 19800719 0
556 1 895723 4150
557 1 702799 3243
558 0 23268827 0
559 1 745990 3415
560 0 21028199 0
561 0 19915466 0
562 0 15425568 0
563 0 15990951 0
564 1 573013 2626
565 1 29269 124
566 1 497002 2263
567 0 15353089 0
568 0 18616547 0
569 0 20437168 0
570 0 21597022 0
571 1 1137225 5223
572 0 15650442 0
573 1 479420 2156
574 0 15623080 0
575 0 15568223 0
576 1 221467 999
577 0 19884924 0
578 0 21566316 0
579 0 20763471 0
580 0 15596617 0
581 1 25725 59
582 0 20034720 0
583 0 20193430 0
584 1 666599 3046
585 0 20890682 0
586 0 20599334 0
587 1 436575 1961
588 1 333664 1527
589 1 674099 3093
590 1 557463 2559
591 1 788827 3624
592 0 15721416 0
593 0 20771171 0
594 0 20436211 0
595 0 19576401 0
596 1 179216 677
597 1 1276962 5890
598 1 432631 1962
599 0 21002918 0
600 1 444517 2012
601 1 745364 3427
602 1 460481 2106
603 1 661570 3036
604 0 19714379 0
605 0 20732121 0
606 0 20661406 0
607 1 398005 1801
608 0 19568215 0
609 1 241845 1071
610 0 20265377 0
611 0 20894267 0
612 0 22328187 0
613 0 21058637 0
614 0 15815377 0
615 0 21597640 0
616 1 41010 126
617 0 20454770 0
618 0 22650978 0
619 0 22141953 0
620 1 728077 3334
621 1 575516 2646
622 1 754966 3471
623 0 21364543 0
624 0 22786974 0
625 1 330857 1704
626 1 42728 182
627 0 22140292 0
628 0 19745201 0
629 0 15253042 0
630 0 20446557 0
631 1 568372 2565
632 0 19354145 0
633 0 20802055 0
634 0 19762453 0
635 0 19974390 0
636 0 22247248 0
637 1 357269 1851
638 0 21087117 0
639 1 1276638 5902
640 0 19273318 0
641 0 20008714 0
642 1 52039 202
643 0 15703840 0
644 0 18889726 0
645 0 20165378 0
646 0 15220898 0
647 0 19155159 0
648 0 19284047 0
649 1 279424 1420
650 0 21797430 0
651 1 623933 2843
652 0 19544050 0
653 0 18992672 0
654 1 199253 891
655 0 20004088 0
656 1 469529 2153
657 0 19048491 0
658 0 22051273 0
659 0 20382784 0
660 0 19436799 0
661 0 15237831 0
662 1 219011 1091
663 1 513236 2339
664 0 19406555 0
665 0 19320778 0
666 1 700528 3213
667 0 19491826 0
668 1 482831 2513
669 1 598546 2761
670 1 369909 1700
671 0 20097740 0
672 0 19429469 0
673 0 18923359 0
674 1 329519 1487
675 0 19165801 0
676 0 20502427 0
677 1 513176 2647
678 0 20101754 0
679 0 21142628 0
680 0 15214717 0
681 0 19139344 0
682 0 20554168 0
683 0 20183087 0
684 1 606003 2789
685 1 522815 2409
686 0 21883890 0
687 0 19674105 0
688 0 19788052 0
689 1 672654 3075
690 0 19329275 0
691 0 19551929 0
692 0 18876629 0
693 1 1192272 5504
694 1 251826 1148
695 0 19581183 0
696 0 20458111 0
697 0 19305755 0
698 1 322445 1660
699 1 166381 736
700 1 907723 4197
701 0 19480543 0
702 0 21184476 0
703 0 19200215 0
704 1 548650 2513
705 0 19591295 0
706 1 474124 2172
707 0 15671026 0
708 1 418874 1907
709 0 19948910 0
710 0 19113897 0
711 0 19710833 0
712 0 21158698 0
713 0 19748712 0
714 1 1138233 5228
715 0 19784013 0
716 0 19838352 0
717 0 18872953 0
718 1 958423 4389
719 0 22349276 0
720 0 15595498 0
721 1 281664 1248
722 0 20320114 0
723 1 283565 1276
724 1 805821 3720
725 1 22009 82
726 0 19061232 0
727 0 20010810 0
728 0 18586412 0
729 0 22348705 0
730 0 18428366 0
731 0 18642789 0
732 0 20303697 0
733 0 19038633 0
734 0 19089634 0
735 0 20564749 0
736 0 19446356 0
737 0 18979876 0
738 0 19237551 0
739 0 21959837 0
740 0 21192806 0
741 0 15709770 0
742 0 20470549 0
743 1 461996 2113
744 0 19397228 0
745 1 467185 1867
746 0 19295252 0
747 0 15683447 0
748 1 375615 1708
749 1 956711 4420
750 0 15352871 0
751 0 20114057 0
752 0 19334838 0
753 0 18921037 0
754 0 19587083 0
755 0 20560369 0
756 1 509318 2644
757 0 22423847 0
758 0 20446996 0
759 0 21128737 0
760 1 291519 1292
761 0 21249233 0
762 1 387667 1767
763 0 21304103 0
764 1 447281 2052
765 1 191326 865
766 0 19773122 0
767 0 18948521 0
768 0 22035252 0
769 0 15685411 0
770 1 406582 1849
771 1 592271 2729
772 1 376034 1722
773 1 469977 2161
774 0 21432704 0
775 0 15985155 0
776 0 17113238 0
777 1 1020147 4630
778 0 19341966 0
779 0 21213733 0
780 1 136973 603
781 0 15660236 0
782 1 453140 2337
783 1 1179959 5424
784 0 18835461 0
785 0 21419120 0
786 1 144472 638
787 1 585414 2612
788 1 258281 1130
789 0 19010796 0
790 0 19967281 0
791 0 18782119 0
792 0 18996332 0
793 1 337648 1524
794 0 19323966 0
795 1 1011598 4644
796 1 487599 2237
797 1 783796 3583
798 0 22558434 0
799 0 22006089 0
800 0 19483573 0
801 0 22890549 0
802 0 22068815 0
803 0 21435248 0
804 0 19214741 0
805 0 21762044 0
806 0 18453570 0
807 1 897007 4063
808 0 18560176 0
809 1 549912 2855
810 0 18672007 0
811 0 18640002 0
812 0 18971426 0
813 0 20641859 0
814 1 688106 3575
815 1 320021 1669
816 0 21869177 0
817 0 15935817 0
818 1 478273 2168
819 0 22512739 0
820 0 20774158 0
821 0 19802146 0
822 0 22827716 0
823 0 22313215 0
824 1 21551 68
825 0 22283225 0
826 0 20025037 0
827 0 19386020 0
828 0 19961464 0
829 0 15289981 0
830 1 575125 2999
831 1 99559 421
832 1 503595 2314
833 0 19854654 0
834 1 442609 2004
835 1 418592 1921
836 1 449399 2073
837 0 18759731 0
838 1 576224 2643
839 0 19197175 0
840 1 409085 1872
841 1 918399 4239
842 0 20679771 0
843 0 21647380 0
844 1 526466 2408
845 0 21288752 0
846 1 268228 1208
847 0 19378310 0
848 1 327557 1670
849 0 21142004 0
850 0 20906856 0
851 1 107724 530
852 0 19937852 0
853 1 565386 2587
854 0 18996138 0
855 1 394574 1805
856 0 18783930 0
857 0 15536438 0
858 1 542288 2483
859 0 20071438 0
860 1 703692 3236
861 1 750222 3462
862 0 18934718 0
863 1 464242 2120
864 0 15602661 0
865 1 546288 2501
866 1 370662 1701
867 0 19505494 0
868 0 19762768 0
869 0 18550565 0
870 0 19479834 0
871 1 947759 4367
872 0 15355364 0
873 0 15407305 0
874 1 55061 229
875 1 323914 1487
876 0 19476171 0
877 0 20125462 0
878 0 20042453 0
879 1 194074 826
880 0 19224953 0
881 0 18591971 0
882 0 20827911 0
883 0 15912123 0
884 1 436902 1995
885 0 19280672 0
886 1 380424 1931
887 0 22246346 0
888 0 21440815 0
889 1 318916 1414
890 1 710274 3278
891 0 20216345 0
892 0 18627808 0
893 1 455570 2345
894 1 869348 3990
895 0 22182945 0
896 0 16652752 0
897 0 15821870 0
898 0 19507550 0
899 0 19262768 0
900 1 1030511 4758
901 0 21231437 0
902 1 394394 1788
903 1 1172611 5427
904 1 548355 2524
905 0 20888740 0
906 1 254494 1155
907 0 20711514 0
908 0 21371673 0
909 0 20158630 0
910 0 15649730 0
911 0 15552704 0
912 0 19125376 0
913 0 15643811 0
914 1 477210 2188
915 1 420368 1901
916 1 699886 3202
917 0 19979821 0
918 0 18978757 0
919 1 334637 1498
920 1 762241 3510
921 0 21320323 0
922 1 23079 87
923 1 551635 2549
924 1 784789 3610
925 0 19250920 0
926 0 19649804 0
927 0 19401358 0
928 0 19697471 0
929 1 1242504 5745
930 1 383880 1765
931 0 19286111 0
932 1 509077 2639
933 0 18900618 0
934 0 18810165 0
935 0 19390706 0
936 1 776862 3490
937 0 19020411 0
938 1 228971 1031
939 0 18949328 0
940 1 111763 484
941 0 18390954 0
942 0 18998087 0
943 0 19992020 0
944 1 277639 1425
945 0 19660284 0
946 0 18956689 0
947 0 18800121 0
948 0 19624894 0
949 0 15254410 0
950 0 15692913 0
951 0 19531183 0
952 0 22413960 0
953 0 22768575 0
954 1 566032 2559
955 0 21594395 0
956 0 19157177 0
957 0 19186850 0
958 0 22234521 0
959 1 496087 2257
960 0 18685409 0
961 1 305850 1380
962 1 940821 4367
963 0 19682002 0
964 0 20266828 0
965 0 15443104 0
966 0 20367838 0
967 0 19296388 0
968 1 338186 1551
969 1 374803 1716
970 1 219952 997
971 0 19172130 0
972 0 19821454 0
973 1 190028 961
974 0 18664229 0
975 0 18814327 0
976 0 15612185 0
977 1 192300 869
978 0 20786170 0
979 0 19681628 0
980 1 119050 588
981 0 19321030 0
982 0 19562617 0
983 1 174747 851
984 0 20861408 0
985 1 688826 3146
986 0 19858598 0
987 0 18676522 0
988 1 317122 1425
989 1 566441 2613
990 0 15878063 0
991 1 413754 1879
992 1 679218 3140
993 0 21289664 0
994 1 338825 1509
995 0 19043376 0
996 1 889010 4093
997 0 21310781 0
998 0 19419573 0
999 1 360651 1648
1000 0 19005361 0
1001 1 239973 1081
1002 1 332612 1524
1003 1 467669 2148
1004 1 247654 1114
1005 0 19193293 0
1006 0 18554312 0
1007 1 771340 3493
1008 1 262095 1196
1009 0 21545580 0
1010 1 528833 2440
1011 0 20469646 0
1012 0 19172098 0
1013 0 15885368 0
1014 1 268350 1219
1015 0 18917023 0
1016 0 22252809 0
1017 0 19651565 0
1018 0 22858712 0
1019 1 702607 3244
1020 0 19614440 0
1021 0 19955889 0
1022 0 19169425 0
1023 1 584814 2688
1024 1 657660 3027
1025 0 20298083 0
1026 0 18304374 0
1027 0 21134907 0
1028 0 15486787 0
1029 0 19545466 0
1030 0 20562383 0
1031 0 19438495 0
1032 1 730737 3363
1033 1 11939 38
1034 0 19166084 0
1035 0 15307684 0
1036 1 874258 4013
1037 0 19072077 0
1038 0 21498887 0
1039 0 20189872 0
1040 1 743032 3371
1041 1 359183 1642
1042 0 19797883 0
1043 0 20807501 0
1044 1 76553 310
1045 1 405715 1859
1046 1 687951 3166
1047 0 21643663 0
1048 1 302340 1541
1049 0 19569826 0
1050 0 22227278 0
1051 0 18700601 0
1052 0 22006025 0
1053 1 416725 1877
1054 0 21729709 0
1055 1 382679 1746
1056 0 22402227 0
1057 0 21279831 0
1058 0 22680615 0
1059 0 22762443 0
1060 0 22370152 0
1061 1 22792 83
1062 1 95405 427
1063 0 20539932 0
1064 1 763028 3981
1065 1 22169 90
1066 0 20801781 0
1067 0 22476461 0
1068 0 21435791 0
1069 1 277853 1251
1070 0 19269620 0
1071 1 395881 2040
1072 0 19664250 0
1073 1 501650 2283
1074 0 18934041 0
1075 0 21045893 0
1076 0 20050769 0
1077 1 136128 593
1078 0 20490269 0
1079 0 15578977 0
1080 0 22161403 0
1081 0 20751775 0
1082 1 45759 183
1083 0 22438934 0
1084 1 228391 1014
1085 1 60866 222
1086 1 677279 3111
1087 0 15478666 0
1088 0 21597356 0
1089 0 15646030 0
1090 0 22671622 0
1091 0 15339948 0
1092 0 20899119 0
1093 0 20557188 0
1094 0 21732377 0
1095 0 19599049 0
1096 1 81296 317
1097 0 20973959 0
1098 1 782945 4106
1099 1 419985 1925
1100 1 225074 1026
1101 1 191861 811
1102 1 613937 2808
1103 1 628195 2876
1104 1 362847 1653
1105 0 19601271 0
1106 1 291187 1297
1107 0 19173469 0
1108 0 21782770 0
1109 0 22569533 0
1110 1 614760 2799
1111 0 15673367 0
1112 0 19287099 0
1113 0 15760837 0
1114 1 260280 1173
1115 1 730041 3370
1116 0 22270025 0
1117 0 20981337 0
1118 1 164103 741
1119 1 787987 3633
1120 0 21903004 0
1121 0 21407102 0
1122 1 845622 3860
1123 1 217250 1123
1124 1 157546 715
1125 0 19207812 0
1126 1 556396 2543
1127 1 657719 3037
1128 1 950708 4389
1129 0 19339482 0
1130 1 709628 3270
1131 1 573581 2640
1132 0 19633657 0
1133 0 19368296 0
1134 1 298115 1330
1135 1 330795 1483
1136 1 481726 2226
1137 1 452869 2075
1138 1 741011 3412
1139 0 18992412 0
1140 0 19459542 0
1141 0 19241874 0
1142 0 15722328 0
1143 1 364780 1852
1144 1 724940 3348
1145 0 18852610 0
1146 1 1075544 4959
1147 0 20361300 0
1148 0 19269197 0
1149 0 19172002 0
1150 1 824701 3783
1151 0 21045903 0
1152 1 336022 1495
1153 0 21058092 0
1154 0 19457980 0
1155 0 21741012 0
1156 1 1101733 5086
1157 0 21787369 0
1158 1 321077 1465
1159 0 19867164 0
1160 0 21626033 0
1161 1 474538 2141
1162 0 22297791 0
1163 0 17744246 0
1164 0 20044966 0
1165 0 20368436 0
1166 0 21205622 0
1167 1 775789 3579
1168 0 15506253 0
1169 1 545251 2510
1170 0 15599872 0
1171 1 190137 840
1172 0 20153530 0
1173 1 651604 2998
1174 0 15548640 0
1175 1 1244536 5723
1176 0 19315005 0
1177 1 581628 2651
1178 1 1187530 5485
1179 1 395158 1817
1180 0 19121296 0
1181 1 616345 3220
1182 0 19656618 0
1183 1 877532 4558
1184 1 1092129 5026
1185 1 839844 3754
1186 0 20079884 0
1187 0 19538204 0
1188 0 18712733 0
1189 1 367580 1659
1190 1 687926 3173
1191 0 19857815 0
1192 1 287825 1299
1193 0 20436504 0
1194 0 20160214 0
1195 0 19851700 0
1196 0 15670288 0
1197 1 416896 1863
1198 1 1121359 5145
1199 0 19850167 0
0 0 17755320 0
1 1 384276 1753
2 1 475590 2454
3 0 15521235 0
4 1 575372 2633
5 0 20312127 0
6 0 15537858 0
7 0 19053289 0
8 0 16794688 0
9 0 15677349 0
10 0 18591510 0
11 1 583010 2672
12 0 18612283 0
13 1 297729 1352
14 1 53074 207
15 1 765114 3539
16 1 453452 2085
17 0 18865188 0
18 0 20098423 0
19 1 1195035 5493
20 1 811268 3753
21 0 19512938 0
22 0 19751547 0
23 1 734364 3358
24 0 19729758 0
25 0 21879089 0
26 1 963082 4419
27 1 828454 3799
28 1 402595 1847
29 0 19766013 0
30 0 19978966 0
31 0 22737364 0
32 0 22267210 0
33 1 26101 79
34 0 20762566 0
35 1 904825 4153
36 0 21953770 0
37 0 19220997 0
38 0 20034147 0
39 0 20449075 0
40 1 274001 1238
41 0 20394336 0
42 0 21024518 0
43 1 230992 1045
44 1 1411621 6503
45 0 18779647 0
46 0 21528179 0
47 1 405552 2097
48 0 22569540 0
49 0 21588436 0
50 1 136732 664
51 1 506225 2324
52 0 22607303 0
53 1 424530 1909
54 0 22828755 0
55 0 23092279 0
56 1 758000 3484
57 0 15735674 0
58 0 22904255 0
59 0 22820293 0
60 1 669035 3062
61 0 23087058 0
62 0 22573754 0
63 0 22527180 0
64 1 957437 4401
65 1 384323 1756
66 0 22816362 0
67 0 22684067 0
68 0 15553051 0
69 0 20487927 0
70 0 20951138 0
71 1 296407 1306
72 1 511792 2350
73 0 20317845 0
74 0 21399996 0
75 1 102705 511
76 0 19440589 0
77 0 19255239 0
78 0 18947841 0
79 1 278606 1436
80 1 625975 2861
81 0 18857025 0
82 1 326942 1463
83 1 380571 1719
84 0 18985987 0
85 0 20234215 0
86 1 766931 3533
87 1 593788 2739
88 0 21844997 0
89 0 19907270 0
90 0 19522478 0
91 0 21514707 0
92 0 16072835 0
93 1 456315 2102
94 0 20702847 0
95 0 19952297 0
96 0 20931849 0
97 1 407914 1862
98 0 18620531 0
99 0 19411520 0
100 1 121685 586
101 1 503817 2318
102 0 15580552 0
103 0 18568141 0
104 0 15779084 0
105 0 19195137 0
106 0 19118597 0
107 0 19153327 0
108 1 708246 3692
109 1 615799 2833
110 1 659072 3047
111 1 340899 1567
112 0 21193816 0
113 0 20078226 0
114 0 19683096 0
115 0 15683413 0
116 0 18935403 0
117 1 431385 1952
118 0 19456308 0
119 1 589781 2683
120 0 20273553 0
121 0 22290712 0
122 0 22580357 0
123 0 20041325 0
124 0 22184451 0
125 0 21251484 0
126 1 701862 3204
127 0 16050306 0
128 0 15554772 0
129 0 19315979 0
130 0 21701473 0
131 0 21731028 0
132 1 217405 973
133 0 22478310 0
134 1 655893 3411
135 0 20163421 0
136 1 818149 3728
137 0 22626574 0
138 0 19783882 0
139 0 15556066 0
140 1 1353016 6231
141 1 1239097 5652
142 0 18884465 0
143 1 241450 1088
144 1 719025 3307
145 0 19978477 0
146 0 19696963 0
147 0 18441865 0
148 0 18472655 0
149 0 19515152 0
150 1 349601 1519
151 1 635081 2911
152 1 185044 953
153 0 18665936 0
154 0 19106420 0
155 1 472708 2155
156 1 723358 3331
157 0 21434775 0
158 0 15759688 0
159 0 18661500 0
160 1 654450 3008
161 1 524528 2413
162 0 19146364 0
163 1 515952 2369
164 0 19004406 0
165 0 20149391 0
166 0 20586058 0
167 0 19777372 0
168 1 334745 1538
169 0 19628135 0
170 0 19695634 0
171 0 21130277 0
172 1 824188 3801
173 0 20119034 0
174 1 432810 1966
175 1 838445 3872
176 0 19942217 0
177 0 19914997 0
178 1 445580 2029
179 0 19981913 0
180 0 19786994 0
181 0 19395121 0
182 0 20298012 0
183 0 22036292 0
184 0 20215630 0
185 0 15316994 0
186 1 336909 1544
187 0 19439223 0
188 1 772537 4018
189 0 20423405 0
190 1 452366 2046
191 0 20514672 0
192 0 19113047 0
193 0 19332856 0
194 1 123179 529
195 1 492579 2273
196 0 20387717 0
197 0 21278449 0
198 1 555461 2483
199 0 20291189 0
200 0 22185242 0
201 1 410216 1872
202 1 1386767 6385
203 0 21997287 0
204 1 1494240 6840
205 1 358196 1637
206 0 20178089 0
207 0 19958971 0
208 1 552547 2534
209 0 19342010 0
210 0 20410012 0
211 0 20131046 0
212 0 21249113 0
213 0 20827584 0
214 1 430636 2185
215 1 984847 4566
216 0 19654877 0
217 0 19602537 0
218 1 985360 4549
219 0 22185753 0
220 1 498545 2565
221 0 21324698 0
222 1 510012 2635
223 0 20219187 0
224 1 210722 1066
225 0 20524053 0
226 0 19967534 0
227 0 19927755 0
228 0 15504901 0
229 0 20261489 0
230 0 19445388 0
231 0 18805902 0
232 1 364106 1650
233 1 984411 4557
234 0 15775969 0
235 0 19360007 0
236 0 19665939 0
237 1 189582 844
238 1 464659 2134
239 0 19158584 0
240 0 18987023 0
241 0 19711980 0
242 1 924819 4854
243 0 19014012 0
244 1 540369 2479
245 1 352391 1616
246 1 493867 2277
247 0 20550698 0
248 1 300071 1525
249 0 19202305 0
250 0 18669997 0
251 0 20104800 0
252 0 21416446 0
253 0 19316901 0
254 0 18987887 0
255 0 18680168 0
256 0 20004564 0
257 0 20641899 0
258 1 776021 3582
259 1 1196655 5556
260 1 585652 2694
261 1 898826 4156
262 0 19403845 0
263 1 825138 3788
264 1 38081 157
265 1 92432 416
266 0 19343699 0
267 0 15467531 0
268 1 411109 1888
269 0 18548865 0
270 1 433464 1975
271 1 630860 2916
272 0 19116144 0
273 1 589725 2715
274 1 448920 2072
275 1 304150 1589
276 1 974727 4446
277 0 15818531 0
278 0 15789757 0
279 1 559975 2558
280 0 15394458 0
281 0 22444433 0
282 1 646661 2960
283 0 21770566 0
284 1 1234988 5662
285 1 90297 403
286 1 600166 2759
287 0 20652911 0
288 0 20627988 0
289 0 21803520 0
290 1 510259 2323
291 1 660008 3037
292 1 606419 2768
293 0 20960950 0
294 0 15534419 0
295 1 478077 2173
296 0 19366105 0
297 0 19344033 0
298 1 523423 2390
299 0 22176114 0
300 0 22951393 0
301 0 22705299 0
302 0 22667440 0
303 1 321652 1463
304 1 198092 889
305 1 851763 3920
306 0 22220407 0
307 0 21085655 0
308 0 21330821 0
309 0 20447197 0
310 0 19354657 0
311 0 19988140 0
312 1 335682 1518
313 0 22411684 0
314 1 258588 1321
315 1 542929 2492
316 0 20467005 0
317 0 15513396 0
318 0 18689980 0
319 0 18787199 0
320 1 491283 2537
321 1 666918 3065
322 1 584373 2668
323 0 19871853 0
324 1 546561 2486
325 1 322132 1474
326 1 349122 1590
327 1 54171 220
328 1 463537 2127
329 0 22857870 0
330 0 17373438 0
331 1 1926474 9005
332 1 798045 3675
333 0 21422173 0
334 0 21481235 0
335 1 207917 926
336 0 21806138 0
337 0 22232834 0
338 0 22661077 0
339 0 21239843 0
340 0 21134676 0
341 1 608850 3196
342 1 608925 2796
343 0 21393881 0
344 0 19966613 0
345 1 29762 114
346 1 322199 1469
347 1 714367 3282
348 1 545726 2398
349 0 19351534 0
350 0 15693415 0
351 0 19100761 0
352 1 530567 2417
353 0 18932134 0
354 0 19496702 0
355 0 18783235 0
356 1 597031 2747
357 1 424902 1955
358 0 22752527 0
359 0 19405628 0
360 0 19785529 0
361 0 18771794 0
362 0 18733036 0
363 1 256673 1141
364 0 19025390 0
365 1 59251 236
366 1 487701 2232
367 1 1734095 8004
368 0 20875845 0
369 1 565827 2585
370 0 20742547 0
371 1 422361 1931
372 1 647932 2975
373 1 167990 762
374 0 19552230 0
375 1 56214 224
376 0 15677149 0
377 0 19366673 0
378 1 502450 2282
379 0 18762381 0
380 1 221543 992
381 0 19250793 0
382 1 1053077 4832
383 0 19286192 0
384 1 144077 637
385 1 556952 2564
386 1 601567 2781
387 1 592841 2728
388 1 571120 2622
389 0 19731207 0
390 1 628559 2890
391 1 672617 3121
392 0 15628526 0
393 1 813031 3751
394 0 19093078 0
395 0 22255319 0
396 1 379465 1737
397 0 22586360 0
398 0 15590697 0
399 1 472528 2163
400 1 720319 3316
401 0 20525075 0
402 0 18884223 0
403 1 189533 852
404 0 19062396 0
405 1 809357 3742
406 1 610815 2811
407 1 1278339 5921
408 0 20252950 0
409 0 19367238 0
410 1 721281 3327
411 1 593817 2740
412 0 15830625 0
413 0 22063055 0
414 0 20918760 0
415 0 19605010 0
416 1 1139235 5260
417 1 99002 441
418 0 19889456 0
419 1 487931 2230
420 0 19873998 0
421 0 20523264 0
422 0 21043531 0
423 0 19213758 0
424 1 16263 43
425 0 19499759 0
426 0 19765024 0
427 1 194336 873
428 1 287640 1319
429 1 676674 3130
430 1 241393 1249
431 1 928503 4274
432 1 548070 2523
433 1 688836 3183
434 1 513971 2366
435 0 18875054 0
436 0 19628905 0
437 0 19040187 0
438 0 19622346 0
439 0 21186123 0
440 0 19994010 0
441 0 22351043 0
442 1 601468 3126
443 1 647102 2993
444 1 528444 2442
445 1 467985 2124
446 1 490699 2268
447 0 22653463 0
448 1 537725 2467
449 1 811475 3733
450 1 762244 3515
451 1 362354 1666
452 1 380815 1751
453 1 575004 2653
454 0 20695151 0
455 1 153764 695
456 0 20095610 0
457 1 473780 2176
458 1 38969 163
459 1 926171 4273
460 0 19834418 0
461 0 21311516 0
462 0 21150165 0
463 0 20563793 0
464 0 19017685 0
465 0 15437452 0
466 0 19858216 0
467 0 19622951 0
468 0 18499716 0
469 1 347349 1577
470 0 19190680 0
471 0 19276356 0
472 0 19124438 0
473 0 19678782 0
474 0 15628753 0
475 1 479642 2170
476 0 21439053 0
477 1 437474 1982
478 1 409140 1872
479 1 625274 2879
480 0 18634257 0
481 0 21581839 0
482 0 21016097 0
483 0 21421411 0
484 0 20898318 0
485 0 19200820 0
486 1 69570 284
487 0 20385414 0
488 0 15618749 0
489 0 18494146 0
490 1 410113 1842
491 0 20303171 0
492 0 20959786 0
493 1 616883 2832
494 0 19659750 0
495 0 18731623 0
496 0 19495890 0
497 0 18670037 0
498 0 19573047 0
499 0 21501208 0
500 1 991329 4573
501 1 293314 1351
502 0 20913167 0
503 0 19891843 0
504 0 19802574 0
505 0 15345076 0
506 1 83747 350
507 0 21726140 0
508 0 15685085 0
509 1 384482 1745
510 0 15633992 0
511 0 19532928 0
512 0 19311894 0
513 0 22728146 0
514 1 138593 677
515 1 700918 3225
516 1 472713 2118
517 1 345643 1579
518 0 21388595 0
519 1 448233 2046
520 1 441737 2031
521 0 18875146 0
522 0 18961888 0
523 0 20168765 0
524 0 20079941 0
525 0 18937777 0
526 0 19327277 0
527 0 20667331 0
528 0 15864501 0
529 0 19546989 0
530 0 22236863 0
531 0 20100657 0
532 0 19445300 0
533 0 20828598 0
534 0 15554767 0
535 0 19884472 0
536 0 19412370 0
537 1 382688 1740
538 0 18976894 0
539 1 619688 3235
540 1 774866 3539
541 0 21569301 0
542 1 724695 3293
543 0 19951800 0
544 0 21028178 0
545 0 18682159 0
546 1 52454 217
547 0 18473384 0
548 1 369651 1676
549 0 18482715 0
550 1 444119 2036
551 1 292661 1345
552 0 18728557 0
553 1 1079192 4972
554 0 19011569 0
555 1 752293 3453
556 0 19029750 0
557 0 18428574 0
558 1 266536 1350
559 1 302061 1390
560 0 19559448 0
561 1 417659 1900
562 0 15776597 0
563 0 19098594 0
564 1 450954 2054
565 1 396612 1809
566 0 20542787 0
567 0 22281885 0
568 0 20489006 0
569 0 19730416 0
570 0 18262059 0
571 0 19125699 0
572 0 20852916 0
573 0 22505759 0
574 0 15675540 0
575 1 291986 1289
576 0 21831370 0
577 0 15626635 0
578 1 388241 1760
579 1 21213 87
580 0 18783625 0
581 1 492473 2253
582 0 18591613 0
583 0 18248356 0
584 1 327726 1496
585 0 19545524 0
586 0 22435463 0
587 0 15946875 0
588 0 21055016 0
589 1 118661 513
590 1 1066168 4929
591 0 19624497 0
592 1 109430 543
593 0 20330372 0
594 0 19015760 0
595 0 20359578 0
596 0 19248677 0
597 0 19001416 0
598 1 1484768 6845
599 1 404371 1857
600 1 1064799 4860
601 0 21246822 0
602 0 18915011 0
603 0 20063882 0
604 1 204777 1022
605 0 21188433 0
606 1 786209 3625
607 0 19215133 0
608 0 19934645 0
609 1 62881 253
610 0 15388576 0
611 0 21353623 0
612 1 324247 1467
613 0 19469727 0
614 0 19327026 0
615 0 20992046 0
616 1 311939 1399
617 1 312004 1429
618 0 15520328 0
619 0 20022277 0
620 1 31983 139
621 1 544325 2503
622 1 298047 1353
623 1 201138 904
624 0 20855452 0
625 0 22038090 0
626 1 51333 177
627 0 20122382 0
628 1 778390 3558
629 0 22357505 0
630 1 463330 2098
631 1 604438 2767
632 0 20397353 0
633 1 206715 909
634 0 19840725 0
635 0 19397143 0
636 1 766702 3514
637 0 19130185 0
638 0 17728979 0
639 0 15541979 0
640 0 20726061 0
641 1 606584 2761
642 1 847259 3878
643 0 22062328 0
644 0 21414150 0
645 1 320392 1448
646 0 20807479 0
647 0 19493949 0
648 1 195273 874
649 1 285822 1303
650 0 15629986 0
651 0 20522328 0
652 1 465649 2133
653 1 471681 2158
654 0 20570689 0
655 1 1223764 5603
656 0 22761048 0
657 0 22666638 0
658 1 368519 1635
659 0 22911875 0
660 0 21602073 0
661 0 22208298 0
662 0 21804491 0
663 1 709174 3248
664 0 19986935 0
665 0 21491203 0
666 1 93272 414
667 0 15723136 0
668 0 19627598 0
669 1 335121 1519
670 0 21748171 0
671 0 22290584 0
672 1 372929 1688
673 1 596025 2733
674 0 20692043 0
675 1 397594 1799
676 1 367960 1676
677 1 542037 2494
678 1 195586 887
679 0 22246264 0
680 1 838873 3841
681 1 552851 2521
682 1 411831 1890
683 1 1002892 4611
684 1 914682 4214
685 1 666469 3047
686 0 20975956 0
687 0 22412074 0
688 0 18944744 0
689 0 19912304 0
690 1 258800 1166
691 0 20492206 0
692 0 21279883 0
693 0 20232252 0
694 0 20112977 0
695 0 15615662 0
696 0 22506269 0
697 1 96464 422
698 0 22117039 0
699 1 829803 3806
700 0 18721026 0
701 0 21425747 0
702 0 15695165 0
703 0 21495059 0
704 0 19691403 0
705 1 125886 538
706 0 18648825 0
707 1 548892 2510
708 0 20177811 0
709 1 334696 1693
710 1 398345 1822
711 0 18568548 0
712 1 660578 3007
713 1 700431 3219
714 0 18538668 0
715 0 18670823 0
716 0 19278095 0
717 0 19281316 0
718 0 18693828 0
719 0 21411036 0
720 1 113210 500
721 1 88833 391
722 1 679166 3139
723 1 776360 3580
724 1 531384 2452
725 0 22132009 0
726 0 21631553 0
727 1 835253 3836
728 1 801575 3701
729 1 627191 2853
730 0 15636323 0
731 1 782414 3590
732 0 19515316 0
733 0 21000290 0
734 0 15672756 0
735 0 15969106 0
736 0 22412753 0
737 1 721758 3303
738 1 19957 77
739 0 18862076 0
740 1 537319 2801
741 1 367905 1690
742 0 18284790 0
743 0 18916333 0
744 1 484334 2222
745 0 18627183 0
746 1 330680 1495
747 0 22942818 0
748 0 21677680 0
749 0 22022994 0
750 0 21047321 0
751 1 685162 3152
752 0 20208627 0
753 0 21282016 0
754 0 19988651 0
755 1 925980 4256
756 0 21092806 0
757 0 19516109 0
758 0 18733620 0
759 0 15648539 0
760 0 19562469 0
761 0 18683480 0
762 1 296422 1332
763 1 658521 3025
764 1 541491 2477
765 0 20816620 0
766 1 556409 2525
767 0 19357422 0
768 1 902012 4147
769 1 1371598 6313
770 0 19989168 0
771 0 16462896 0
772 1 1428764 6568
773 0 19727153 0
774 0 20654711 0
775 1 610425 2779
776 1 807624 3710
777 1 526584 2414
778 0 19766093 0
779 0 20560004 0
780 0 19567842 0
781 0 20871141 0
782 0 20394792 0
783 1 233212 1057
784 0 19490696 0
785 0 21785577 0
786 0 19952529 0
787 0 20375264 0
788 1 324230 1657
789 0 19076178 0
790 0 22259985 0
791 1 224568 1010
792 0 15322371 0
793 0 16581436 0
794 1 655126 2999
795 1 858618 3948
796 1 269046 1227
797 0 20498513 0
798 1 854269 3914
799 0 20041369 0
800 0 21695857 0
801 1 571286 2603
802 1 285526 1294
803 0 20549103 0
804 1 1444815 6564
805 0 18510546 0
806 1 211642 940
807 1 1055740 4795
808 1 521150 2394
809 0 18726401 0
810 0 21459647 0
811 1 67277 220
812 0 15965214 0
813 0 20463007 0
814 0 18647650 0
815 1 322657 1423
816 1 249902 1139
817 0 20836259 0
818 0 15744308 0
819 0 19027518 0
820 0 19115408 0
821 0 21933710 0
822 0 22012819 0
823 0 21624616 0
824 0 15660681 0
825 1 55412 232
826 0 19766629 0
827 0 21100857 0
828 1 1045895 4768
829 1 19687 76
830 0 21484833 0
831 1 507584 2301
832 1 1139100 5212
833 0 21928712 0
834 1 1257036 5780
835 0 21846618 0
836 1 842770 4398
837 0 21430026 0
838 0 15693472 0
839 0 19387023 0
840 0 18548110 0
841 0 19160433 0
842 1 799867 3646
843 0 19350376 0
844 0 19557749 0
845 0 20010231 0
846 0 15572377 0
847 1 683320 3147
848 0 19975973 0
849 1 610783 2809
850 0 21717545 0
851 0 18856904 0
852 1 611505 2803
853 1 298491 1373
854 0 15719832 0
855 0 19709512 0
856 0 19146823 0
857 0 19905350 0
858 0 19427039 0
859 0 19961391 0
860 0 19170074 0
861 1 41418 140
862 0 19315263 0
863 0 20237822 0
864 0 19895408 0
865 0 19939221 0
866 0 15817101 0
867 0 19781873 0
868 0 18598647 0
869 0 19385197 0
870 0 22262151 0
871 1 201231 1012
872 1 110251 471
873 0 22350975 0
874 0 20533339 0
875 0 19177829 0
876 1 960459 4419
877 1 467002 2154
878 0 18566165 0
879 0 18989665 0
880 0 20431999 0
881 0 19998699 0
882 1 752344 3481
883 1 277853 1275
884 1 81580 360
885 1 669408 3082
886 0 19150738 0
887 0 18951038 0
888 0 20557721 0
889 1 443032 2025
890 0 19163562 0
891 1 309480 1375
892 1 315759 1436
893 1 724075 3344
894 1 629868 2902
895 1 532011 2442
896 1 287816 1321
897 0 21902741 0
898 0 20951308 0
899 1 618257 2841
900 1 474416 2186
901 0 18740372 0
902 0 19540309 0
903 0 20777273 0
904 1 1092595 5034
905 0 15610258 0
906 0 20723943 0
907 1 1507875 6938
908 0 15604983 0
909 1 831221 3816
910 0 18946883 0
911 1 694334 3197
912 0 19369650 0
913 1 813641 4256
914 0 19055839 0
915 1 1062377 4892
916 0 18940228 0
917 0 21937797 0
918 1 577837 2658
919 0 19319768 0
920 0 19851492 0
921 0 20733264 0
922 0 20487674 0
923 0 18999393 0
924 1 305275 1386
925 1 833516 3844
926 0 19559369 0
927 0 15367872 0
928 0 19084290 0
929 0 20183880 0
930 1 342384 1565
931 0 22477511 0
932 0 19994883 0
933 0 21068649 0
934 0 21034409 0
935 0 19850613 0
936 0 19953457 0
937 1 821667 3777
938 1 475593 2187
939 0 15335442 0
940 1 413592 2148
941 1 732533 3392
942 0 19618564 0
943 1 182783 806
944 1 481442 2511
945 1 750238 3466
946 0 15644743 0
947 1 270322 1215
948 0 15798526 0
949 1 427227 1964
950 1 435053 2006
951 1 738563 3411
952 1 664260 3074
953 0 21936415 0
954 1 349069 1584
955 1 602550 2784
956 1 527848 2405
957 1 521853 2406
958 1 1356464 6282
959 1 412176 1896
960 0 19300355 0
961 1 74219 303
962 0 19730593 0
963 1 94811 362
964 0 19123426 0
965 1 532889 2448
966 0 20823941 0
967 0 19628508 0
968 0 22345232 0
969 0 19681628 0
970 0 19081684 0
971 0 20901790 0
972 0 20779016 0
973 0 20049189 0
974 0 19199163 0
975 1 555663 2540
976 0 21559609 0
977 0 19203981 0
978 0 21090982 0
979 1 885456 4066
980 0 21128003 0
981 1 835098 3850
982 1 139425 626
983 0 20346484 0
984 0 19833241 0
985 0 19442255 0
986 0 19066920 0
987 0 19556614 0
988 0 19338790 0
989 1 512541 2341
990 1 412311 1874
991 0 22327731 0
992 0 22164499 0
993 0 16427787 0
994 0 19564429 0
995 0 22379206 0
996 0 19580003 0
997 0 19350865 0
998 0 19983362 0
999 0 21142794 0
1000 0 15751074 0
1001 1 503936 2288
1002 0 20232261 0
1003 1 869240 3942
1004 0 19993489 0
1005 1 641621 2920
1006 1 1233241 5659
1007 0 15457746 0
1008 1 362120 1621
1009 0 19560933 0
1010 1 414839 1884
1011 1 931319 4279
1012 1 388077 1765
1013 0 20598821 0
1014 0 19258437 0
1015 0 15614614 0
1016 1 205960 910
1017 0 20663022 0
1018 1 673931 3079
1019 1 156154 706
1020 1 535765 2453
1021 1 194922 881
1022 0 20212187 0
1023 0 18978982 0
1024 1 150880 650
1025 0 18801761 0
1026 1 390847 1782
1027 0 19893499 0
1028 1 14134 13
1029 1 46852 175
1030 0 19845494 0
1031 1 306745 1378
1032 0 19862154 0
1033 1 1065080 4838
1034 0 15805873 0
1035 0 21148303 0
1036 0 20426930 0
1037 1 100177 437
1038 1 360752 1647
1039 1 356880 1635
1040 1 338628 1540
1041 1 887132 4080
1042 0 19192322 0
1043 1 1007062 4599
1044 0 20616329 0
1045 0 20645083 0
1046 1 342159 1518
1047 0 19392600 0
1048 0 15343709 0
1049 0 19532742 0
1050 1 61310 230
1051 0 20002692 0
1052 0 22217304 0
1053 0 21173066 0
1054 0 19892037 0
1055 0 18942291 0
1056 1 658895 3027
1057 0 19759165 0
1058 0 19613152 0
1059 0 15477488 0
1060 0 18374569 0
1061 1 475077 2159
1062 0 19475731 0
1063 0 18815273 0
1064 1 468840 2139
1065 0 19036800 0
1066 0 15610783 0
1067 0 15396867 0
1068 0 15308945 0
1069 0 21822970 0
1070 0 22118951 0
1071 0 22565490 0
1072 0 19596560 0
1073 1 672055 3078
1074 1 541501 2500
1075 1 328970 1510
1076 0 19789758 0
1077 0 15921061 0
1078 0 21962005 0
1079 1 485410 2212
1080 0 19393405 0
1081 1 568496 2606
1082 0 19235663 0
1083 0 19908310 0
1084 0 20015952 0
1085 0 19947133 0
1086 0 20566989 0
1087 0 19174649 0
1088 0 19100563 0
1089 0 21661423 0
1090 1 264421 1198
1091 0 19590146 0
1092 1 907170 3795
1093 1 261893 1196
1094 0 22532577 0
1095 0 22053510 0
1096 0 22005619 0
1097 0 21984969 0
1098 1 687666 3158
1099 0 15904959 0
1100 1 388885 1759
1101 0 21522163 0
1102 1 351654 1555
1103 0 20050696 0
1104 0 19065046 0
1105 1 576657 3012
1106 1 67059 291
1107 1 312120 1430
1108 1 463370 2116
1109 1 955008 4390
1110 1 260632 1191
1111 0 22628761 0
1112 1 513615 2339
1113 1 401247 2096
1114 1 660362 3020
1115 0 21009206 0
1116 0 15488832 0
1117 0 22739981 0
1118 1 651322 2993
1119 0 22182842 0
1120 0 15560360 0
1121 1 269908 1220
1122 0 19100718 0
1123 1 444654 2026
1124 1 820868 3801
1125 1 863511 3969
1126 1 634156 2877
1127 1 433339 1988
1128 1 770846 3547
1129 1 158768 711
1130 0 21390315 0
1131 0 21847951 0
1132 0 15542010 0
1133 0 19703799 0
1134 0 18747998 0
1135 0 18874966 0
1136 1 488918 2246
1137 0 21819075 0
1138 0 18485247 0
1139 0 18757287 0
1140 1 441148 2014
1141 0 21188302 0
1142 0 19843833 0
1143 0 19500822 0
1144 0 18748950 0
1145 1 950504 4364
1146 1 582726 2676
1147 0 21265670 0
1148 1 725287 3339
1149 1 624981 2887
1150 0 19782800 0
1151 1 191337 862
1152 1 858789 3962
1153 0 19975499 0
1154 0 15535114 0
1155 0 19503302 0
1156 1 759204 3487
1157 0 20334618 0
1158 0 18994432 0
1159 1 497562 2281
1160 0 22093782 0
1161 1 389055 1755
1162 1 317839 1453
1163 1 416042 1910
1164 0 19436467 0
1165 1 340125 1526
1166 0 18734927 0
1167 0 18933967 0
1168 1 459700 2379
1169 0 19227181 0
1170 0 18670680 0
1171 1 165485 735
1172 0 21838882 0
1173 0 20145551 0
1174 0 21161440 0
1175 0 20781359 0
1176 0 18512932 0
1177 1 1211775 5567
1178 1 254010 1165
1179 0 18791253 0
1180 0 22020712 0
1181 1 627133 2866
1182 0 21477865 0
1183 0 19375156 0
1184 0 20101621 0
1185 1 70878 282
1186 0 18378166 0
1187 1 594966 2711
1188 0 16163218 0
1189 1 1053000 4851
1190 1 599639 2742
1191 1 483761 2213
1192 0 18863984 0
1193 0 19767136 0
1194 0 19908771 0
1195 0 22235832 0
1196 1 674754 3087
1197 1 455845 2075
1198 0 21626383 0
1199 1 710601 3241
0 1 576326 2590
1 0 19244695 0
2 0 15680027 0
3 0 18669711 0
4 1 550271 2533
5 1 312097 1427
6 0 19122274 0
7 1 71847 299
8 0 20976965 0
9 0 15857835 0
10 0 19181288 0
11 0 21717993 0
12 0 19732519 0
13 0 19130916 0
14 0 19489188 0
15 1 670720 3058
16 1 597479 2744
17 0 15685157 0
18 0 19821355 0
19 1 537136 2466
20 0 19749014 0
21 1 1033299 4734
22 0 19549868 0
23 0 18724314 0
24 1 385805 1755
25 1 476392 2189
26 1 182195 822
27 0 20647334 0
28 0 22691963 0
29 1 560224 2546
30 0 21613572 0
31 1 261103 1124
32 1 42970 157
33 1 860427 3950
34 1 311147 1414
35 0 21041361 0
36 0 19499588 0
37 1 143368 607
38 0 19271680 0
39 0 15394155 0
40 1 419452 1925
41 1 48113 232
42 0 15619978 0
43 0 18789698 0
44 0 21603649 0
45 0 18513123 0
46 1 669598 3461
47 0 19169882 0
48 0 20236081 0
49 0 18702990 0
50 0 19620477 0
51 1 160149 706
52 0 19516250 0
53 0 22128780 0
54 0 19401181 0
55 1 441703 2019
56 0 20254885 0
57 1 1011672 4643
58 1 1086685 5017
59 0 18823193 0
60 0 18655690 0
61 0 19595339 0
62 0 19428772 0
63 0 20042745 0
64 0 19389947 0
65 1 332692 1472
66 0 15391082 0
67 0 19835202 0
68 0 19266102 0
69 1 294226 1324
70 1 476930 2177
71 0 18407581 0
72 0 21205511 0
73 0 20186049 0
74 0 19331696 0
75 0 15719151 0
76 1 452340 2069
77 0 19932466 0
78 1 570127 2955
79 0 21903241 0
80 0 20318078 0
81 1 592652 2710
82 0 15909644 0
83 0 20607800 0
84 1 242460 1089
85 1 493277 2254
86 0 22059833 0
87 0 20250064 0
88 1 506196 2293
89 0 22505232 0
90 0 18998081 0
91 1 93309 340
92 1 234240 1207
93 1 277303 1265
94 0 22152271 0
95 1 498861 2580
96 0 20252405 0
97 1 508171 2284
98 0 19539830 0
99 0 15720474 0
100 0 19399805 0
101 0 22742847 0
102 0 15806328 0
103 0 15708913 0
104 1 831060 3810
105 1 745260 3412
106 0 18742126 0
107 1 1138786 5217
108 0 15793907 0
109 0 19751571 0
110 1 1193450 5444
111 0 21606362 0
112 0 19555708 0
113 0 15580803 0
114 0 20162598 0
115 0 19650285 0
116 0 19570191 0
117 0 20052012 0
118 0 20165337 0
119 0 19305274 0
120 0 19894525 0
121 1 342291 1767
122 1 896166 4123
123 1 139193 627
124 0 20072347 0
125 0 19666219 0
126 0 18913176 0
127 1 126832 562
128 1 745332 3425
129 0 21548056 0
130 1 427289 1939
131 0 19587575 0
132 0 20362172 0
133 1 666626 2973
134 1 594651 2723
135 1 713623 3292
136 0 18874727 0
137 0 20766360 0
138 0 19755974 0
139 0 18999493 0
140 0 19232490 0
141 0 15533945 0
142 1 1600806 7390
143 1 402282 1847
144 1 480944 2182
145 0 19118924 0
146 1 651756 3388
147 0 18625278 0
148 0 18718731 0
149 1 519765 2386
150 1 295905 1352
151 1 17793 61
152 0 18885857 0
153 0 19521544 0
154 0 19958122 0
155 0 19570439 0
156 0 18713657 0
157 1 734320 3329
158 1 828992 3814
159 0 19788173 0
160 1 1535862 7055
161 0 18937568 0
162 1 613223 2795
163 0 20170810 0
164 0 15709867 0
165 1 315122 1423
166 0 19274211 0
167 1 228435 1018
168 0 19398742 0
169 1 791991 4120
170 1 1657696 7647
171 0 19280220 0
172 0 21216065 0
173 0 19730257 0
174 0 15850557 0
175 0 20024805 0
176 1 263710 1181
177 1 453635 2070
178 0 22182808 0
179 0 20831568 0
180 1 20673 58
181 0 20121079 0
182 0 16014249 0
183 1 791878 3624
184 0 22117165 0
185 1 201687 901
186 0 19156121 0
187 1 1117406 5109
188 0 19658278 0
189 0 19449423 0
190 0 15799747 0
191 0 21901423 0
192 0 19801623 0
193 0 19176011 0
194 1 545528 2407
195 0 18420353 0
196 0 15761619 0
197 1 802768 3677
198 1 230342 1026
199 1 460431 2102
200 0 20084539 0
201 0 19315126 0
202 0 15501027 0
203 0 15531955 0
204 1 437114 1975
205 0 19666794 0
206 0 19532844 0
207 1 325219 1461
208 0 19765602 0
209 0 18887142 0
210 0 19553393 0
211 1 303387 1352
212 1 936252 4311
213 0 21702562 0
214 0 15858379 0
215 1 134212 569
216 0 19452295 0
217 0 21395822 0
218 1 631543 2903
219 1 97483 435
220 0 20329106 0
221 1 34845 132
222 1 378219 1723
223 1 605005 2751
224 0 22728008 0
225 0 20745326 0
226 1 178529 796
227 1 447229 2040
228 0 21319621 0
229 0 15527768 0
230 0 19536156 0
231 1 411011 1871
232 0 22275946 0
233 1 845375 3850
234 0 21609748 0
235 0 20302537 0
236 0 15889541 0
237 1 790512 3325
238 1 667186 2628
239 0 19332317 0
240 0 15766078 0
241 0 15688502 0
242 1 260711 1185
243 0 22673786 0
244 0 22464368 0
245 0 22724123 0
246 0 21459923 0
247 1 381556 1726
248 1 303959 1391
249 0 20395117 0
250 0 19961371 0
251 1 1062075 4875
252 1 254382 1158
253 0 19974747 0
254 1 79272 340
255 0 21365036 0
256 0 20339649 0
257 0 15852193 0
258 0 19767570 0
259 1 67667 276
260 0 19410128 0
261 1 693808 3183
262 0 20673340 0
263 0 19537891 0
264 1 524560 2394
265 0 20400555 0
266 0 15820879 0
267 0 21506686 0
268 0 22634268 0
269 0 21859425 0
270 1 258036 1323
271 0 19475655 0
272 1 437357 1983
273 0 20097350 0
274 0 15910239 0
275 0 18174650 0
276 1 543402 2782
277 0 18804018 0
278 1 108636 449
279 0 18649744 0
280 1 424488 1926
281 1 837409 3839
282 1 801078 3684
283 0 18707270 0
284 1 353688 1795
285 1 1191240 5463
286 0 15619724 0
287 1 553647 2537
288 1 743333 3428
289 0 19815388 0
290 1 349361 1600
291 0 20138033 0
292 1 310561 1412
293 1 766068 3489
294 0 19842982 0
295 0 19654986 0
296 0 22182546 0
297 0 21709270 0
298 0 20549712 0
299 0 19875688 0
300 0 19623880 0
301 1 302002 1343
302 0 21232493 0
303 0 22079796 0
304 0 20679032 0
305 1 907076 4175
306 0 20186498 0
307 1 689333 3151
308 1 1054605 4843
309 0 21055841 0
310 0 20361368 0
311 0 20475782 0
312 0 18944482 0
313 0 15910679 0
314 0 15689567 0
315 1 786556 4071
316 1 109611 490
317 1 635826 3329
318 0 15349216 0
319 0 15701372 0
320 0 19435515 0
321 0 20102881 0
322 0 22348613 0
323 1 644807 2946
324 0 20362505 0
325 0 19922343 0
326 0 19540184 0
327 0 19224890 0
328 0 18911417 0
329 0 18720959 0
330 0 19140975 0
331 1 231023 1178
332 0 19194672 0
333 1 596958 2723
334 0 19464321 0
335 0 19448821 0
336 1 897951 4127
337 0 15579625 0
338 1 27452 105
339 1 855826 3932
340 1 126111 550
341 1 449242 2061
342 0 19086210 0
343 0 21024646 0
344 0 20673341 0
345 0 20326925 0
346 0 15696523 0
347 0 20073159 0
348 0 19461734 0
349 0 19054359 0
350 0 21687517 0
351 1 955898 4368
352 1 433816 1983
353 0 19719700 0
354 1 452124 2342
355 1 56165 246
356 1 811755 4245
357 0 21977896 0
358 0 22062122 0
359 0 21081214 0
360 0 19771119 0
361 1 250839 1101
362 1 989236 5170
363 1 611905 2813
364 0 20878442 0
365 1 381561 1747
366 1 288506 1312
367 0 20072393 0
368 1 724451 3309
369 0 19877597 0
370 0 19363095 0
371 1 686199 3125
372 0 20470725 0
373 0 22219944 0
374 0 22672614 0
375 1 422758 1912
376 0 22433757 0
377 0 15529155 0
378 1 936745 4306
379 0 16197341 0
380 1 616018 2823
381 1 439582 2016
382 0 19868847 0
383 1 322951 1531
384 0 20257290 0
385 1 251899 1137
386 0 15740021 0
387 1 501651 2287
388 0 20465858 0
389 0 18573640 0
390 0 19101014 0
391 1 361904 1649
392 0 19128041 0
393 1 247032 1241
394 0 19489539 0
395 0 19846036 0
396 0 18709340 0
397 1 888290 4076
398 0 21410962 0
399 0 20074872 0
400 1 708835 3235
401 1 269719 1234
402 0 15886212 0
403 0 20019013 0
404 1 538122 2463
405 0 19645990 0
406 1 228303 1008
407 0 19132517 0
408 0 19818375 0
409 0 19964414 0
410 0 19095874 0
411 0 19091939 0
412 1 569736 2593
413 1 442118 2013
414 1 740071 3393
415 1 305016 1394
416 1 582855 2675
417 0 22530871 0
418 0 19746337 0
419 1 20510 41
420 1 205744 908
421 1 179306 813
422 0 20166558 0
423 1 407825 2094
424 0 19300356 0
425 0 20398505 0
426 1 501863 2272
427 1 235309 1218
428 0 20383402 0
429 0 18996432 0
430 0 19701069 0
431 0 21662274 0
432 0 20858175 0
433 0 22828548 0
434 1 548419 2502
435 0 22685209 0
436 0 20827256 0
437 0 19888921 0
438 0 21065680 0
439 0 21941021 0
440 0 20841615 0
441 0 20731758 0
442 1 896539 4113
443 0 20226739 0
444 0 20607295 0
445 1 142061 679
446 0 20783661 0
447 1 478993 2184
448 1 93865 416
449 1 237810 1077
450 1 1106230 5076
451 1 439689 2004
452 0 18979611 0
453 0 15534941 0
454 0 21510881 0
455 0 22656023 0
456 0 22907720 0
457 0 22604741 0
458 1 158955 714
459 0 21826077 0
460 0 19773978 0
461 0 15696022 0
462 0 19160495 0
463 0 20875037 0
464 0 22536057 0
465 1 501584 2578
466 0 21568956 0
467 0 20447150 0
468 0 21129736 0
469 1 193349 976
470 1 622692 2836
471 1 798044 3618
472 1 480789 2210
473 0 15533300 0
474 0 21442773 0
475 0 21730082 0
476 1 678009 3092
477 1 60153 262
478 0 19346127 0
479 0 19788633 0
480 0 21657997 0
481 1 10924 19
482 0 15452768 0
483 0 22957113 0
484 1 936120 4308
485 0 22810798 0
486 0 22831394 0
487 0 22584973 0
488 0 22705816 0
489 0 20394396 0
490 0 21166267 0
491 0 22642759 0
492 0 20319076 0
493 1 290391 1304
494 0 20664767 0
495 0 15350764 0
496 0 21112520 0
497 0 15536304 0
498 0 15688969 0
499 0 19446412 0
500 1 431994 1960
501 0 19902495 0
502 0 22417781 0
503 0 20320839 0
504 1 1024221 4681
505 1 802320 3689
506 1 221152 1006
507 0 20120992 0
508 0 15665127 0
509 0 20854912 0
510 0 20889467 0
511 0 15441526 0
512 1 474488 2473
513 0 19988410 0
514 0 18863170 0
515 0 20555792 0
516 1 567765 2609
517 0 20290794 0
518 1 1121762 5159
519 1 639959 2940
520 0 16036704 0
521 0 19895939 0
522 1 338222 1526
523 0 21680892 0
524 1 222732 993
525 0 20569815 0
526 1 220377 995
527 1 120704 548
528 0 21591174 0
529 0 19662522 0
530 1 745311 3410
531 0 20382349 0
532 1 562312 2580
533 1 393748 1804
534 0 19218320 0
535 0 19961056 0
536 0 19650990 0
537 0 20146317 0
538 1 37848 131
539 0 19452602 0
540 0 19783263 0
541 1 371206 1683
542 1 355411 1627
543 1 481639 2184
544 0 19383731 0
545 0 19217208 0
546 1 66993 280
547 0 20953341 0
548 0 19844200 0
549 0 20975993 0
550 1 305647 1389
551 0 22597231 0
552 0 20019083 0
553 0 21547262 0
554 0 22627378 0
555 0 15504183 0
556 0 22652844 0
557 0 21858491 0
558 0 21003204 0
559 0 21260774 0
560 0 21091556 0
561 0 20483500 0
562 0 19556010 0
563 0 15510295 0
564 1 668053 3066
565 0 22186026 0
566 0 15675248 0
567 1 266432 1346
568 0 19961587 0
569 1 419599 2158
570 0 22364846 0
571 0 21994757 0
572 0 21381202 0
573 1 241257 1067
574 0 20469149 0
575 0 20462911 0
576 0 21830001 0
577 0 20785417 0
578 0 15599356 0
579 1 526218 2386
580 1 775910 3553
581 0 19082826 0
582 0 18444550 0
583 1 634536 2889
584 0 16235250 0
585 0 19082153 0
586 0 18510620 0
587 1 328934 1489
588 1 1230533 5636
589 1 521260 2380
590 1 49587 213
591 0 19697692 0
592 1 913098 4180
593 1 503308 2288
594 0 21087666 0
595 0 20167637 0
596 1 814928 3679
597 1 272559 1240
598 0 19809839 0
599 1 85217 356
600 0 19826360 0
601 0 19847392 0
602 0 21017456 0
603 0 20243000 0
604 0 19663716 0
605 1 396294 1801
606 0 18982475 0
607 0 15907188 0
608 0 21768716 0
609 0 19688297 0
610 0 20572873 0
611 0 20066213 0
612 0 20311612 0
613 0 21010638 0
614 0 19508786 0
615 1 451635 1986
616 0 19849255 0
617 1 654800 2981
618 0 19830631 0
619 1 209690 943
620 0 19181398 0
621 0 22784802 0
622 0 23021044 0
623 1 394223 2038
624 0 15539655 0
625 0 15801524 0
626 1 103183 443
627 1 756484 3465
628 0 19555114 0
629 0 19614933 0
630 0 19821826 0
631 1 761758 3444
632 0 22584525 0
633 0 20429435 0
634 1 767804 3490
635 0 20479431 0
636 0 19832822 0
637 0 19202218 0
638 1 443713 2018
639 0 18603756 0
640 0 21961950 0
641 1 40995 149
642 1 704121 3246
643 1 306355 1403
644 0 20479804 0
645 0 20426296 0
646 0 20649286 0
647 1 848012 3893
648 0 20982962 0
649 1 270085 1217
650 1 568226 2601
651 0 20317062 0
652 1 505623 2306
653 0 21036369 0
654 0 22283103 0
655 0 15702790 0
656 0 15839440 0
657 0 20050632 0
658 0 19607868 0
659 0 18726735 0
660 1 565787 2579
661 0 19524797 0
662 0 19058228 0
663 0 15357477 0
664 0 19175447 0
665 0 19243040 0
666 1 644096 2899
667 0 19802946 0
668 0 20983468 0
669 0 20173033 0
670 0 18707673 0
671 0 15736258 0
672 0 19556486 0
673 1 869771 3994
674 1 246721 1115
675 1 815268 3750
676 1 659928 3013
677 0 19046878 0
678 0 22320480 0
679 0 20790276 0
680 0 21026232 0
681 0 19031551 0
682 1 244910 1115
683 1 522358 2397
684 1 659885 3039
685 0 19263393 0
686 1 990982 4549
687 1 267825 1224
688 0 20510623 0
689 0 20831939 0
690 0 15526178 0
691 1 705063 3176
692 0 19951856 0
693 0 20618393 0
694 0 20332691 0
695 0 19803128 0
696 0 19368363 0
697 1 712664 3225
698 1 260967 1308
699 1 412709 1888
700 1 173029 704
701 0 21504764 0
702 1 461292 2105
703 0 20328588 0
704 0 19669685 0
705 1 384342 1731
706 0 20104952 0
707 1 787858 3621
708 0 19705053 0
709 0 19374272 0
710 1 788458 3570
711 0 19271724 0
712 1 677640 3070
713 1 479107 2206
714 0 18868490 0
715 0 19188978 0
716 1 345615 1527
717 0 19985342 0
718 0 19411371 0
719 1 206079 1052
720 0 19222356 0
721 1 845374 3861
722 1 56963 233
723 1 139651 628
724 0 22331137 0
725 1 529166 2414
726 1 437456 2276
727 1 144929 648
728 1 564006 2582
729 0 21602249 0
730 0 15555185 0
731 1 462786 2104
732 1 610558 3181
733 0 20510318 0
734 1 922099 4217
735 0 18977239 0
736 1 243257 1091
737 1 687821 3153
738 0 20297386 0
739 0 20051172 0
740 0 19408673 0
741 0 19167425 0
742 1 221304 923
743 0 19767668 0
744 0 21680382 0
745 0 15407576 0
746 0 20667536 0
747 0 19641316 0
748 0 19286919 0
749 0 18436359 0
750 1 451125 2061
751 0 18835523 0
752 0 18710750 0
753 0 20350462 0
754 1 706978 3219
755 0 15587462 0
756 1 219635 969
757 0 19546685 0
758 1 827177 3778
759 0 19245929 0
760 0 22312106 0
761 0 15494909 0
762 1 686795 3139
763 0 19380148 0
764 0 17633702 0
765 1 149198 656
766 0 22462702 0
767 0 15430179 0
768 0 21711054 0
769 1 648881 2966
770 0 20480821 0
771 0 20471921 0
772 1 92563 389
773 0 21738571 0
774 1 694306 3172
775 0 19896920 0
776 0 21024527 0
777 0 21076003 0
778 0 15535931 0
779 0 19668640 0
780 1 425056 1927
781 0 22830963 0
782 0 20837494 0
783 1 962419 4409
784 0 20718307 0
785 1 324073 1457
786 0 20521029 0
787 1 581668 2657
788 0 20284049 0
789 0 18808809 0
790 0 20399451 0
791 1 534763 2430
792 1 424059 1937
793 0 18832320 0
794 0 22520824 0
795 0 15760393 0
796 0 19784513 0
797 0 18977914 0
798 1 405110 1793
799 0 19029988 0
800 0 15721881 0
801 0 22439781 0
802 0 19180749 0
803 0 21188622 0
804 0 20297408 0
805 0 18027946 0
806 1 455892 2075
807 1 507944 2334
808 1 144408 637
809 0 20861996 0
810 0 19322176 0
811 0 20082930 0
812 0 19652429 0
813 1 731227 3347
814 0 20088150 0
815 0 19074463 0
816 0 19530393 0
817 0 15364239 0
818 0 19101983 0
819 0 19132088 0
820 0 18464585 0
821 1 1002219 4609
822 0 18811107 0
823 0 15567994 0
824 1 60864 230
825 0 19325160 0
826 0 18395429 0
827 1 391570 1774
828 0 19217680 0
829 0 19133632 0
830 1 586904 2693
831 1 4768 4
832 0 19422783 0
833 0 20666403 0
834 0 18562411 0
835 0 18601231 0
836 1 548145 2504
837 0 19374224 0
838 0 18748734 0
839 1 507985 2313
840 0 15373473 0
841 0 15554200 0
842 0 15450004 0
843 1 957862 4417
844 1 860199 3971
845 0 18875201 0
846 0 18977371 0
847 0 20585682 0
848 1 290531 1481
849 1 1008648 4644
850 1 393501 1800
851 0 19781944 0
852 1 566697 2586
853 0 22490887 0
854 0 20793839 0
855 1 76923 303
856 1 640258 2938
857 1 465624 2437
858 0 19703232 0
859 0 19773516 0
860 1 32494 112
861 1 266866 1204
862 0 21254041 0
863 0 20763088 0
864 1 88523 387
865 0 20207237 0
866 0 18813547 0
867 1 336868 1524
868 0 22848801 0
869 1 726527 3290
870 0 22682871 0
871 0 20324093 0
872 0 22017220 0
873 0 15640684 0
874 0 19566931 0
875 0 19597106 0
876 1 1238621 5639
877 1 944519 4347
878 0 20422779 0
879 0 21134046 0
880 0 22554683 0
881 1 389843 1764
882 1 345891 1579
883 1 789279 3620
884 0 16312685 0
885 0 22222232 0
886 1 621310 3224
887 0 22253714 0
888 1 44241 160
889 0 22873759 0
890 1 470880 2438
891 0 15643149 0
892 0 22063716 0
893 1 623518 2837
894 0 19322152 0
895 1 702841 3561
896 1 174338 784
897 1 328397 1479
898 1 560064 2562
899 1 597744 2733
900 0 19530114 0
901 1 228988 1034
902 1 772807 3544
903 0 20089435 0
904 0 19555108 0
905 0 19709468 0
906 0 19083641 0
907 0 22085507 0
908 0 15614562 0
909 0 20586414 0
910 1 538457 2451
911 1 733513 3344
912 1 540979 2471
913 1 693631 3183
914 1 431380 1958
915 0 18719457 0
916 1 820190 3753
917 1 92508 379
918 0 18887756 0
919 1 817119 3732
920 0 19429314 0
921 1 129588 566
922 0 18613914 0
923 0 15704944 0
924 0 18707687 0
925 1 115112 506
926 0 19247031 0
927 0 18977865 0
928 0 19002426 0
929 1 790934 3615
930 0 16457806 0
931 0 15913147 0
932 0 18456303 0
933 1 9057 19
934 0 19052938 0
935 1 864544 3942
936 0 19476860 0
937 1 248402 1118
938 0 21547438 0
939 0 20166266 0
940 1 783626 3597
941 0 19934914 0
942 0 18990110 0
943 1 656016 3410
944 1 1143710 5270
945 1 275201 1255
946 1 656800 3025
947 1 526853 2423
948 1 427897 1960
949 0 21944868 0
950 0 15683829 0
951 0 19113747 0
952 1 485491 2208
953 1 643502 2965
954 0 19668016 0
955 1 646196 2914
956 0 21195054 0
957 1 320739 1458
958 1 560567 2897
959 1 109398 439
960 1 564559 2590
961 1 162595 737
962 0 19446717 0
963 0 22224908 0
964 0 20708569 0
965 1 198243 881
966 0 19170399 0
967 1 766372 3985
968 1 295838 1348
969 0 20621556 0
970 0 20204429 0
971 0 18617867 0
972 1 235029 1068
973 0 20469046 0
974 1 88981 320
975 0 19015416 0
976 0 19826654 0
977 1 1111284 5093
978 0 20481048 0
979 0 19179919 0
980 0 19334854 0
981 0 21865369 0
982 0 21450985 0
983 0 20547205 0
984 1 346743 1562
985 1 577695 2652
986 0 15420035 0
987 0 21298410 0
988 0 22244413 0
989 1 448362 2030
990 1 421944 1928
991 1 507192 2258
992 1 470586 2141
993 0 21867878 0
994 0 15483783 0
995 1 600364 3100
996 0 19476953 0
997 1 128832 518
998 0 20281254 0
999 0 22808281 0
1000 0 15762226 0
1001 1 629100 2866
1002 0 19738038 0
1003 0 15221207 0
1004 1 733436 3343
1005 1 348612 1541
1006 0 19546864 0
1007 1 249850 1118
1008 0 17573114 0
1009 0 21060972 0
1010 1 246546 1106
1011 1 392071 1757
1012 1 482724 2207
1013 0 20191458 0
1014 1 220438 978
1015 1 797409 3645
1016 0 20634846 0
1017 0 18520519 0
1018 0 20059766 0
1019 0 20352127 0
1020 0 21994986 0
1021 0 15655602 0
1022 0 20443609 0
1023 1 146987 654
1024 0 19951506 0
1025 1 334443 1490
1026 0 19787365 0
1027 1 679276 3109
1028 1 365909 1669
1029 0 17900730 0
1030 0 18099454 0
1031 0 20009624 0
1032 1 503517 2294
1033 0 19901899 0
1034 0 20954038 0
1035 1 824060 3763
1036 0 18940908 0
1037 0 21882033 0
1038 0 15711371 0
1039 1 496904 2259
1040 0 22933522 0
1041 1 802926 3667
1042 0 18310496 0
1043 0 22696927 0
1044 0 15644246 0
1045 0 15479642 0
1046 1 369345 1687
1047 0 19625542 0
1048 1 712722 3259
1049 1 495382 2269
1050 0 19026967 0
1051 0 21845416 0
1052 0 19952618 0
1053 0 18845108 0
1054 1 514234 2337
1055 1 771326 3544
1056 0 18602524 0
1057 1 374898 1670
1058 1 959709 4395
1059 1 386349 1765
1060 1 453288 2072
1061 0 22302521 0
1062 0 19285989 0
1063 1 359121 1590
1064 0 19826147 0
1065 0 19392636 0
1066 0 22089024 0
1067 0 15947212 0
1068 1 379429 1972
1069 0 19198930 0
1070 1 524470 2401
1071 0 19065656 0
1072 1 565881 2541
1073 1 75060 329
1074 0 19651784 0
1075 0 23264146 0
1076 1 750493 3405
1077 0 19458391 0
1078 0 22348940 0
1079 0 22065210 0
1080 1 798865 3668
1081 1 85931 378
1082 0 15737419 0
1083 1 380268 1709
1084 1 808546 3709
1085 1 443060 2021
1086 0 15577711 0
1087 1 592804 2646
1088 0 19624112 0
1089 0 20289721 0
1090 0 20478029 0
1091 0 21220696 0
1092 0 19555605 0
1093 0 22194359 0
1094 1 988618 4529
1095 0 21302794 0
1096 0 22908253 0
1097 0 22871526 0
1098 1 93548 404
1099 0 22952787 0
1100 1 171029 761
1101 1 11694 38
1102 0 22879532 0
1103 0 15474069 0
1104 1 574219 2583
1105 0 20153042 0
1106 1 668548 3046
1107 0 22269017 0
1108 0 22980969 0
1109 0 22825566 0
1110 1 472105 2437
1111 0 22808847 0
1112 0 20495820 0
1113 0 20372102 0
1114 1 468509 2124
1115 1 174816 790
1116 1 326054 1489
1117 0 22109017 0
1118 0 21534849 0
1119 0 19555634 0
1120 1 917660 4197
1121 0 16000435 0
1122 1 703308 3168
1123 1 248054 1107
1124 0 19908955 0
1125 0 15656698 0
1126 0 22259053 0
1127 0 21663055 0
1128 0 22031160 0
1129 0 15683214 0
1130 0 21759971 0
1131 1 818154 3746
1132 0 22663434 0
1133 1 515786 2355
1134 1 147506 658
1135 1 446074 2030
1136 1 274711 1250
1137 0 22343472 0
1138 0 22935857 0
1139 0 22436997 0
1140 0 21350369 0
1141 0 22486971 0
1142 1 951173 4367
1143 0 21650082 0
1144 0 20726918 0
1145 1 1395665 6398
1146 0 22177874 0
1147 0 22851991 0
1148 1 311534 1601
1149 1 696855 3196
1150 0 21277737 0
1151 0 19316800 0
1152 1 336877 1716
1153 0 20145673 0
1154 1 157933 694
1155 0 19620518 0
1156 0 15534350 0
1157 1 218124 971
1158 0 22348307 0
1159 0 19659854 0
1160 1 465808 2096
1161 0 22032420 0
1162 0 21975699 0
1163 1 520362 2300
1164 0 15653856 0
1165 0 15708310 0
1166 0 15740238 0
1167 0 15732842 0
1168 0 19639711 0
1169 0 19398857 0
1170 0 19451461 0
1171 1 1042439 4812
1172 0 19977326 0
1173 0 15737472 0
1174 1 686856 3157
1175 1 416384 1909
1176 0 20605270 0
1177 0 18821728 0
1178 0 18183624 0
1179 0 18854831 0
1180 1 967272 4398
1181 0 22534139 0
1182 0 21677674 0
1183 0 20123249 0
1184 0 19397084 0
1185 0 19574154 0
1186 1 623692 2843
1187 1 885408 4074
1188 0 21834646 0
1189 0 19886872 0
1190 0 20538530 0
1191 0 15431922 0
1192 1 1458845 6738
1193 1 249000 1285
1194 0 22539706 0
1195 0 15751303 0
1196 0 20577593 0
1197 1 330167 1701
1198 1 176553 783
1199 1 459894 2112
0 1 627007 3254
1 0 20082827 0
2 1 549007 2845
3 1 516633 2378
4 1 337863 1541
5 0 19232887 0
6 1 412068 1817
7 0 20438401 0
8 0 15630200 0
9 0 22436104 0
10 0 15866574 0
11 0 20157255 0
12 1 514739 2353
13 0 19302154 0
14 0 19460805 0
15 1 506672 2309
16 0 19611527 0
17 1 719619 3301
18 0 19061770 0
19 1 622597 2836
20 1 753520 3476
21 1 330102 1509
22 1 151432 686
23 1 1059643 4891
24 1 806337 3661
25 0 19311494 0
26 0 19387869 0
27 1 230949 1043
28 0 18655294 0
29 0 20120736 0
30 1 1240305 5687
31 1 475563 2162
32 0 19795601 0
33 0 21816896 0
34 0 19807652 0
35 1 137073 616
36 0 21250643 0
37 1 414542 2134
38 1 246158 1245
39 1 997064 4608
40 0 19234279 0
41 1 912584 4174
42 1 772480 3523
43 1 476828 2188
44 0 20163635 0
45 1 710032 3268
46 0 18613983 0
47 0 19299041 0
48 1 556401 2531
49 0 23039942 0
50 0 20257818 0
51 0 15635540 0
52 0 22418632 0
53 0 19783914 0
54 0 20650594 0
55 1 313111 1419
56 0 20242695 0
57 1 813685 3755
58 0 19614153 0
59 1 458119 2095
60 0 20189235 0
61 1 285742 1258
62 0 18913766 0
63 0 22259281 0
64 1 369583 1682
65 0 15644872 0
66 0 21398733 0
67 1 675124 3119
68 0 19562250 0
69 0 15575225 0
70 1 613519 3143
71 0 15660240 0
72 0 19831177 0
73 0 19950127 0
74 0 15590490 0
75 0 22269905 0
76 1 183096 936
77 1 501622 2315
78 0 20900645 0
79 0 21927733 0
80 0 19951821 0
81 0 22375340 0
82 0 21856679 0
83 0 21563221 0
84 1 9334 15
85 0 19486240 0
86 0 19832402 0
87 1 494117 2270
88 1 579837 2635
89 0 22066149 0
90 1 283909 1292
91 0 19409858 0
92 1 470087 2142
93 0 19360870 0
94 0 15710191 0
95 0 19446699 0
96 1 214685 976
97 1 695432 3185
98 0 19124627 0
99 1 486103 2524
100 1 451068 2051
101 0 20052961 0
102 0 15678120 0
103 1 53350 214
104 0 20765275 0
105 0 21824180 0
106 0 21158205 0
107 1 232159 1007
108 0 22340474 0
109 1 319242 1418
110 0 19768752 0
111 0 19631467 0
112 0 22161719 0
113 0 20481646 0
114 1 609304 2790
115 0 19932633 0
116 0 19362302 0
117 0 19703753 0
118 1 475009 2182
119 0 19847897 0
120 1 433210 1966
121 1 406471 2113
122 0 19281206 0
123 1 657896 3023
124 0 19396332 0
125 0 22438939 0
126 1 758893 3495
127 0 16017974 0
128 0 19384959 0
129 0 19951650 0
130 1 764922 3514
131 0 21435989 0
132 0 21459497 0
133 1 882081 4052
134 0 22282923 0
135 1 167927 750
136 0 19720911 0
137 1 698990 3221
138 1 496319 2288
139 1 491760 2242
140 0 19124494 0
141 0 21184984 0
142 0 19781643 0
143 0 20486231 0
144 0 15752564 0
145 1 847069 3903
146 0 19342302 0
147 0 18996007 0
148 0 15880336 0
149 0 15525101 0
150 0 18517434 0
151 0 20036323 0
152 0 20083184 0
153 0 19291971 0
154 1 664212 3046
155 1 409485 1865
156 1 460570 2119
157 0 15697009 0
158 0 19069010 0
159 0 21479530 0
160 0 22632126 0
161 0 22143630 0
162 1 1214499 5600
163 1 352956 1626
164 0 20766175 0
165 0 20969769 0
166 0 15630385 0
167 0 15616284 0
168 0 18898072 0
169 0 19732462 0
170 0 20166715 0
171 1 185841 817
172 0 21561920 0
173 0 19174750 0
174 0 20146850 0
175 1 293314 1301
176 0 22610478 0
177 1 301021 1532
178 1 157496 712
179 1 985683 4547
180 0 15598663 0
181 0 22081549 0
182 1 621372 2856
183 0 19841400 0
184 1 328935 1497
185 0 19785405 0
186 1 746950 3878
187 1 1245877 5759
188 0 15549045 0
189 0 18925791 0
190 0 19597553 0
191 1 592578 3077
192 1 557808 2911
193 1 440046 2017
194 1 255279 1166
195 0 20112984 0
196 0 19966442 0
197 0 20302141 0
198 1 657904 3011
199 1 185797 965
200 0 19445381 0
201 1 279187 1243
202 1 746747 3421
203 0 15407366 0
204 1 378172 1609
205 1 621920 3259
206 1 861263 3973
207 1 551755 2539
208 0 18814608 0
209 0 19188864 0
210 1 245695 1085
211 1 259929 1184
212 0 15621311 0
213 1 971818 4470
214 1 405641 1859
215 1 395879 1821
216 0 19620242 0
217 0 20059179 0
218 1 143531 698
219 0 18869001 0
220 1 574232 2966
221 1 506780 2330
222 1 486600 2218
223 1 1204267 5539
224 0 15653610 0
225 0 21808138 0
226 1 474224 2180
227 0 19966967 0
228 0 19424585 0
229 1 416216 1901
230 0 18695834 0
231 1 510171 2344
232 0 19948209 0
233 1 394031 1790
234 1 860204 3977
235 0 21173113 0
236 1 37061 128
237 0 19062510 0
238 0 19439838 0
239 1 684554 3145
240 1 335877 1747
241 0 19208204 0
242 0 18994900 0
243 1 562058 2581
244 0 19399029 0
245 0 21138424 0
246 0 20769162 0
247 1 396103 2053
248 0 19110315 0
249 1 308153 1326
250 0 20060860 0
251 0 19764018 0
252 0 15763826 0
253 1 616779 2819
254 0 21222914 0
255 0 22397904 0
256 0 22559091 0
257 0 15717530 0
258 1 12351 26
259 0 21179309 0
260 0 22500487 0
261 0 19364458 0
262 1 687516 3135
263 1 1452016 6712
264 1 846596 3889
265 0 20088008 0
266 1 396517 1809
267 1 615975 2827
268 1 474563 2167
269 0 20078392 0
270 0 19855843 0
271 0 19454613 0
272 0 15504292 0
273 0 21546183 0
274 0 19835978 0
275 1 1069868 4915
276 0 19515364 0
277 0 22427810 0
278 0 20488599 0
279 0 21913550 0
280 1 260844 1182
281 0 20043882 0
282 0 19460727 0
283 0 20199736 0
284 1 325571 1443
285 0 16045995 0
286 1 789266 3492
287 0 15423729 0
288 0 19706519 0
289 0 22887990 0
290 1 460283 2378
291 0 19145259 0
292 0 19134668 0
293 0 19812993 0
294 0 20921516 0
295 1 697390 3213
296 0 18648278 0
297 1 68854 285
298 0 19503735 0
299 1 164877 815
300 0 18944019 0
301 1 357211 1838
302 1 506767 2313
303 1 452925 2076
304 0 18419262 0
305 0 20304729 0
306 0 19335168 0
307 1 478305 2459
308 1 488090 2247
309 0 18737227 0
310 0 19471700 0
311 0 19382222 0
312 0 19382956 0
313 0 19147685 0
314 0 15561969 0
315 0 18327570 0
316 1 671342 3068
317 1 665018 3038
318 1 709421 3267
319 0 15879412 0
320 1 562489 2575
321 0 19753671 0
322 1 225965 1129
323 0 20322018 0
324 1 605592 2738
325 1 675279 3090
326 0 18943328 0
327 1 947382 4310
328 1 273906 1385
329 1 538901 2472
330 1 472334 2158
331 0 20417194 0
332 1 166462 724
333 0 20257959 0
334 1 574304 2614
335 1 478966 2508
336 1 295212 1337
337 0 19291930 0
338 0 20043621 0
339 0 19242696 0
340 0 19350393 0
341 0 15589340 0
342 0 19197898 0
343 1 586346 2670
344 0 15849803 0
345 0 20296036 0
346 1 354994 1625
347 0 19277663 0
348 1 503340 2622
349 0 18810201 0
350 1 285994 1286
351 1 530242 2430
352 0 19820453 0
353 0 19607786 0
354 0 18909251 0
355 0 19116028 0
356 1 559342 2566
357 1 1167049 5389
358 0 19105749 0
359 1 467066 2438
360 0 18387795 0
361 1 1282825 5899
362 0 20084545 0
363 0 18872371 0
364 1 950325 4953
365 0 19677825 0
366 1 623763 2852
367 0 18815959 0
368 0 18803281 0
369 0 21040768 0
370 0 18351883 0
371 0 18784584 0
372 1 452473 2059
373 0 20486822 0
374 0 20060340 0
375 0 20434419 0
376 0 20109458 0
377 1 156210 767
378 1 854007 3942
379 1 86847 387
380 1 17228 58
381 0 20202618 0
382 0 20090061 0
383 0 19554183 0
384 0 15803705 0
385 1 593932 2712
386 0 19311001 0
387 0 19315740 0
388 0 15645464 0
389 1 273093 1238
390 1 1356717 6286
391 0 19444973 0
392 1 628726 2855
393 0 19534084 0
394 0 19629955 0
395 1 909653 4198
396 1 1001438 4622
397 1 408522 1864
398 0 19286307 0
399 0 19322111 0
400 0 19121994 0
401 0 20045857 0
402 0 19794194 0
403 1 61958 260
404 0 19330513 0
405 0 21646727 0
406 0 21339184 0
407 0 20260402 0
408 1 511153 2342
409 1 54994 219
410 0 19893249 0
411 0 19121364 0
412 0 21631523 0
413 1 281054 1267
414 0 15411864 0
415 1 676532 3089
416 0 22510291 0
417 1 1309108 6009
418 0 19776057 0
419 0 16025613 0
420 1 522133 2362
421 0 21328094 0
422 1 746582 3894
423 0 19923729 0
424 0 20153164 0
425 0 20169380 0
426 1 906613 4729
427 0 19949819 0
428 0 19647420 0
429 1 802001 3675
430 1 640696 2928
431 0 19022967 0
432 0 19132263 0
433 1 157459 702
434 1 34751 135
435 0 18784869 0
436 1 76128 321
437 1 1023213 4705
438 1 1004401 4618
439 0 20019000 0
440 1 790102 4141
441 0 19466144 0
442 1 523741 2722
443 1 1111216 5129
444 1 1128522 5178
445 0 18893651 0
446 1 172525 738
447 1 1138285 5231
448 1 102461 402
449 0 19273299 0
450 1 491518 2241
451 1 346035 1578
452 1 205000 928
453 1 778085 3567
454 0 20022623 0
455 0 19859701 0
456 0 21338019 0
457 0 21471834 0
458 0 21222536 0
459 1 1574998 7254
460 0 22142425 0
461 1 35461 135
462 0 20460057 0
463 0 22599121 0
464 0 20873633 0
465 0 19814931 0
466 0 15472063 0
467 0 18878598 0
468 0 15686953 0
469 1 509326 2335
470 1 615461 2841
471 0 19157924 0
472 1 546285 2505
473 0 18782432 0
474 0 19001778 0
475 1 287703 1301
476 1 431466 1986
477 1 244396 1117
478 0 20055003 0
479 0 19038223 0
480 1 244082 1105
481 1 759939 3507
482 1 807614 3723
483 0 19730565 0
484 1 352464 1780
485 0 19512357 0
486 1 308201 1376
487 0 19312712 0
488 1 247879 1254
489 0 19486772 0
490 1 112517 497
491 0 20796535 0
492 0 19506306 0
493 0 15879643 0
494 0 15535759 0
495 0 19591458 0
496 1 958646 4375
497 0 20256595 0
498 1 867372 3994
499 1 695019 3196
500 1 417137 1920
501 0 15500317 0
502 0 15478344 0
503 0 19207285 0
504 1 680113 3125
505 0 19551925 0
506 1 366339 1663
507 1 203989 929
508 0 20511624 0
509 1 1047773 4825
510 0 19014528 0
511 0 18683550 0
512 1 954712 4375
513 0 21724715 0
514 1 835143 3806
515 0 21940591 0
516 0 15647344 0
517 0 21164760 0
518 0 21448876 0
519 0 20391372 0
520 0 19488045 0
521 0 21596216 0
522 1 862586 4495
523 0 19968631 0
524 1 511226 2641
525 0 19730569 0
526 1 712782 3241
527 0 20680444 0
528 0 15544266 0
529 0 19177472 0
530 1 1008065 4620
531 1 485559 2218
532 1 103572 458
533 1 338557 1544
534 0 18820267 0
535 1 504921 2302
536 1 264506 1202
537 0 19656856 0
538 0 20141140 0
539 1 293721 1304
540 0 18806382 0
541 0 21234343 0
542 1 987086 4526
543 0 20293830 0
544 0 19934167 0
545 0 22970248 0
546 0 21319941 0
547 1 335373 1512
548 1 566340 2600
549 1 49533 241
550 0 19380011 0
551 0 19059014 0
552 0 19225475 0
553 0 20149122 0
554 0 19210768 0
555 0 19656458 0
556 0 19984540 0
557 0 18526570 0
558 0 19212412 0
559 0 20264305 0
560 0 19318746 0
561 0 15632368 0
562 0 20235915 0
563 0 20519653 0
564 1 1233662 5660
565 1 435400 2007
566 0 21734978 0
567 0 21155613 0
568 0 20380271 0
569 0 19635678 0
570 1 505716 2309
571 0 19688173 0
572 0 19517832 0
573 0 18569140 0
574 0 19449617 0
575 0 20679519 0
576 0 15944168 0
577 1 186594 932
578 0 19303086 0
579 0 20346057 0
580 1 175305 854
581 1 10571 35
582 0 19866459 0
583 0 19371133 0
584 0 20596302 0
585 0 20474852 0
586 0 22082590 0
587 1 343771 1552
588 0 16645679 0
589 0 20309468 0
590 1 556525 2505
591 0 15570616 0
592 0 20340521 0
593 1 290970 1507
594 1 528761 2433
595 0 21982915 0
596 0 19495122 0
597 0 21056335 0
598 0 21091424 0
599 0 19647088 0
600 0 22333061 0
601 0 20612558 0
602 1 45963 181
603 1 781726 3594
604 0 18416355 0
605 0 15742387 0
606 0 15634949 0
607 0 19344761 0
608 0 19872943 0
609 0 19460756 0
610 1 975961 4499
611 0 15556613 0
612 1 886450 4069
613 1 518761 2385
614 1 243522 1109
615 0 19487120 0
616 0 20945236 0
617 0 19736206 0
618 0 20191212 0
619 0 19400512 0
620 1 611839 2798
621 1 313531 1440
622 0 18740959 0
623 0 21735487 0
624 0 19633358 0
625 0 19658340 0
626 1 889376 4094
627 0 21352806 0
628 0 19885543 0
629 0 21624196 0
630 0 20006549 0
631 1 336165 1515
632 0 19862565 0
633 0 19372044 0
634 1 797802 3635
635 0 19037385 0
636 1 54784 213
637 0 20504361 0
638 1 555149 2540
639 1 671363 3089
640 0 18317652 0
641 0 19385073 0
642 0 15457646 0
643 1 640064 2950
644 1 790413 3643
645 0 18970856 0
646 0 19874025 0
647 1 791502 3618
648 1 210580 960
649 1 697982 3647
650 0 19037974 0
651 0 19344036 0
652 0 18626894 0
653 0 21610562 0
654 1 576327 2639
655 1 558358 2564
656 0 20228162 0
657 0 19926065 0
658 0 18960821 0
659 0 18858660 0
660 1 636970 3279
661 0 19455304 0
662 1 183100 817
663 1 377695 1730
664 0 19063924 0
665 0 15472642 0
666 0 18264268 0
667 0 22545377 0
668 0 21408930 0
669 1 1218895 5627
670 0 21527126 0
671 0 21677794 0
672 0 22941998 0
673 0 15464171 0
674 0 20950991 0
675 1 445100 2038
676 0 20487908 0
677 0 20631240 0
678 0 15651758 0
679 0 18999159 0
680 1 249657 1056
681 0 18344139 0
682 0 21412511 0
683 1 584683 3059
684 0 19627228 0
685 1 766571 3536
686 0 19951747 0
687 1 767471 3544
688 1 901191 4156
689 0 19352257 0
690 1 699487 3223
691 1 1347033 6213
692 0 18425264 0
693 1 1048962 4814
694 1 328966 1514
695 0 21553898 0
696 1 502674 2594
697 1 239376 1091
698 0 18986952 0
699 0 17212720 0
700 1 406357 2111
701 0 18800373 0
702 0 15595743 0
703 0 19448233 0
704 1 673837 3040
705 0 20533710 0
706 1 531616 2401
707 0 20251804 0
708 0 19090233 0
709 0 21273455 0
710 1 250324 1122
711 0 21940360 0
712 1 1174148 6152
713 1 86305 386
714 0 22519859 0
715 1 481186 2199
716 0 21097186 0
717 0 19023720 0
718 0 20243928 0
719 1 178178 784
720 0 21125853 0
721 0 15644907 0
722 0 19355682 0
723 1 1038860 4768
724 1 374059 1935
725 0 15292971 0
726 0 19759779 0
727 0 15463289 0
728 1 309194 1385
729 0 20121326 0
730 0 21093597 0
731 1 22957 66
732 1 425763 1958
733 0 19732763 0
734 0 19878626 0
735 1 1232948 5676
736 0 19868656 0
737 1 284671 1273
738 1 731408 3369
739 0 18759541 0
740 1 400827 1835
741 0 19494587 0
742 0 19590628 0
743 1 499395 2581
744 1 412378 1888
745 0 20428839 0
746 1 145911 648
747 0 22760608 0
748 0 22304710 0
749 0 15762557 0
750 0 22585168 0
751 0 22473433 0
752 0 22322579 0
753 1 225797 1000
754 0 22473549 0
755 0 15334288 0
756 0 19540313 0
757 1 452239 2065
758 0 18809427 0
759 1 33682 129
760 0 19782307 0
761 1 664199 3040
762 0 18766861 0
763 0 19179436 0
764 0 21445300 0
765 1 388109 1765
766 0 22010886 0
767 0 21924378 0
768 0 18993100 0
769 1 59448 250
770 1 831866 3821
771 0 19061683 0
772 1 63675 285
773 1 191726 847
774 1 578478 2647
775 0 21820286 0
776 0 21447619 0
777 1 1289233 5928
778 1 276583 1261
779 0 22736586 0
780 0 21340507 0
781 0 15532364 0
782 0 19591268 0
783 0 19821520 0
784 0 19039221 0
785 1 387155 1752
786 0 19130106 0
787 0 21045397 0
788 1 712106 3251
789 0 19645669 0
790 0 15574904 0
791 0 22602831 0
792 0 20948938 0
793 0 19332972 0
794 0 15548188 0
795 0 19689992 0
796 1 260672 1320
797 0 15612941 0
798 1 582965 2649
799 1 619942 2844
800 1 422653 1930
801 0 19345483 0
802 1 445772 2030
803 0 19189252 0
804 0 19138723 0
805 1 97692 412
806 0 20111751 0
807 0 19707359 0
808 0 20498912 0
809 0 19265223 0
810 0 15298816 0
811 1 595662 2718
812 0 19056617 0
813 0 18996330 0
814 1 789705 3633
815 0 19485327 0
816 1 414443 1892
817 1 635306 2937
818 1 443376 2034
819 0 19486665 0
820 0 19166472 0
821 0 19889513 0
822 0 21589786 0
823 0 20957533 0
824 0 20047003 0
825 0 18987642 0
826 1 556202 2549
827 0 19496036 0
828 0 15577684 0
829 0 21448553 0
830 0 20280487 0
831 1 420828 1881
832 1 853663 3914
833 1 302708 1385
834 1 625970 2840
835 1 673068 3083
836 1 511540 2337
837 0 20168718 0
838 0 19687163 0
839 0 19798634 0
840 1 1141430 5237
841 0 21530887 0
842 0 19249555 0
843 0 19451611 0
844 0 15461829 0
845 1 1500106 6851
846 1 450569 2353
847 0 22420608 0
848 1 239520 1067
849 0 21741756 0
850 0 22241312 0
851 0 19894523 0
852 0 22686791 0
853 0 22377367 0
854 0 22107635 0
855 1 55403 251
856 0 18760787 0
857 1 619730 2846
858 1 660509 3039
859 1 241614 1093
860 0 19096617 0
861 1 197666 880
862 0 21717076 0
863 1 1043094 4801
864 1 1456613 6675
865 1 261875 1187
866 0 17703052 0
867 1 771150 3540
868 1 684071 3140
869 0 20765983 0
870 1 690950 3152
871 0 18712346 0
872 1 342231 1544
873 0 20069857 0
874 0 19803593 0
875 0 22428867 0
876 1 453890 2358
877 1 363360 1651
878 0 22589671 0
879 1 525649 2372
880 1 629186 2835
881 0 18574374 0
882 1 280674 1271
883 0 22838041 0
884 1 217881 1090
885 0 19363091 0
886 0 19020207 0
887 0 19846913 0
888 1 339182 1529
889 0 20155730 0
890 0 15240072 0
891 1 373112 1904
892 0 21024982 0
893 0 21075577 0
894 0 18999102 0
895 0 20806091 0
896 0 15832701 0
897 0 21215628 0
898 0 20295400 0
899 0 17184000 0
900 0 21084111 0
901 0 20596472 0
902 0 15511555 0
903 1 1409944 6491
904 0 22900027 0
905 0 22594032 0
906 0 21220620 0
907 1 568583 2588
908 0 20507479 0
909 1 737490 3395
910 0 15670339 0
911 0 22573506 0
912 0 15931833 0
913 0 15733109 0
914 0 20666595 0
915 1 827599 3812
916 0 21396163 0
917 1 734483 3375
918 0 19803270 0
919 0 15825380 0
920 0 19345085 0
921 0 19171072 0
922 0 18709453 0
923 1 941790 4340
924 0 19124300 0
925 0 19707026 0
926 0 15582766 0
927 0 19561290 0
928 0 19313805 0
929 0 19761682 0
930 1 523194 2346
931 0 19463673 0
932 0 18764850 0
933 1 456627 2353
934 1 669054 3085
935 0 18923607 0
936 1 221481 991
937 0 19560514 0
938 1 574225 2634
939 1 11512 40
940 1 370178 1682
941 0 19159128 0
942 0 20051711 0
943 1 339309 1525
944 0 19067487 0
945 0 19996803 0
946 1 887972 4076
947 1 362491 1648
948 1 487952 2250
949 0 20183727 0
950 0 19704054 0
951 0 19609324 0
952 0 15593009 0
953 0 19513176 0
954 1 1000678 5247
955 0 19436452 0
956 1 793381 3657
957 1 612213 2816
958 0 19462707 0
959 1 265110 1196
960 0 20197880 0
961 1 206611 924
962 0 18273797 0
963 0 15681813 0
964 1 423121 1942
965 1 262184 1183
966 1 674028 3110
967 0 16923972 0
968 0 19524615 0
969 1 298668 1545
970 0 18872409 0
971 1 103795 521
972 0 22685120 0
973 0 21683141 0
974 0 21142700 0
975 0 20201584 0
976 1 1438298 6577
977 0 21705195 0
978 1 421621 1925
979 0 15965893 0
980 0 19521270 0
981 0 22151691 0
982 0 19990584 0
983 1 586011 2667
984 1 535876 2456
985 0 22429187 0
986 1 139480 603
987 1 644464 2948
988 0 22874845 0
989 0 15669702 0
990 1 383660 1735
991 1 606974 2785
992 1 337892 1532
993 0 20373836 0
994 0 21397657 0
995 1 849557 3887
996 0 15645425 0
997 1 715596 3219
998 0 19615638 0
999 1 781745 3592
1000 0 19632120 0
1001 1 721266 3303
1002 1 308234 1405
1003 1 499765 2618
1004 1 846534 3875
1005 1 715679 3288
1006 0 15838055 0
1007 0 20568583 0
1008 0 22293728 0
1009 1 992448 4574
1010 1 199078 896
1011 0 18710556 0
1012 0 20347230 0
1013 0 19004913 0
1014 0 18725193 0
1015 1 474575 2450
1016 0 19322026 0
1017 0 15650604 0
1018 0 18824679 0
1019 0 16384997 0
1020 0 15711792 0
1021 0 18494383 0
1022 0 19777303 0
1023 0 22084627 0
1024 1 288973 1455
1025 0 18530292 0
1026 0 15484979 0
1027 1 352757 1599
1028 0 19818863 0
1029 1 680235 3540
1030 0 19057808 0
1031 1 784986 3619
1032 0 21133805 0
1033 0 18472733 0
1034 1 444553 2036
1035 0 18877739 0
1036 1 190263 842
1037 1 443461 2015
1038 0 20210752 0
1039 0 19520783 0
1040 1 461517 2099
1041 1 368217 1692
1042 1 928817 4290
1043 1 970675 4447
1044 1 407009 1870
1045 1 958407 4432
1046 0 21276205 0
1047 0 18927963 0
1048 1 148818 581
1049 1 475746 2181
1050 0 19576830 0
1051 0 19607626 0
1052 1 916719 4225
1053 0 19697956 0
1054 1 35397 117
1055 0 19718356 0
1056 1 194174 854
1057 1 139207 625
1058 1 858835 3957
1059 1 524877 2420
1060 0 19347184 0
1061 1 327017 1501
1062 0 15345109 0
1063 1 576164 2608
1064 1 377729 1736
1065 0 21734645 0
1066 0 15609691 0
1067 0 23155467 0
1068 1 488192 2236
1069 0 21390355 0
1070 1 1073944 5600
1071 1 544168 2502
1072 1 788151 3639
1073 1 365680 1674
1074 0 19225723 0
1075 0 19284654 0
1076 1 347551 1578
1077 1 552157 2533
1078 1 373382 1698
1079 0 22643487 0
1080 0 21787568 0
1081 1 136870 599
1082 0 20317179 0
1083 0 19577890 0
1084 0 19914885 0
1085 1 587219 2685
1086 1 1175482 5413
1087 1 727264 3337
1088 0 22760001 0
1089 1 434337 2218
1090 0 20420619 0
1091 0 20311313 0
1092 0 20123733 0
1093 1 962253 4404
1094 0 15660211 0
1095 0 20757347 0
1096 0 18965946 0
1097 0 19384293 0
1098 0 19607912 0
1099 0 19329462 0
1100 0 18753213 0
1101 1 144070 625
1102 0 19857089 0
1103 1 686211 3149
1104 1 615821 2793
1105 0 16371526 0
1106 0 18793582 0
1107 0 19418913 0
1108 0 20458490 0
1109 0 19112178 0
1110 1 978257 4444
1111 0 19845972 0
1112 1 833844 3825
1113 1 1019361 4689
1114 1 583334 2647
1115 0 19416862 0
1116 1 790529 3620
1117 0 18678046 0
1118 1 296236 1338
1119 0 19011229 0
1120 0 15814704 0
1121 0 19373503 0
1122 0 19448578 0
1123 0 19158890 0
1124 0 19532183 0
1125 0 15293510 0
1126 0 18608977 0
1127 1 95546 421
1128 0 19230891 0
1129 1 1369566 6308
1130 0 19659330 0
1131 0 20395209 0
1132 0 20023847 0
1133 1 617153 2825
1134 1 136582 614
1135 0 16023899 0
1136 0 18845739 0
1137 0 20194775 0
1138 1 722185 3312
1139 0 15522960 0
1140 0 19235886 0
1141 0 21277983 0
1142 1 731949 3353
1143 0 15700576 0
1144 0 15770337 0
1145 0 20060861 0
1146 0 20110381 0
1147 1 363830 1657
1148 0 18690157 0
1149 0 15952669 0
1150 0 21720522 0
1151 0 15595046 0
1152 1 661238 3043
1153 1 213596 968
1154 1 417512 1919
1155 1 289389 1326
1156 1 665611 3015
1157 0 19659853 0
1158 0 15705300 0
1159 1 824766 3789
1160 0 18838540 0
1161 0 18521526 0
1162 1 561741 2580
1163 1 759749 3501
1164 0 19473470 0
1165 1 287837 1300
1166 0 19295546 0
1167 0 18788227 0
1168 0 19240440 0
1169 1 253932 1137
1170 0 19344883 0
1171 0 18508290 0
1172 0 15618836 0
1173 1 48050 183
1174 0 21417737 0
1175 0 20170692 0
1176 0 18988253 0
1177 0 15654318 0
1178 0 19421336 0
1179 1 737413 3381
1180 0 21249621 0
1181 0 19722946 0
1182 0 20836086 0
1183 1 34581 140
1184 0 20647020 0
1185 1 674747 3474
1186 0 21257999 0
1187 0 21967635 0
1188 1 582404 2656
1189 0 19233842 0
1190 1 714592 3290
1191 0 15700976 0
1192 1 300677 1362
1193 0 20060575 0
1194 0 15750348 0
1195 1 195444 868
1196 1 684200 3157
1197 0 18787849 0
1198 1 614246 3187
1199 1 677313 3117
