0 1 732898 3329
1 0 18545960 0
2 1 681340 3127
3 1 781940 3583
4 0 21261258 0
5 0 18840866 0
6 1 530896 2442
7 1 392107 1802
8 0 18507218 0
9 0 18585707 0
10 0 19228583 0
11 0 19307180 0
12 1 471612 2162
13 0 18879418 0
14 0 15587704 0
15 1 801123 3698
16 1 1011442 4669
17 0 19167247 0
18 1 586379 2706
19 0 19070144 0
20 1 264484 1192
21 0 19162070 0
22 0 18973485 0
23 1 471195 2130
24 1 420707 1936
25 0 20529384 0
26 1 319151 1451
27 0 15583976 0
28 0 22274979 0
29 1 204156 924
30 1 616841 2837
31 1 581841 2684
32 1 850125 3931
33 1 766299 3488
34 0 21342272 0
35 1 802165 3677
36 0 20746343 0
37 0 19216724 0
38 0 22085468 0
39 1 244962 1245
40 0 19200184 0
41 0 22848788 0
42 1 1281903 6705
43 0 22435991 0
44 0 21338924 0
45 0 22125971 0
46 0 22005536 0
47 0 22291705 0
48 0 15697687 0
49 0 21566124 0
50 1 939110 4312
51 0 22044768 0
52 0 19255789 0
53 0 22151518 0
54 1 823739 3769
55 1 189034 844
56 1 677509 3095
57 1 817446 3759
58 0 15586116 0
59 0 15641142 0
60 1 930681 4283
61 1 223816 1148
62 0 20763487 0
63 1 528139 2404
64 0 19306467 0
65 1 123709 544
66 1 355859 1631
67 0 15806888 0
68 0 19974549 0
69 0 15570242 0
70 1 846279 3864
71 1 287480 1315
72 0 20074441 0
73 0 20494701 0
74 0 21095735 0
75 1 744929 3401
76 1 270369 1226
77 1 918790 4217
78 1 333311 1508
79 0 20757001 0
80 0 17635469 0
81 1 544624 2477
82 0 19699380 0
83 0 19245979 0
84 0 20355889 0
85 1 724229 3775
86 0 19983532 0
87 1 578372 2651
88 0 20825218 0
89 0 19318841 0
90 0 15765750 0
91 0 19042855 0
92 1 1317192 6083
93 1 827337 3755
94 0 15605368 0
95 1 271167 1380
96 0 19956551 0
97 0 19175997 0
98 1 988222 4531
99 0 18702306 0
100 1 486506 2215
101 0 18953944 0
102 0 18815952 0
103 0 19847926 0
104 0 20394260 0
105 0 18505464 0
106 0 15902341 0
107 0 20823589 0
108 1 352380 1599
109 0 20867049 0
110 1 389720 1759
111 1 713785 3292
112 0 19758063 0
113 1 1054551 4792
114 1 543953 2486
115 0 18432607 0
116 1 486752 2228
117 0 18408536 0
118 1 691576 3169
119 1 1352157 6239
120 1 1238459 5738
121 1 99346 443
122 0 19011417 0
123 1 1096193 4983
124 0 19123554 0
125 1 681717 3128
126 1 240671 1094
127 1 987307 4554
128 1 1200469 5527
129 1 862541 3994
130 1 391918 1808
131 1 1241138 5741
132 1 859478 3972
133 1 599185 2710
134 1 613007 2802
135 0 15683165 0
136 0 19993469 0
137 1 786114 4088
138 0 19735295 0
139 0 18929706 0
140 0 18686965 0
141 1 750412 3936
142 0 18709062 0
143 1 763921 3170
144 1 289989 1320
145 0 19567194 0
146 1 930198 4284
147 1 642146 2951
148 0 18902425 0
149 0 21831480 0
150 1 835302 3842
151 1 246245 1103
152 0 18639588 0
153 0 15664315 0
154 1 582550 2617
155 1 525443 2395
156 1 608323 3186
157 1 1023736 4713
158 1 514309 2354
159 0 19989157 0
160 0 18609281 0
161 0 15534265 0
162 0 15693857 0
163 0 19221807 0
164 0 19275714 0
165 0 20690134 0
166 1 288216 1294
167 1 829720 3812
168 0 18976136 0
169 1 598009 3129
170 1 889686 4094
171 1 343121 1564
172 0 22698071 0
173 0 21023435 0
174 0 19413744 0
175 0 18926519 0
176 0 15333632 0
177 0 16236543 0
178 1 1134729 5200
179 0 21289623 0
180 0 18746684 0
181 1 963601 4447
182 0 19392384 0
183 1 460621 2115
184 0 18792751 0
185 0 18793819 0
186 0 19583773 0
187 1 304288 1389
188 1 594524 3096
189 0 18633315 0
190 0 18732368 0
191 0 19130454 0
192 0 19635105 0
193 0 18492316 0
194 1 840757 4389
195 0 18759164 0
196 0 20325015 0
197 0 20590121 0
198 1 242359 1094
199 0 18850971 0
200 0 15806285 0
201 1 723328 3784
202 0 18901405 0
203 1 1275632 5847
204 1 837074 3843
205 0 19821334 0
206 1 227760 1025
207 0 15720748 0
208 0 20027254 0
209 0 20075044 0
210 0 22698258 0
211 0 21832105 0
212 1 804645 3662
213 0 15397183 0
214 1 417966 1878
215 0 19328062 0
216 0 15691225 0
217 0 19965950 0
218 1 1275019 5861
219 0 19998907 0
220 0 22555272 0
221 0 22341885 0
222 0 21232633 0
223 0 21645862 0
224 0 22098354 0
225 0 20883504 0
226 0 22748908 0
227 1 2147137 9839
228 1 271628 1381
229 0 19720062 0
230 0 20090943 0
231 0 21141024 0
232 0 21116860 0
233 1 92404 382
234 0 19739569 0
235 0 19839889 0
236 0 21133957 0
237 1 929588 4224
238 0 15821876 0
239 1 951922 4389
240 1 911515 4202
241 1 558087 2921
242 1 537061 2477
243 1 161418 707
244 0 18388358 0
245 0 15668760 0
246 0 15521033 0
247 0 15957132 0
248 0 19791751 0
249 1 790125 3583
250 0 19341268 0
251 0 18726885 0
252 0 19315747 0
253 1 1483415 6843
254 1 729673 3377
255 1 634553 2927
256 0 22463988 0
257 0 19054222 0
258 1 724149 3309
259 0 19150216 0
260 0 19223296 0
261 0 18540156 0
262 0 21143512 0
263 0 21729805 0
264 1 614560 2821
265 0 19490881 0
266 1 745424 3850
267 0 19752003 0
268 1 520880 2393
269 1 731056 3369
270 1 850254 3930
271 0 20470980 0
272 1 698045 3197
273 0 18928730 0
274 0 18854237 0
275 0 18974885 0
276 0 19060468 0
277 1 416266 1891
278 1 138863 627
279 1 902834 4133
280 0 19496750 0
281 0 18749639 0
282 0 15660938 0
283 0 18836720 0
284 1 31498 119
285 1 530662 2449
286 0 19866627 0
287 1 762547 3977
288 0 19752624 0
289 0 20212148 0
290 1 315822 1447
291 1 323288 1472
292 0 19211512 0
293 0 19606352 0
294 0 18965732 0
295 0 20375012 0
296 1 343340 1555
297 1 372940 1710
298 1 454661 2092
299 0 19623785 0
300 0 19387209 0
301 1 410348 1856
302 1 576025 2655
303 1 481215 2216
304 0 21687905 0
305 1 1043538 5457
306 1 353584 1626
307 1 377610 1735
308 0 18879887 0
309 1 263065 1186
310 1 423668 1950
311 0 19578069 0
312 0 19020987 0
313 0 15893673 0
314 0 19875991 0
315 1 240384 1092
316 0 18932815 0
317 1 573015 2985
318 0 18734800 0
319 0 18737556 0
320 1 770292 3533
321 0 19905635 0
322 1 925020 4255
323 0 19313025 0
324 0 19630985 0
325 1 731340 3351
326 0 19376386 0
327 1 306796 1393
328 1 523124 2409
329 1 824939 3798
330 1 411303 1887
331 1 781182 3606
332 1 839703 3877
333 1 431972 1993
334 1 888232 4107
335 0 20580988 0
336 1 384199 1760
337 1 1053458 4857
338 0 18896076 0
339 0 19461559 0
340 0 19736006 0
341 0 19984170 0
342 1 661996 3045
343 0 19796059 0
344 1 457066 2086
345 1 478611 2210
346 0 19520538 0
347 0 20312835 0
348 1 921226 4241
349 0 20386455 0
350 0 15586520 0
351 1 891843 4113
352 0 18553794 0
353 0 19932829 0
354 0 19040162 0
355 1 892529 4119
356 0 20032796 0
357 0 19470822 0
358 0 18814467 0
359 1 326439 1484
360 0 20883574 0
361 0 19282478 0
362 1 636700 2925
363 1 677832 3120
364 1 1251703 5785
365 0 20845296 0
366 0 20093760 0
367 0 21550480 0
368 0 19285722 0
369 0 21096195 0
370 0 20872868 0
371 1 439555 1997
372 0 19387571 0
373 1 1400432 6454
374 0 21049241 0
375 0 22072976 0
376 0 21816914 0
377 0 19486289 0
378 0 21379355 0
379 0 22001336 0
380 0 20362778 0
381 1 763551 3996
382 0 19567757 0
383 1 565108 2587
384 1 1382888 6384
385 0 19792503 0
386 0 21513928 0
387 1 762613 3519
388 1 215542 981
389 0 19132363 0
390 0 22954173 0
391 1 388612 1768
392 0 22802303 0
393 1 1004532 4626
394 0 15443997 0
395 0 18059697 0
396 0 19662931 0
397 0 19945530 0
398 1 651981 2969
399 0 19236246 0
400 1 739997 3878
401 1 36324 169
402 1 410923 1890
403 0 19658859 0
404 0 19043629 0
405 0 21245071 0
406 0 15544706 0
407 0 19110555 0
408 0 19013302 0
409 1 1271934 5857
410 0 15565331 0
411 0 19842693 0
412 0 19912496 0
413 0 15776861 0
414 1 542797 2481
415 1 245273 1121
416 0 21986141 0
417 0 19604612 0
418 0 19410276 0
419 0 19536740 0
420 0 20091995 0
421 0 15926471 0
422 0 19106766 0
423 1 501435 2295
424 0 15595727 0
425 1 535599 2451
426 1 1000766 4605
427 0 19856511 0
428 1 768444 4012
429 0 22575251 0
430 0 19656331 0
431 1 413887 1898
432 0 20693419 0
433 0 20242819 0
434 0 15612883 0
435 1 215737 970
436 0 15715694 0
437 1 374064 1685
438 1 1146579 5293
439 0 19487071 0
440 0 19528081 0
441 1 598341 2743
442 0 19036434 0
443 0 15662880 0
444 1 789756 3631
445 0 20699042 0
446 0 18911093 0
447 0 19179589 0
448 0 15652516 0
449 1 605646 2760
450 1 809641 3720
451 1 350053 1594
452 0 19402043 0
453 1 268008 1172
454 1 844878 3886
455 0 19187180 0
456 1 290016 1288
457 0 18861456 0
458 0 18864832 0
459 1 554620 2541
460 0 19190402 0
461 0 21195418 0
462 1 432826 1982
463 1 751586 3456
464 0 20515458 0
465 1 438041 1997
466 0 20085454 0
467 0 19037667 0
468 1 910019 4177
469 1 802045 3706
470 1 949061 4381
471 0 18622166 0
472 0 20276780 0
473 0 20453576 0
474 1 525978 2421
475 1 770335 3550
476 0 18903647 0
477 0 22395010 0
478 1 813648 4246
479 1 284569 1298
480 0 19191167 0
481 0 21723273 0
482 0 19955613 0
483 0 22658410 0
484 1 740790 3404
485 0 21897500 0
486 1 567261 2546
487 0 15479529 0
488 0 19964110 0
489 1 62149 264
490 0 19328683 0
491 1 1055718 4863
492 1 331035 1520
493 0 20212278 0
494 1 64780 241
495 0 19604581 0
496 0 19454601 0
497 0 18913338 0
498 0 19995581 0
499 1 380211 1737
500 0 19381743 0
501 1 879281 4062
502 0 19156857 0
503 0 15503866 0
504 0 15668418 0
505 0 19410805 0
506 1 512237 2358
507 0 19046584 0
508 0 19179958 0
509 0 21501525 0
510 1 1090840 5043
511 0 19615452 0
512 0 18891824 0
513 1 661064 3438
514 1 770556 3989
515 0 15858127 0
516 0 20010056 0
517 1 643844 2930
518 1 738925 3422
519 1 955386 4406
520 0 20118484 0
521 1 122066 532
522 1 795622 3671
523 0 19445774 0
524 1 385369 2016
525 1 246318 1098
526 0 19244936 0
527 1 626225 2857
528 0 20182695 0
529 1 653865 2957
530 0 15509939 0
531 0 21999512 0
532 0 20882866 0
533 0 21570181 0
534 0 19911273 0
535 1 1014585 4677
536 1 608267 2790
537 0 19108416 0
538 0 19394090 0
539 0 21616044 0
540 0 19533588 0
541 0 19786993 0
542 0 15462019 0
543 0 21493949 0
544 1 795851 3639
545 0 20877001 0
546 0 22213451 0
547 0 21404443 0
548 0 21949638 0
549 0 20725866 0
550 0 15809599 0
551 1 93652 414
552 0 19999882 0
553 1 1063253 4843
554 1 752725 3460
555 0 22513745 0
556 0 20361919 0
557 1 1092947 5025
558 0 19959686 0
559 0 18800798 0
560 0 21539648 0
561 1 23690 78
562 1 652394 2998
563 0 20648800 0
564 0 19835304 0
565 0 21859368 0
566 0 19809617 0
567 0 19627509 0
568 0 22109547 0
569 0 22097423 0
570 1 399028 1781
571 0 15631543 0
572 0 20070757 0
573 0 22428998 0
574 0 15974509 0
575 1 1089928 5021
576 0 21198020 0
577 0 20866702 0
578 0 19030875 0
579 1 564279 2554
580 0 19909798 0
581 0 20502313 0
582 0 19980769 0
583 0 22149869 0
584 0 19832949 0
585 1 378069 1717
586 1 597338 2748
587 0 19867139 0
588 0 20771780 0
589 0 20421602 0
590 0 22884647 0
591 0 21356889 0
592 1 665558 3038
593 1 885050 4042
594 0 20284459 0
595 0 19547914 0
596 0 21088553 0
597 1 861217 4496
598 0 21901430 0
599 0 21054658 0
600 0 19355350 0
601 0 21660178 0
602 1 14732 50
603 1 806985 3711
604 1 905944 4170
605 0 20118640 0
606 0 22255136 0
607 1 140888 607
608 0 21982825 0
609 1 762817 3499
610 0 19522304 0
611 1 683784 3022
612 0 19053995 0
613 0 21985880 0
614 0 20688286 0
615 0 20631693 0
616 1 454108 2007
617 0 20561872 0
618 1 1056293 4841
619 1 708355 3237
620 0 21475119 0
621 0 21838757 0
622 0 21144147 0
623 0 22707822 0
624 0 22247691 0
625 1 327884 1470
626 1 920313 4818
627 0 18905452 0
628 1 165657 713
629 0 22230935 0
630 1 760137 3941
631 0 19902406 0
632 1 432164 1946
633 1 198915 1017
634 0 18675695 0
635 1 461492 2103
636 1 645085 2966
637 0 19140427 0
638 0 18965307 0
639 1 651396 2988
640 0 20195495 0
641 1 1228062 6426
642 1 286260 1316
643 1 618231 2852
644 0 19267833 0
645 0 19286795 0
646 1 697075 3194
647 1 1178151 5441
648 1 178779 813
649 1 402474 1832
650 1 62332 268
651 0 19855471 0
652 0 19229447 0
653 0 21050350 0
654 1 635322 3320
655 0 20565767 0
656 0 22864667 0
657 0 15582891 0
658 0 20129782 0
659 0 22877269 0
660 0 21219047 0
661 1 1665761 7661
662 1 843108 3841
663 0 19988432 0
664 0 15656744 0
665 1 371776 1676
666 0 15362191 0
667 1 729170 3340
668 1 836128 3839
669 0 20454317 0
670 0 19536505 0
671 1 593424 2691
672 1 216674 980
673 0 19302976 0
674 1 101053 428
675 0 21988467 0
676 0 19681258 0
677 0 15504626 0
678 0 19109172 0
679 1 590689 2659
680 1 637717 2946
681 1 418346 1894
682 0 18684970 0
683 0 18523373 0
684 1 458433 2105
685 1 1309681 6064
686 1 985663 4542
687 0 19191450 0
688 1 912633 4195
689 1 783907 3610
690 0 19478259 0
691 0 21855043 0
692 1 580365 3025
693 1 476472 2196
694 0 21895064 0
695 1 412833 2144
696 0 18823429 0
697 0 22228251 0
698 1 688844 3153
699 1 411680 1878
700 1 233250 1071
701 1 177728 911
702 1 417453 1890
703 0 20438002 0
704 0 19578998 0
705 1 1380136 6381
706 0 20553163 0
707 0 15587850 0
708 0 19636406 0
709 1 397548 1783
710 0 20462254 0
711 0 15868976 0
712 1 417802 1884
713 1 950855 4401
714 0 18501754 0
715 0 18629175 0
716 0 20433682 0
717 0 20707808 0
718 0 18643828 0
719 0 19278552 0
720 1 138283 613
721 1 598787 2760
722 1 1062259 4917
723 1 669378 3078
724 0 19391164 0
725 1 339329 1523
726 0 20228687 0
727 0 21016745 0
728 0 20776616 0
729 0 20733266 0
730 1 892476 4118
731 1 792721 3663
732 1 527021 2426
733 0 22878937 0
734 0 15524181 0
735 1 345595 1565
736 0 21344998 0
737 0 20659162 0
738 1 768910 3536
739 0 21658912 0
740 1 592533 2711
741 0 18464036 0
742 1 672488 3079
743 0 19295688 0
744 1 501738 2298
745 0 18832272 0
746 1 16907 53
747 1 904030 4173
748 0 20159082 0
749 0 18128754 0
750 1 251091 1145
751 0 19177160 0
752 0 20728400 0
753 0 15555587 0
754 0 20103168 0
755 0 18689328 0
756 0 19996633 0
757 1 303214 1369
758 1 984805 4540
759 1 699666 3228
760 1 1755639 8151
761 1 539081 2483
762 0 15694914 0
763 0 15610038 0
764 0 20135897 0
765 1 757289 3486
766 1 1117763 5165
767 1 241801 1100
768 0 18505725 0
769 0 19569433 0
770 0 21594444 0
771 0 19193056 0
772 1 1788683 8250
773 1 785745 3622
774 0 22159048 0
775 1 553351 2885
776 0 19623277 0
777 1 990861 4575
778 1 511862 2352
779 0 19197169 0
780 0 20585916 0
781 0 15479473 0
782 1 1290607 5972
783 0 22168029 0
784 0 22631226 0
785 0 15743341 0
786 0 15640302 0
787 0 19989154 0
788 0 19851762 0
789 0 20310736 0
790 1 1104780 5079
791 0 21880521 0
792 0 22205565 0
793 0 19084323 0
794 0 15756529 0
795 1 926620 4257
796 1 733227 3376
797 1 772033 3560
798 1 1030904 5395
799 0 21317454 0
800 0 22249939 0
801 1 443733 2005
802 0 22442891 0
803 1 726281 3353
804 1 542849 2492
805 0 19855515 0
806 0 20156384 0
807 0 18758551 0
808 1 999117 4607
809 1 838699 3880
810 1 1112685 5165
811 1 1519127 7019
812 0 18233890 0
813 0 15346517 0
814 0 18882816 0
815 0 15520230 0
816 0 19101142 0
817 1 988092 4534
818 0 19048701 0
819 1 58850 234
820 0 21921238 0
821 0 19418721 0
822 0 19294800 0
823 1 444626 2308
824 1 309935 1416
825 1 473527 2175
826 1 740876 3412
827 1 555107 2549
828 1 668080 3078
829 0 19460575 0
830 1 601147 2747
831 1 863097 3990
832 0 18878412 0
833 1 975753 4492
834 0 15724283 0
835 1 699028 3209
836 0 19390185 0
837 0 15410390 0
838 1 463280 2110
839 0 19847192 0
840 1 1505634 6936
841 0 20045519 0
842 1 634311 3294
843 0 21827123 0
844 1 1759628 8104
845 0 22525649 0
846 0 15222273 0
847 1 703651 3233
848 0 21997492 0
849 0 19722887 0
850 0 21077367 0
851 0 18986375 0
852 1 383430 1730
853 0 18746100 0
854 0 19925291 0
855 0 19758858 0
856 1 662012 3467
857 0 19899860 0
858 1 47106 194
859 0 19860501 0
860 0 19253802 0
861 1 325048 1461
862 1 500087 2288
863 0 18957971 0
864 0 20338762 0
865 0 19973512 0
866 0 19636679 0
867 0 15403527 0
868 1 363924 1658
869 0 15627058 0
870 0 19310418 0
871 1 1129450 5235
872 1 118522 534
873 0 18591932 0
874 0 18390651 0
875 0 20114223 0
876 0 19257694 0
877 1 589501 2668
878 0 20385158 0
879 1 892897 4095
880 1 540730 2484
881 0 19395281 0
882 0 19433663 0
883 0 19291865 0
884 0 15260305 0
885 0 19457870 0
886 0 20096600 0
887 0 20444249 0
888 1 521282 2380
889 1 673481 3118
890 0 18838227 0
891 1 564482 2583
892 1 533849 2456
893 1 310722 1419
894 1 1447847 6663
895 1 1656044 7652
896 1 610609 2816
897 1 466008 2149
898 0 19032092 0
899 0 15484212 0
900 0 19824073 0
901 0 19842754 0
902 1 541238 2491
903 0 20111521 0
904 1 654520 2996
905 1 491380 2258
906 0 19363323 0
907 1 682956 3073
908 1 524414 2391
909 0 19205851 0
910 0 19032229 0
911 0 19786956 0
912 1 367167 1674
913 0 19730942 0
914 1 927073 4256
915 0 18856281 0
916 0 22507437 0
917 0 15440257 0
918 0 19849831 0
919 1 369212 1667
920 1 98573 379
921 0 19339352 0
922 0 18556299 0
923 1 587661 2695
924 0 15434647 0
925 0 21485258 0
926 1 1463663 6720
927 1 369614 1692
928 1 781856 3589
929 0 21468628 0
930 1 180321 813
931 1 454612 2085
932 1 651755 3395
933 1 474698 2177
934 0 19663560 0
935 0 19789662 0
936 1 994409 4559
937 1 782276 3595
938 1 385863 1764
939 0 20329592 0
940 0 19217175 0
941 1 876516 4020
942 0 18900906 0
943 0 22192381 0
944 0 15682689 0
945 0 21352523 0
946 1 443150 2294
947 1 606281 2797
948 0 19595491 0
949 0 18368524 0
950 0 20232922 0
951 0 18882823 0
952 0 18774280 0
953 1 616617 2812
954 0 19810369 0
955 1 512938 2347
956 1 132092 591
957 1 618469 2853
958 0 19988172 0
959 0 15589433 0
960 1 515743 2664
961 1 204994 1065
962 1 490434 2246
963 0 22689884 0
964 1 894120 4090
965 0 19725338 0
966 1 360174 1412
967 0 22452612 0
968 0 22906340 0
969 1 417894 1906
970 0 20147021 0
971 0 15753820 0
972 0 19582919 0
973 1 445679 2028
974 0 19631568 0
975 0 20030892 0
976 1 847059 3889
977 0 19466437 0
978 1 1202107 5551
979 0 21032137 0
980 0 21173802 0
981 0 20353275 0
982 0 20183291 0
983 0 21180844 0
984 0 15526394 0
985 1 173971 768
986 1 890827 4126
987 1 528458 2394
988 1 380964 1981
989 0 18662493 0
990 1 776551 3571
991 0 19755414 0
992 1 590294 2683
993 0 19657064 0
994 1 786587 3575
995 0 19268045 0
996 0 22606636 0
997 0 22810971 0
998 0 22028636 0
999 1 823777 3791
1000 0 15762063 0
1001 0 19024784 0
1002 0 19189260 0
1003 0 18651135 0
1004 0 20948492 0
1005 0 20913539 0
1006 0 22365945 0
1007 1 757279 3479
1008 0 21159051 0
1009 0 19455768 0
1010 0 18732259 0
1011 0 22304659 0
1012 1 462038 2107
1013 0 21519350 0
1014 1 323835 1448
1015 1 1630319 7516
1016 0 21679716 0
1017 0 20567887 0
1018 0 19730717 0
1019 0 19817918 0
1020 1 430683 1942
1021 0 15201538 0
1022 1 135702 603
1023 1 315448 1441
1024 1 477870 2192
1025 0 19854429 0
1026 1 408125 1872
1027 0 19286670 0
1028 0 20681833 0
1029 0 18744456 0
1030 0 19386447 0
1031 0 18920304 0
1032 0 20003088 0
1033 1 273712 1393
1034 0 20963706 0
1035 1 171615 777
1036 0 20387295 0
1037 0 20955315 0
1038 0 15898949 0
1039 1 677403 3094
1040 0 19685326 0
1041 0 19507619 0
1042 0 19462565 0
1043 0 20026726 0
1044 0 19798603 0
1045 0 19316838 0
1046 0 19984834 0
1047 0 20295974 0
1048 1 660566 3457
1049 1 447019 2055
1050 0 19953796 0
1051 1 1003514 4617
1052 1 559867 2580
1053 0 22090203 0
1054 1 1362125 6272
1055 0 15582886 0
1056 0 20600643 0
1057 0 19056334 0
1058 1 824077 3805
1059 0 19700515 0
1060 1 799151 4179
1061 0 19865184 0
1062 1 1040100 5441
1063 1 172854 788
1064 0 19556517 0
1065 0 20687282 0
1066 0 18762797 0
1067 1 938192 4319
1068 1 1040724 4819
1069 1 271609 1245
1070 0 20369378 0
1071 0 19005560 0
1072 0 19483751 0
1073 0 19571737 0
1074 0 19805293 0
1075 0 19701682 0
1076 1 838692 3829
1077 0 21799175 0
1078 0 19539731 0
1079 0 15601349 0
1080 0 18330235 0
1081 1 549169 2493
1082 1 791208 3645
1083 0 22542930 0
1084 1 664939 3046
1085 0 21275177 0
1086 0 20931140 0
1087 0 20599810 0
1088 0 20665428 0
1089 1 212906 963
1090 0 20551803 0
1091 0 20130867 0
1092 1 352044 1600
1093 1 859483 3971
1094 0 19756215 0
1095 0 19514039 0
1096 0 19695555 0
1097 1 744255 3871
1098 1 579443 2669
1099 0 19544062 0
1100 0 22123672 0
1101 0 15982156 0
1102 1 64983 250
1103 0 22486706 0
1104 1 195706 884
1105 0 21410008 0
1106 0 15423354 0
1107 0 15449739 0
1108 0 19590586 0
1109 1 1065982 4914
1110 0 15828982 0
1111 0 19715879 0
1112 0 19558584 0
1113 1 274729 1255
1114 0 19834730 0
1115 0 18675362 0
1116 1 516375 2357
1117 0 18579781 0
1118 0 15784590 0
1119 0 19687174 0
1120 1 356496 1617
1121 1 252403 1159
1122 0 19520478 0
1123 0 20706329 0
1124 0 21094596 0
1125 1 250251 1258
1126 0 20200342 0
1127 0 19650945 0
1128 1 600799 2758
1129 0 21852285 0
1130 0 18736931 0
1131 1 688626 3164
1132 1 702879 3192
1133 1 792700 3629
1134 1 232958 1054
1135 0 20399805 0
1136 1 481740 2203
1137 1 1021567 4724
1138 0 19161298 0
1139 0 21280042 0
1140 1 2048156 9439
1141 0 19642085 0
1142 1 804725 3718
1143 0 21194278 0
1144 0 15185193 0
1145 0 15470295 0
1146 1 838333 3841
1147 1 354288 1613
1148 1 211834 967
1149 1 698005 3224
1150 0 18419923 0
1151 0 19904382 0
1152 0 20080541 0
1153 1 581034 3021
1154 0 19330536 0
1155 1 688508 3162
1156 0 22303596 0
1157 0 20950546 0
1158 0 18947375 0
1159 1 118709 502
1160 1 828747 4312
1161 0 20044076 0
1162 1 458715 2097
1163 0 15396815 0
1164 0 18890753 0
1165 1 615647 2819
1166 0 15624436 0
1167 1 843636 3850
1168 0 15543842 0
1169 0 19326910 0
1170 1 403043 1846
1171 0 19110567 0
1172 1 328490 1458
1173 1 338879 1536
1174 1 411015 1878
1175 1 356048 1630
1176 1 321043 1473
1177 1 714626 3302
1178 1 732368 3365
1179 0 22041009 0
1180 1 1019352 4649
1181 0 21371045 0
1182 1 630275 3275
1183 1 184371 832
1184 0 20639389 0
1185 0 15614843 0
1186 1 876066 4023
1187 0 15925663 0
1188 1 636593 2934
1189 1 1088334 5008
1190 1 949431 4382
1191 0 18777629 0
1192 1 8972 19
1193 0 15972606 0
1194 1 295035 1325
1195 0 18637919 0
1196 1 813769 3731
1197 0 15685872 0
1198 0 20557616 0
1199 1 530934 2736
0 0 20763418 0
1 0 18916490 0
2 1 602560 3137
3 0 20335605 0
4 0 19169547 0
5 0 19320090 0
6 1 320795 1461
7 0 20002732 0
8 0 21455897 0
9 0 18270302 0
10 0 19439598 0
11 0 21109210 0
12 0 19547840 0
13 0 19640829 0
14 0 15711318 0
15 0 20312658 0
16 0 15722323 0
17 0 15324304 0
18 0 20031622 0
19 1 528852 2746
20 0 19939545 0
21 0 20994749 0
22 1 956024 4991
23 0 20122156 0
24 0 18790318 0
25 1 632955 2890
26 0 20139626 0
27 0 20169131 0
28 0 21340791 0
29 1 127924 564
30 1 757415 3471
31 1 741723 3411
32 0 18918970 0
33 1 603205 2752
34 0 19737022 0
35 0 19695364 0
36 1 893154 4096
37 0 19326720 0
38 0 22304720 0
39 0 20845027 0
40 1 761968 3495
41 0 22030362 0
42 1 603351 3124
43 1 1573975 7204
44 0 18384391 0
45 1 383150 1737
46 1 210925 938
47 0 15651550 0
48 0 20412558 0
49 0 20531022 0
50 1 206041 918
51 0 19933707 0
52 0 22432976 0
53 0 20912060 0
54 1 501365 2295
55 0 20342577 0
56 1 492996 2244
57 1 740004 3396
58 0 20761694 0
59 0 22315185 0
60 0 20519540 0
61 0 21373091 0
62 0 22177008 0
63 1 286790 1292
64 0 20445571 0
65 1 475710 2167
66 1 1016265 4676
67 0 19946362 0
68 0 19627131 0
69 0 19902566 0
70 0 15294231 0
71 1 228464 1177
72 0 19750959 0
73 0 19910283 0
74 1 430498 1900
75 1 693530 3168
76 1 1296949 5943
77 1 654738 3012
78 0 19544491 0
79 1 1024014 4664
80 0 20114702 0
81 0 20799595 0
82 0 19881008 0
83 0 19102499 0
84 0 21313558 0
85 0 20650417 0
86 0 19635914 0
87 1 353174 1568
88 0 15665635 0
89 1 251429 1125
90 0 20115063 0
91 1 933780 4293
92 1 591774 2714
93 1 726544 3318
94 1 1122832 5164
95 0 19315584 0
96 0 18878018 0
97 0 21015276 0
98 0 21015532 0
99 0 19012463 0
100 0 19390285 0
101 1 761317 3505
102 1 1132614 5242
103 1 760663 3524
104 0 18946371 0
105 0 19837486 0
106 0 19183366 0
107 1 432193 1979
108 0 19489479 0
109 1 894053 4124
110 1 939648 4309
111 0 22217562 0
112 0 19298229 0
113 1 184047 825
114 0 19299554 0
115 0 18656628 0
116 0 18831658 0
117 1 434036 1999
118 0 19213015 0
119 1 782135 3574
120 1 622249 2856
121 0 21154010 0
122 0 20049446 0
123 1 870546 3987
124 0 18969089 0
125 0 22039965 0
126 1 785086 3600
127 1 615048 2817
128 1 340270 1557
129 0 22464148 0
130 0 15836969 0
131 0 15558725 0
132 0 19257006 0
133 0 20697190 0
134 1 856471 3919
135 1 321257 1449
136 1 823820 4276
137 0 15532808 0
138 0 18502865 0
139 0 15644506 0
140 1 1113358 5071
141 0 20351249 0
142 0 21738555 0
143 0 15894979 0
144 1 946573 4329
145 0 19464970 0
146 0 22583734 0
147 0 22328323 0
148 0 18066851 0
149 1 763540 3489
150 0 20976742 0
151 0 21181768 0
152 0 19873093 0
153 0 19079738 0
154 1 979916 4502
155 0 19309172 0
156 0 18932891 0
157 0 20191273 0
158 0 19160777 0
159 1 373979 1914
160 0 18323377 0
161 1 673097 3083
162 0 18884249 0
163 0 15399964 0
164 0 16204702 0
165 1 1028026 4708
166 0 19214816 0
167 1 550997 2518
168 0 18723035 0
169 1 628816 2875
170 0 22116287 0
171 0 20431909 0
172 0 16028934 0
173 0 17298068 0
174 0 20689103 0
175 0 19144478 0
176 0 19366512 0
177 1 755260 3451
178 0 19487975 0
179 1 937733 4285
180 1 24945 96
181 0 19367382 0
182 0 19510101 0
183 0 20276293 0
184 1 128555 560
185 1 437556 2288
186 0 19743318 0
187 0 21849108 0
188 0 20614969 0
189 1 349136 1565
190 0 19425187 0
191 0 20219524 0
192 1 532092 2385
193 0 22461345 0
194 1 124025 608
195 1 763890 3501
196 0 19743648 0
197 0 21200207 0
198 0 15633850 0
199 0 18931112 0
200 0 19728046 0
201 1 1000322 4610
202 0 18728264 0
203 0 19007342 0
204 0 19240017 0
205 0 19375068 0
206 1 864136 4519
207 1 214289 958
208 0 20785866 0
209 0 20718579 0
210 1 583251 2658
211 0 22229065 0
212 1 409617 1882
213 0 21912333 0
214 1 981816 4520
215 1 477167 2180
216 0 19839910 0
217 0 19443818 0
218 1 681402 3552
219 0 19334420 0
220 0 19672764 0
221 0 21138988 0
222 1 1141760 5220
223 0 19805300 0
224 0 19236140 0
225 0 19171031 0
226 0 15531505 0
227 0 19676460 0
228 1 507620 2318
229 0 19878230 0
230 1 723032 3760
231 1 150470 652
232 0 18723391 0
233 1 714077 3289
234 1 1175983 5415
235 1 640331 2959
236 0 21898282 0
237 0 18807547 0
238 0 18872341 0
239 0 19205581 0
240 1 1132723 5221
241 1 613298 2821
242 1 750728 3459
243 0 15636297 0
244 0 18888828 0
245 1 1198888 5545
246 0 20554764 0
247 1 124407 534
248 1 507129 2322
249 0 18952906 0
250 0 21777193 0
251 0 20234924 0
252 0 21507019 0
253 0 19567362 0
254 1 442961 1997
255 1 669422 3082
256 1 807238 3707
257 1 777261 3571
258 0 20499085 0
259 0 20900021 0
260 0 15673054 0
261 0 19984016 0
262 0 22038278 0
263 0 15783228 0
264 0 19025604 0
265 0 15372918 0
266 0 21404397 0
267 0 19630118 0
268 0 20992030 0
269 1 201370 881
270 0 19209589 0
271 0 20111546 0
272 0 19709667 0
273 0 20250100 0
274 0 19904094 0
275 0 20640590 0
276 0 20316906 0
277 0 20128974 0
278 1 870058 3963
279 1 538545 2708
280 0 19668754 0
281 1 779589 3571
282 1 659219 3032
283 0 19115780 0
284 0 20373013 0
285 0 20261529 0
286 0 22520437 0
287 0 22804628 0
288 0 19847998 0
289 0 22706524 0
290 0 19459801 0
291 0 19890918 0
292 1 103422 422
293 0 20413201 0
294 0 20673156 0
295 0 19812863 0
296 1 199816 881
297 1 788868 3622
298 1 650021 2986
299 1 734684 3378
300 1 942091 4325
301 0 19806615 0
302 0 15800075 0
303 0 19291272 0
304 0 19909526 0
305 0 21485271 0
306 1 725704 3345
307 0 20228271 0
308 0 19847086 0
309 0 15577362 0
310 1 134774 598
311 0 20528979 0
312 0 19903372 0
313 1 864020 4537
314 0 19353437 0
315 0 20418095 0
316 1 840436 4379
317 1 640274 2958
318 0 21276784 0
319 0 20239635 0
320 1 1387068 6392
321 1 494374 2270
322 0 19137145 0
323 0 20533707 0
324 0 21155556 0
325 0 20693676 0
326 0 18813045 0
327 1 1050496 4850
328 1 617489 2845
329 1 653358 2995
330 0 20126430 0
331 1 833235 3821
332 0 19250299 0
333 1 637475 2900
334 0 21791121 0
335 0 16165799 0
336 1 813857 3740
337 1 420353 2181
338 0 20075740 0
339 0 15356045 0
340 0 19261843 0
341 0 19064753 0
342 1 119583 506
343 1 81946 346
344 0 19227600 0
345 1 887724 4091
346 0 20013219 0
347 1 942494 4340
348 1 1018037 4709
349 1 1053597 4877
350 1 1543724 7190
351 1 303641 1376
352 0 22694753 0
353 0 15455884 0
354 1 482462 2222
355 1 309556 1420
356 1 661004 3059
357 0 19448558 0
358 1 1374574 6345
359 0 15455504 0
360 1 711475 3696
361 1 173689 770
362 0 21728342 0
363 0 22062679 0
364 1 874973 4010
365 1 174550 790
366 0 15470603 0
367 1 526285 2420
368 0 19262375 0
369 0 19864081 0
370 1 756895 3460
371 1 1679438 7799
372 1 851594 3930
373 1 707522 3267
374 0 19038684 0
375 1 515929 2372
376 1 323655 1476
377 1 447461 2056
378 1 231219 1057
379 0 19149637 0
380 1 758102 3462
381 1 440824 1968
382 1 747233 3451
383 0 21315539 0
384 1 644861 2953
385 0 19227329 0
386 1 699979 3214
387 1 1005917 4635
388 1 881214 4616
389 1 414150 1866
390 0 18589316 0
391 1 939218 4320
392 0 20230935 0
393 0 19326620 0
394 0 20255254 0
395 1 1012723 4635
396 0 21492486 0
397 0 20767258 0
398 1 586851 2697
399 0 21687743 0
400 0 15685016 0
401 0 19720111 0
402 1 883660 4619
403 0 21470028 0
404 1 1545569 7112
405 1 816373 3764
406 1 803030 3691
407 1 1012094 4645
408 0 20196410 0
409 0 19813436 0
410 0 19184379 0
411 1 658734 3440
412 0 19064719 0
413 1 274957 1228
414 0 19969394 0
415 0 18903594 0
416 1 877028 4041
417 0 19033611 0
418 0 15589266 0
419 1 474143 2449
420 0 19186732 0
421 1 631380 3173
422 1 583453 2661
423 1 915772 4193
424 0 19561211 0
425 1 988226 4557
426 1 409382 1886
427 0 19269511 0
428 1 70191 318
429 1 580570 2677
430 1 501012 2300
431 1 63214 297
432 1 1005177 4643
433 1 688944 3170
434 0 18987960 0
435 1 533014 2441
436 1 366645 1681
437 0 18680232 0
438 0 18654971 0
439 1 710904 3281
440 0 19004918 0
441 1 486300 2226
442 0 18861449 0
443 1 548695 2506
444 1 100069 442
445 0 15367355 0
446 0 22301792 0
447 1 458432 2089
448 1 692060 3165
449 1 506092 2325
450 0 21252783 0
451 1 753593 3429
452 1 723822 3322
453 1 641099 2955
454 1 981566 4531
455 1 437672 2289
456 1 779309 3605
457 1 533601 2460
458 0 19911461 0
459 1 759871 3979
460 0 20062321 0
461 0 21959802 0
462 1 641054 2926
463 0 18785362 0
464 0 17255950 0
465 1 641375 2919
466 1 63958 279
467 1 232144 1054
468 0 22777640 0
469 0 19259780 0
470 1 654498 2991
471 0 19602899 0
472 0 19221423 0
473 0 22818308 0
474 0 22659291 0
475 1 659684 2990
476 0 21445684 0
477 0 20633179 0
478 0 20283486 0
479 0 20302508 0
480 1 826412 3796
481 0 21283631 0
482 0 18946894 0
483 0 20000274 0
484 1 602451 2728
485 0 19550305 0
486 1 821899 3735
487 0 15629536 0
488 0 22425231 0
489 1 726393 3293
490 0 19826941 0
491 1 423469 1922
492 0 19994642 0
493 1 587816 2678
494 1 219165 997
495 1 670576 3077
496 1 252571 1146
497 0 19141608 0
498 1 154526 643
499 1 1000776 4592
500 0 19286648 0
501 0 19788357 0
502 0 15505931 0
503 1 74095 308
504 0 20511130 0
505 1 1061242 4878
506 0 21300729 0
507 0 22400371 0
508 0 21024236 0
509 1 191671 864
510 1 964286 4447
511 0 20716502 0
512 1 398190 1814
513 0 21554108 0
514 0 21284761 0
515 0 19617461 0
516 0 15682692 0
517 1 671226 3057
518 0 19075627 0
519 1 518504 2372
520 0 19653167 0
521 0 22356488 0
522 1 971083 4469
523 1 625724 3276
524 1 759608 3501
525 0 19696810 0
526 1 745231 3413
527 0 19854734 0
528 0 15906944 0
529 1 698025 3204
530 0 19013351 0
531 0 15703418 0
532 0 18598310 0
533 0 19943257 0
534 0 20060004 0
535 0 19979984 0
536 1 812535 3732
537 0 15635051 0
538 0 19749785 0
539 0 19256743 0
540 1 955701 4407
541 0 18696835 0
542 1 383224 1756
543 1 691836 3195
544 1 563926 2572
545 0 19787311 0
546 1 790826 3598
547 1 647918 2988
548 0 19092564 0
549 0 18993615 0
550 0 19328658 0
551 0 22652982 0
552 0 15792051 0
553 0 18933799 0
554 0 18598185 0
555 1 461400 2122
556 0 18138152 0
557 1 815690 3767
558 0 19469001 0
559 1 907797 4179
560 0 21353064 0
561 1 432127 1970
562 0 22097044 0
563 0 20736004 0
564 0 20067518 0
565 0 18579285 0
566 0 15504306 0
567 0 18471873 0
568 0 19028561 0
569 1 1276539 5876
570 0 18619119 0
571 1 689374 3173
572 0 21310390 0
573 0 21663890 0
574 1 1532311 7062
575 0 19562630 0
576 1 603642 3134
577 0 20914338 0
578 0 18738712 0
579 1 613681 2812
580 1 465181 2138
581 0 18853177 0
582 0 19090524 0
583 0 21486670 0
584 0 19719919 0
585 0 20376654 0
586 0 18609061 0
587 0 19045146 0
588 1 774921 3571
589 0 21382131 0
590 0 19462532 0
591 0 19055044 0
592 1 710782 3258
593 0 18972738 0
594 1 527618 2407
595 0 19454982 0
596 1 672587 3505
597 1 158055 704
598 0 18243887 0
599 0 19117642 0
600 1 783350 3551
601 0 19027977 0
602 0 19633322 0
603 0 19974806 0
604 1 292676 1331
605 0 20288830 0
606 0 19194820 0
607 0 21426487 0
608 1 567584 2561
609 1 876422 4043
610 0 18372010 0
611 1 278874 1436
612 1 982270 4519
613 1 1125752 5204
614 0 18785126 0
615 0 21749846 0
616 0 21360518 0
617 0 21920857 0
618 1 603221 2752
619 0 19583645 0
620 0 20876874 0
621 0 19360715 0
622 0 21647032 0
623 0 19099085 0
624 0 19660762 0
625 0 19309796 0
626 1 477695 2189
627 1 923616 4854
628 1 853747 3945
629 1 756298 3493
630 1 601773 2775
631 0 21539907 0
632 0 19127525 0
633 0 21509980 0
634 0 20113487 0
635 0 19491016 0
636 0 19366689 0
637 0 21243930 0
638 1 148025 625
639 1 562218 2577
640 0 15910712 0
641 1 550012 2522
642 0 20395514 0
643 0 21898739 0
644 0 15746221 0
645 0 18916175 0
646 0 15578828 0
647 1 1544179 7148
648 1 818187 3774
649 0 20602407 0
650 0 19498143 0
651 1 269916 1359
652 0 18945483 0
653 0 20263357 0
654 1 949001 4343
655 1 903640 4154
656 1 716095 3278
657 1 884342 4040
658 0 19938164 0
659 0 22670046 0
660 0 22028930 0
661 0 19448679 0
662 0 19311169 0
663 1 756424 3460
664 0 22951257 0
665 1 832119 3795
666 0 20570419 0
667 1 487450 2216
668 0 22087525 0
669 1 616542 2829
670 0 20477436 0
671 0 20364838 0
672 1 585398 2683
673 0 20952550 0
674 1 617497 2818
675 0 20068131 0
676 0 20910891 0
677 0 21386722 0
678 1 482136 2211
679 0 20350871 0
680 0 22562651 0
681 1 272707 1232
682 0 22435656 0
683 0 19561729 0
684 0 22560071 0
685 0 22462852 0
686 1 675141 3105
687 0 22832063 0
688 0 22565219 0
689 0 22338631 0
690 0 22348170 0
691 1 477995 2490
692 0 15465197 0
693 1 660184 3000
694 1 656891 3009
695 0 19944977 0
696 0 19455552 0
697 1 281317 1265
698 1 638764 2944
699 0 20185851 0
700 1 353269 1598
701 0 18410528 0
702 0 21687411 0
703 0 19671198 0
704 1 503858 2309
705 1 574925 2650
706 1 295363 1342
707 1 418954 1931
708 1 1159925 5351
709 0 19305156 0
710 1 615919 2841
711 1 1196891 5530
712 0 18880924 0
713 0 22267823 0
714 1 863965 3947
715 0 15423904 0
716 0 20389947 0
717 0 20973884 0
718 0 20782492 0
719 0 21618784 0
720 0 20917252 0
721 1 888962 4089
722 0 20695529 0
723 1 527392 2751
724 0 19690125 0
725 1 973301 4424
726 0 19743822 0
727 0 22558643 0
728 1 1025843 4737
729 1 902777 4741
730 0 18765175 0
731 0 19339856 0
732 0 18780163 0
733 0 18651220 0
734 0 15379134 0
735 1 411053 1877
736 0 18997908 0
737 1 603012 2772
738 0 19362800 0
739 1 349293 1809
740 0 19648906 0
741 0 15667780 0
742 0 20627177 0
743 1 454006 2074
744 0 19620761 0
745 0 15971065 0
746 1 1081571 4987
747 1 999075 4597
748 0 19113273 0
749 1 390456 1783
750 0 19883759 0
751 1 396395 1809
752 0 19504047 0
753 1 437703 2016
754 0 15378669 0
755 1 528859 2418
756 1 1046435 4835
757 0 18956914 0
758 0 19118579 0
759 0 21237067 0
760 1 468237 2423
761 1 609301 2787
762 0 18530719 0
763 0 20148064 0
764 0 18941543 0
765 1 576779 3000
766 0 19496735 0
767 1 96196 423
768 0 20301485 0
769 0 20499370 0
770 1 71508 328
771 0 15720013 0
772 0 19302788 0
773 0 19651535 0
774 0 19214581 0
775 0 22024475 0
776 1 594855 2738
777 0 19669879 0
778 0 20682959 0
779 1 577556 2658
780 1 592762 2719
781 0 15345454 0
782 1 817043 3760
783 0 20161797 0
784 0 19602015 0
785 0 19597194 0
786 0 18301957 0
787 0 22468406 0
788 0 21065130 0
789 0 21879261 0
790 1 98229 434
791 0 20909637 0
792 0 21289864 0
793 1 460297 2104
794 0 18647735 0
795 1 467882 2431
796 1 1206836 5576
797 1 489374 2255
798 1 100780 454
799 1 1239845 5737
800 0 18710733 0
801 0 19419906 0
802 0 22357460 0
803 1 397474 1793
804 1 355487 1621
805 0 21864654 0
806 1 952766 4983
807 0 22413727 0
808 1 88754 425
809 0 21159894 0
810 0 19291696 0
811 0 19393423 0
812 0 20212721 0
813 0 20962097 0
814 0 20744902 0
815 1 162281 727
816 1 426171 1957
817 0 18702444 0
818 0 19706812 0
819 0 19878388 0
820 0 19590743 0
821 0 19358336 0
822 1 226392 1128
823 0 21687466 0
824 1 105136 418
825 0 20927525 0
826 0 19163613 0
827 1 656191 3382
828 0 18783448 0
829 1 1544629 7133
830 1 610888 2815
831 1 232320 1060
832 1 600511 2770
833 0 18623103 0
834 1 392536 1792
835 0 20499250 0
836 1 641497 2953
837 0 20165353 0
838 0 19835441 0
839 1 559684 2870
840 1 832942 3855
841 1 886465 4070
842 0 19982936 0
843 1 448047 2039
844 0 18446050 0
845 0 19139439 0
846 0 20325008 0
847 0 18814413 0
848 1 549463 2511
849 0 19390320 0
850 0 22332800 0
851 1 936944 4267
852 1 1052905 5525
853 1 355211 1616
854 0 21391887 0
855 1 767148 3517
856 1 288454 1307
857 0 21769048 0
858 0 20006401 0
859 1 794838 3625
860 0 22026169 0
861 0 15672431 0
862 0 20181066 0
863 0 21503317 0
864 1 634457 2883
865 0 19713619 0
866 0 20677186 0
867 1 341504 1536
868 0 20335217 0
869 1 679040 3122
870 0 15428871 0
871 1 1461809 6730
872 1 649797 2983
873 0 20203504 0
874 0 19306896 0
875 0 20808482 0
876 0 22763598 0
877 1 853236 3905
878 1 341985 1564
879 0 15817310 0
880 1 978780 4496
881 1 916440 4170
882 0 20921515 0
883 0 21780739 0
884 0 15754433 0
885 1 458047 2087
886 0 22058325 0
887 0 22361573 0
888 1 752217 3457
889 0 21171486 0
890 1 503825 2631
891 1 726816 3331
892 0 22652991 0
893 1 391567 1772
894 0 22560320 0
895 1 642473 2932
896 1 653913 3004
897 0 20394420 0
898 1 846448 3856
899 0 19618283 0
900 1 350625 1575
901 0 22782674 0
902 1 748437 3416
903 0 20515252 0
904 0 21680626 0
905 1 1098957 5022
906 0 20673083 0
907 0 21759449 0
908 0 19703924 0
909 1 2128015 9771
910 0 19318283 0
911 1 492746 2236
912 0 20749415 0
913 0 23004662 0
914 0 23001827 0
915 0 20826283 0
916 0 21032730 0
917 0 20994341 0
918 1 879309 3951
919 1 291549 1325
920 0 22992574 0
921 0 22394726 0
922 0 22397506 0
923 1 543573 2465
924 1 286720 1306
925 0 22510541 0
926 1 540722 2812
927 0 20205472 0
928 0 22004891 0
929 0 22576195 0
930 0 19407610 0
931 0 18821757 0
932 0 20178399 0
933 0 19276859 0
934 0 15721272 0
935 0 18501487 0
936 0 22524116 0
937 0 21595879 0
938 1 622020 2855
939 0 22808482 0
940 0 22946953 0
941 0 20020487 0
942 0 19500019 0
943 1 613348 2810
944 0 21784257 0
945 0 22275222 0
946 1 188503 851
947 1 901345 4141
948 0 22171054 0
949 0 22498425 0
950 1 572529 2629
951 0 21745523 0
952 0 21212765 0
953 0 22071656 0
954 0 18639008 0
955 1 533375 2442
956 0 19558708 0
957 1 740661 3406
958 0 15931524 0
959 0 19307677 0
960 1 1250322 5785
961 0 18934912 0
962 1 589233 2674
963 1 1276750 5913
964 0 19297368 0
965 1 687859 3142
966 0 19396045 0
967 0 19955416 0
968 1 358695 1616
969 0 19772642 0
970 1 951357 4342
971 0 22139556 0
972 0 21539225 0
973 1 877851 3966
974 0 20105859 0
975 0 19893861 0
976 0 19561219 0
977 1 59201 244
978 1 427194 2182
979 0 19441307 0
980 1 156879 653
981 0 20150335 0
982 0 22444432 0
983 0 21554365 0
984 1 309993 1411
985 1 988789 4553
986 0 19559546 0
987 1 474197 2162
988 1 215649 956
989 0 19740149 0
990 0 22849398 0
991 1 987291 4544
992 0 20032835 0
993 1 1091041 5008
994 1 697542 3199
995 0 22292214 0
996 0 21691756 0
997 0 15554861 0
998 0 21933961 0
999 1 598328 2740
1000 1 647551 3390
1001 0 19071457 0
1002 0 19398866 0
1003 0 21348203 0
1004 1 490153 2224
1005 1 553096 2537
1006 0 18683616 0
1007 0 20979634 0
1008 0 20274006 0
1009 1 551892 2847
1010 0 19331226 0
1011 0 19290168 0
1012 0 18732916 0
1013 0 19150237 0
1014 1 1409026 6450
1015 0 20906882 0
1016 0 20034901 0
1017 0 21502860 0
1018 1 706637 3234
1019 1 840086 3849
1020 1 2173098 9937
1021 1 422523 1933
1022 0 18795152 0
1023 1 610307 2783
1024 1 612481 2802
1025 1 389226 1754
1026 0 15795494 0
1027 0 15488889 0
1028 1 882721 4036
1029 0 22571840 0
1030 1 397770 1810
1031 1 730517 3345
1032 0 20895218 0
1033 0 21802183 0
1034 1 408208 1840
1035 1 1340662 6154
1036 1 1453779 6692
1037 0 15620034 0
1038 1 976492 4473
1039 1 1027182 4714
1040 0 19577485 0
1041 1 703414 3220
1042 0 19723252 0
1043 0 18515400 0
1044 0 19561566 0
1045 1 748660 3440
1046 0 19225432 0
1047 1 506188 2302
1048 1 227581 1178
1049 0 19321501 0
1050 1 576808 2610
1051 0 18822694 0
1052 0 19208940 0
1053 0 18570867 0
1054 0 19865992 0
1055 0 21072953 0
1056 0 21321887 0
1057 0 20710255 0
1058 1 254707 1142
1059 0 18744641 0
1060 1 783642 3587
1061 1 258656 1177
1062 0 19842495 0
1063 0 16565649 0
1064 1 406966 1850
1065 1 957405 4406
1066 0 19756052 0
1067 1 683830 3107
1068 0 19997481 0
1069 1 679888 3119
1070 0 19299166 0
1071 0 18663909 0
1072 0 18886674 0
1073 0 15980447 0
1074 0 19420754 0
1075 1 440292 1997
1076 0 19499303 0
1077 0 15738890 0
1078 0 18687569 0
1079 0 18353101 0
1080 1 474088 2148
1081 0 19773650 0
1082 0 22314588 0
1083 1 1233247 5687
1084 0 20286008 0
1085 0 20389566 0
1086 1 898476 4152
1087 0 19276529 0
1088 1 1471447 6784
1089 1 818717 3767
1090 0 21296235 0
1091 0 20361552 0
1092 1 932708 4279
1093 1 820789 3784
1094 0 15609700 0
1095 0 15959745 0
1096 0 19657480 0
1097 0 18987813 0
1098 1 643364 2945
1099 0 19314082 0
1100 1 664714 3051
1101 0 15621036 0
1102 0 16238385 0
1103 0 21795944 0
1104 0 20393519 0
1105 0 21180637 0
1106 0 22619087 0
1107 0 22411602 0
1108 0 22242638 0
1109 1 608881 2796
1110 1 721381 3311
1111 0 20980115 0
1112 1 27200 92
1113 0 20661572 0
1114 1 614826 2768
1115 1 652970 3010
1116 0 21970401 0
1117 0 19996838 0
1118 1 688714 3166
1119 0 20732557 0
1120 1 815457 4255
1121 1 746583 3448
1122 0 22131135 0
1123 1 837805 3873
1124 0 15676592 0
1125 1 649333 2987
1126 1 934610 4319
1127 1 625244 2886
1128 0 15791560 0
1129 0 21021386 0
1130 0 15265548 0
1131 1 595202 2728
1132 1 761531 3514
1133 0 19740174 0
1134 0 22102445 0
1135 0 20466797 0
1136 1 340836 1559
1137 0 20256120 0
1138 1 244347 1109
1139 1 829448 3842
1140 0 21940269 0
1141 1 849355 3926
1142 1 264794 1204
1143 1 833216 3860
1144 1 1640157 7578
1145 1 829165 4355
1146 0 22178836 0
1147 0 21336309 0
1148 0 20038713 0
1149 1 588220 2673
1150 1 1217265 5583
1151 1 746064 3419
1152 0 22459616 0
1153 1 1034085 4739
1154 1 806187 3704
1155 1 617094 2829
1156 1 1212490 5575
1157 0 21768092 0
1158 0 20936825 0
1159 0 17232066 0
1160 0 19455377 0
1161 0 19998037 0
1162 0 18256724 0
1163 0 15738671 0
1164 0 19938769 0
1165 0 15704108 0
1166 0 20069323 0
1167 0 21530209 0
1168 0 15769961 0
1169 0 15846377 0
1170 1 519003 2367
1171 0 15695619 0
1172 0 19660405 0
1173 0 15691861 0
1174 1 1017719 4673
1175 0 20017569 0
1176 1 569227 2560
1177 0 20666095 0
1178 1 636571 2922
1179 1 324793 1421
1180 0 21555905 0
1181 0 20241085 0
1182 1 210847 948
1183 0 19352266 0
1184 0 20058441 0
1185 0 19739362 0
1186 1 221753 996
1187 1 465748 2132
1188 0 19664993 0
1189 1 636095 2919
1190 0 19560725 0
1191 0 19207333 0
1192 0 20099560 0
1193 0 15382670 0
1194 0 19296315 0
1195 0 19103504 0
1196 1 691180 3163
1197 0 19177678 0
1198 0 22310946 0
1199 1 379375 1732
0 1 559610 2541
1 1 730442 3302
2 0 19426061 0
3 0 15369019 0
4 1 927420 4218
5 0 20264185 0
6 0 20345686 0
7 1 554080 2516
8 1 571397 2627
9 0 19814964 0
10 0 20087133 0
11 0 19479297 0
12 0 15500252 0
13 0 19997883 0
14 1 859616 3952
15 0 18905983 0
16 0 19291308 0
17 1 246606 1036
18 0 19833503 0
19 1 907961 4181
20 0 19090959 0
21 0 18333447 0
22 0 19338303 0
23 0 15672789 0
24 1 271783 1221
25 1 1356421 6255
26 0 19280859 0
27 1 1371228 6306
28 1 779968 4063
29 0 21222564 0
30 0 19428378 0
31 0 18913229 0
32 0 20764919 0
33 0 19818913 0
34 0 19955614 0
35 0 20146320 0
36 1 72045 292
37 0 22209566 0
38 0 22185459 0
39 0 19475192 0
40 0 15519861 0
41 1 848942 3867
42 0 20746971 0
43 0 21508208 0
44 0 22359863 0
45 0 22204931 0
46 1 669262 3012
47 0 18912297 0
48 1 573108 2604
49 0 15466055 0
50 0 18782746 0
51 1 277686 1247
52 1 868007 3992
53 1 1424565 6534
54 1 389219 1775
55 0 22229227 0
56 0 15152106 0
57 1 97575 387
58 0 15481891 0
59 1 694023 3167
60 0 20303705 0
61 1 717183 3262
62 0 22087140 0
63 0 20738577 0
64 1 458508 2085
65 1 771687 3525
66 0 21471356 0
67 0 22231489 0
68 0 15578644 0
69 1 533854 2422
70 0 19854433 0
71 1 211888 931
72 1 931079 4284
73 1 511416 2299
74 0 19980650 0
75 0 18914199 0
76 1 777515 3513
77 0 20893178 0
78 0 21849868 0
79 0 19731367 0
80 1 320572 1433
81 0 19586805 0
82 0 19384844 0
83 0 19223169 0
84 1 602866 2759
85 1 864318 3965
86 0 21692588 0
87 0 19382949 0
88 0 21742122 0
89 1 523311 2379
90 0 22079218 0
91 1 540235 2461
92 0 22394972 0
93 0 23197478 0
94 1 1061912 4867
95 0 22281386 0
96 1 172844 758
97 0 15625380 0
98 0 20003636 0
99 0 19376884 0
100 1 774387 4024
101 1 661938 3030
102 0 22069717 0
103 0 17726329 0
104 1 359757 1863
105 0 21060654 0
106 0 18964213 0
107 0 20363373 0
108 1 335797 1692
109 0 21020242 0
110 0 21306812 0
111 0 22538573 0
112 0 20129956 0
113 0 21668687 0
114 1 714496 3255
115 0 20102600 0
116 0 18532896 0
117 0 20221359 0
118 1 658430 3008
119 0 19912989 0
120 1 506826 2305
121 0 20515820 0
122 0 21328482 0
123 1 147662 649
124 1 1118180 5134
125 1 911431 4178
126 1 121780 541
127 0 20130156 0
128 0 20141358 0
129 0 19041080 0
130 0 21052305 0
131 0 19527478 0
132 1 361366 1627
133 0 22632093 0
134 0 20355137 0
135 1 867027 3955
136 1 2044487 9386
137 1 904646 4149
138 1 624247 2856
139 1 850257 3887
140 1 410180 1856
141 1 459802 2098
142 1 857454 3935
143 0 22114573 0
144 0 15637245 0
145 1 35421 115
146 1 976524 4478
147 1 767278 3498
148 0 19044868 0
149 0 19995710 0
150 0 19814363 0
151 1 539629 2461
152 1 1002278 4604
153 1 217906 1122
154 1 291272 1307
155 0 20563041 0
156 0 18569715 0
157 0 15776257 0
158 1 1117832 5097
159 0 19430882 0
160 0 18904851 0
161 0 20309253 0
162 1 508324 2293
163 0 22006203 0
164 1 696678 3178
165 0 19808787 0
166 0 19029370 0
167 0 18866588 0
168 1 571994 2580
169 1 158675 703
170 0 18917552 0
171 1 564840 2570
172 0 21916096 0
173 1 472296 2142
174 0 22463700 0
175 0 20870137 0
176 1 1488811 6808
177 0 19700949 0
178 1 833699 3800
179 0 19454047 0
180 0 22884971 0
181 1 935758 4268
182 1 1121118 5140
183 0 22676524 0
184 0 22339505 0
185 1 834314 3811
186 1 638904 3333
187 1 514108 2334
188 1 276201 1254
189 1 1278618 5861
190 1 815587 3751
191 0 22357261 0
192 0 22553634 0
193 1 272798 1227
194 1 1001032 5223
195 0 22856377 0
196 0 21280225 0
197 1 720696 3753
198 0 19731680 0
199 1 309058 1380
200 1 237961 1050
201 0 18656919 0
202 0 20787932 0
203 0 18648233 0
204 1 1293405 5916
205 0 20018851 0
206 1 748736 3426
207 0 22398865 0
208 1 704854 3201
209 0 22689667 0
210 1 726757 3323
211 0 18012398 0
212 0 20181811 0
213 0 20007422 0
214 0 22161268 0
215 1 923238 4223
216 0 20579762 0
217 0 20142136 0
218 1 1122811 5125
219 1 471217 2152
220 0 21216256 0
221 0 22404140 0
222 0 19979032 0
223 1 1544741 7045
224 0 21825368 0
225 0 20181715 0
226 0 19912016 0
227 0 19117050 0
228 1 793785 3637
229 0 19445265 0
230 0 19452039 0
231 1 631463 2881
232 0 20147434 0
233 1 1122071 5142
234 1 389851 1779
235 0 19603334 0
236 1 661742 3031
237 1 425089 1932
238 1 176170 802
239 0 19301352 0
240 0 19529452 0
241 1 671379 3051
242 0 19212255 0
243 1 524902 2393
244 0 19439020 0
245 0 19323062 0
246 1 197837 742
247 1 324927 1476
248 0 19086772 0
249 0 19929942 0
250 0 21057646 0
251 1 265506 1186
252 0 22580452 0
253 1 1790723 8273
254 0 21425670 0
255 0 19678453 0
256 0 15198563 0
257 0 21779508 0
258 1 687169 3139
259 0 22386058 0
260 0 22476882 0
261 1 651232 2945
262 1 597407 2728
263 0 22515290 0
264 1 419350 2157
265 0 22455759 0
266 0 23077625 0
267 0 15679267 0
268 1 825451 3783
269 0 19812773 0
270 1 496231 2255
271 1 593742 2717
272 0 19957815 0
273 1 886900 4047
274 0 19881030 0
275 1 542475 2457
276 1 30745 107
277 0 20424009 0
278 0 20843347 0
279 1 611520 3137
280 1 902364 4143
281 1 334521 1517
282 0 21529837 0
283 0 22343035 0
284 0 15640804 0
285 0 20048373 0
286 0 20332929 0
287 0 21821804 0
288 0 20639750 0
289 1 115666 496
290 1 275489 1225
291 0 20281831 0
292 1 906303 4136
293 0 19641604 0
294 0 19480433 0
295 1 561245 2539
296 0 19730374 0
297 0 19847709 0
298 0 21251247 0
299 0 19579879 0
300 0 21558694 0
301 0 15733303 0
302 0 20942416 0
303 0 21574360 0
304 0 22848599 0
305 0 22925387 0
306 0 22357305 0
307 1 621205 2826
308 0 21730846 0
309 1 690097 3082
310 0 20076117 0
311 0 22104953 0
312 1 443491 2017
313 0 19723457 0
314 0 19237794 0
315 0 19131394 0
316 0 15165183 0
317 1 647330 2952
318 1 12708 40
319 0 20726013 0
320 0 18429602 0
321 1 613642 2815
322 1 209089 949
323 0 18860236 0
324 1 779664 3555
325 0 19247278 0
326 1 554830 2891
327 1 682205 3128
328 0 21096961 0
329 0 15801082 0
330 0 20476893 0
331 0 15540091 0
332 1 393284 1803
333 1 720168 3303
334 1 675841 3103
335 0 18966473 0
336 0 18024938 0
337 1 286086 1284
338 0 15598846 0
339 0 20084943 0
340 1 546296 2487
341 0 15581213 0
342 1 467566 2136
343 1 339342 1427
344 1 687697 3173
345 1 684561 3132
346 0 19115394 0
347 0 15740528 0
348 1 459104 2076
349 1 156127 695
350 1 1364364 6252
351 0 15664277 0
352 0 21622288 0
353 1 872331 3993
354 1 270585 1224
355 0 20221314 0
356 0 22834849 0
357 1 551093 2510
358 1 442357 2026
359 0 18188964 0
360 0 19668285 0
361 1 919875 4194
362 0 18423569 0
363 0 22522510 0
364 1 709833 3219
365 1 561137 2557
366 1 165073 730
367 1 1060021 4865
368 1 809486 3665
369 1 684819 3115
370 1 808702 3715
371 1 217637 975
372 0 20920049 0
373 0 19835954 0
374 0 22492368 0
375 0 20019109 0
376 0 15342251 0
377 1 524812 2386
378 0 19032662 0
379 0 22487170 0
380 1 1239543 6483
381 0 20858384 0
382 0 19116164 0
383 1 635115 2887
384 1 994041 4496
385 0 20009826 0
386 0 19752546 0
387 0 22399439 0
388 1 937323 4280
389 0 22407828 0
390 0 22456178 0
391 0 20771930 0
392 1 758356 3416
393 0 19747255 0
394 1 670204 3081
395 0 19333160 0
396 1 377012 1930
397 0 20738676 0
398 1 622092 2834
399 0 21572665 0
400 0 21902719 0
401 0 20856283 0
402 0 20504376 0
403 0 20011295 0
404 0 20273858 0
405 1 170482 746
406 0 20650275 0
407 0 19398615 0
408 0 21854721 0
409 0 20214980 0
410 1 198052 887
411 1 517743 2383
412 1 222685 988
413 0 20499823 0
414 1 484820 2220
415 0 22538932 0
416 0 22750904 0
417 1 560976 2561
418 0 22071433 0
419 1 338299 1517
420 1 722073 3322
421 1 19591 70
422 1 312905 1429
423 0 21413569 0
424 1 738587 3374
425 1 69528 295
426 0 21890497 0
427 0 22455227 0
428 1 1373003 6324
429 0 21111075 0
430 0 15587750 0
431 1 1410058 6475
432 0 20619157 0
433 1 417541 1890
434 1 858716 4492
435 1 535967 2469
436 0 20014243 0
437 0 19106018 0
438 1 395731 1785
439 1 1162079 5340
440 0 18996353 0
441 0 21444662 0
442 1 662646 3017
443 0 20051382 0
444 1 225218 1144
445 0 19897104 0
446 1 639234 2913
447 0 18488510 0
448 1 517272 2686
449 1 1062873 4867
450 1 1270964 5849
451 1 1154771 5301
452 0 19498042 0
453 1 732830 3337
454 1 757638 3472
455 0 19457733 0
456 1 361137 1630
457 0 18844971 0
458 1 187378 929
459 0 19768972 0
460 0 20129141 0
461 0 15930519 0
462 1 307463 1385
463 0 19771655 0
464 1 584942 2652
465 0 22101453 0
466 0 22210685 0
467 0 20693549 0
468 1 619100 3210
469 1 784256 3605
470 0 19514333 0
471 1 212471 937
472 0 19813450 0
473 0 19639340 0
474 1 790587 3622
475 1 805581 3694
476 0 22578788 0
477 0 15604166 0
478 0 15708345 0
479 0 22847917 0
480 0 15507769 0
481 0 20035247 0
482 0 15873655 0
483 1 606242 2754
484 0 20112045 0
485 0 19167406 0
486 1 733267 3348
487 1 774081 3542
488 0 18918954 0
489 0 19616751 0
490 0 22721526 0
491 0 21816801 0
492 1 1170270 5369
493 0 21292324 0
494 0 20086391 0
495 1 325583 1464
496 0 22327027 0
497 0 20724670 0
498 1 427789 1951
499 1 617800 2832
500 0 20196164 0
501 0 15595234 0
502 1 1011241 4645
503 0 18717279 0
504 1 574898 2618
505 0 19664171 0
506 0 18896395 0
507 0 19434686 0
508 1 572955 2599
509 1 1189778 5487
510 0 18878691 0
511 1 404819 1803
512 1 575739 2650
513 1 705981 3237
514 0 20835908 0
515 0 20106038 0
516 0 15707480 0
517 1 92903 372
518 0 20610720 0
519 0 15733357 0
520 0 20530179 0
521 0 21287945 0
522 1 342314 1523
523 0 20134939 0
524 1 1147178 5285
525 1 638860 2942
526 1 1786772 8253
527 1 785277 3608
528 0 22290323 0
529 0 15456530 0
530 0 20989689 0
531 1 757036 3416
532 0 22119355 0
533 0 20935479 0
534 0 19526061 0
535 0 20478745 0
536 1 833928 3838
537 0 20355194 0
538 1 483185 2208
539 1 539868 2486
540 1 223366 1010
541 0 22019527 0
542 0 21727525 0
543 0 15721308 0
544 1 566406 2579
545 0 19022403 0
546 0 20086251 0
547 0 19498291 0
548 0 20097089 0
549 0 20706052 0
550 0 20157467 0
551 0 15217055 0
552 1 292925 1289
553 0 15497283 0
554 1 412202 1864
555 0 19352251 0
556 1 682683 3569
557 0 20009381 0
558 0 19369953 0
559 0 19335623 0
560 0 19726030 0
561 1 197006 864
562 0 19834457 0
563 0 19331855 0
564 1 740433 3369
565 1 1069475 4897
566 0 21941098 0
567 0 19602877 0
568 0 19505712 0
569 0 19395440 0
570 0 22208694 0
571 1 531226 2414
572 0 21075378 0
573 1 394372 1800
574 0 20420036 0
575 0 15821660 0
576 0 22807371 0
577 1 1576468 7239
578 0 21341383 0
579 0 21939188 0
580 0 20046903 0
581 1 481055 2194
582 1 314887 1445
583 0 19168791 0
584 0 19966469 0
585 0 15094389 0
586 0 20359259 0
587 0 21449330 0
588 1 655692 2996
589 0 20373761 0
590 0 22505682 0
591 1 611116 2801
592 0 20823778 0
593 0 19030018 0
594 1 1231112 5665
595 0 19241682 0
596 0 19500264 0
597 1 684735 3118
598 1 607936 2777
599 0 19530760 0
600 0 21081051 0
601 0 21898485 0
602 1 395918 2038
603 0 21251268 0
604 0 20348784 0
605 0 18525754 0
606 1 263311 1169
607 1 548972 2521
608 0 20024573 0
609 1 427727 1952
610 1 1356699 6259
611 0 19905722 0
612 0 22725770 0
613 0 20668240 0
614 0 19180775 0
615 1 705713 3209
616 0 22308379 0
617 0 20528151 0
618 0 20157816 0
619 0 20052268 0
620 0 21311427 0
621 0 22120050 0
622 1 443735 2018
623 0 19845982 0
624 0 20954750 0
625 1 431567 1953
626 0 20794351 0
627 1 391688 1774
628 0 20213019 0
629 1 690274 3589
630 0 20857867 0
631 0 20951560 0
632 1 1925715 8857
633 1 718910 3309
634 0 22297035 0
635 0 20465147 0
636 1 185014 819
637 0 19369250 0
638 0 22782633 0
639 0 20802299 0
640 0 19145726 0
641 1 559422 2550
642 0 22423931 0
643 0 21016352 0
644 0 15900651 0
645 0 20037363 0
646 1 1116058 5138
647 0 15708368 0
648 1 581277 2644
649 1 713288 3288
650 1 650144 2972
651 0 20266587 0
652 0 19528438 0
653 0 18574115 0
654 0 19670419 0
655 0 15808587 0
656 1 158434 704
657 0 18799442 0
658 0 21457803 0
659 0 15495674 0
660 0 19506411 0
661 1 916966 4201
662 0 15593753 0
663 1 319848 1443
664 0 19422534 0
665 0 19021932 0
666 0 20353011 0
667 0 19745159 0
668 1 15877 41
669 0 21747584 0
670 1 886638 4046
671 1 717482 3308
672 1 1080808 4996
673 0 21032684 0
674 0 19388120 0
675 1 789802 3616
676 1 829675 3806
677 0 19776158 0
678 0 20617943 0
679 1 412264 1864
680 1 726727 3331
681 0 18074300 0
682 1 713014 3265
683 0 19526801 0
684 1 839425 4382
685 1 634190 2857
686 1 410368 1888
687 1 739342 3385
688 1 227241 1032
689 1 539149 2416
690 0 19004043 0
691 1 794708 3633
692 0 18746710 0
693 0 18585361 0
694 1 1161793 5351
695 0 19239309 0
696 0 16466323 0
697 0 21578382 0
698 1 705488 3223
699 0 20121794 0
700 1 511684 2321
701 1 1176600 5416
702 0 20733811 0
703 0 18860090 0
704 1 962615 4430
705 0 21157590 0
706 1 638236 3309
707 0 20407442 0
708 1 1208244 5538
709 0 20670353 0
710 0 19722706 0
711 0 15922885 0
712 0 20238128 0
713 0 21655286 0
714 0 15504606 0
715 0 15527756 0
716 0 15679286 0
717 0 19415359 0
718 0 21894456 0
719 1 468243 2127
720 0 20389056 0
721 0 21230688 0
722 1 815542 3743
723 0 19049343 0
724 0 15585319 0
725 0 19192862 0
726 0 19318437 0
727 0 19027327 0
728 0 18916730 0
729 1 217067 954
730 0 19945153 0
731 0 21019760 0
732 1 849079 3903
733 1 395962 1813
734 0 20927143 0
735 0 19960078 0
736 0 21255047 0
737 0 15697863 0
738 0 22929738 0
739 0 21420130 0
740 1 64395 245
741 1 789077 3610
742 0 20197059 0
743 1 727243 3333
744 0 21916053 0
745 0 20610020 0
746 1 662641 3449
747 0 20847679 0
748 0 20764882 0
749 0 20900997 0
750 1 493920 2262
751 1 916180 4220
752 0 19274728 0
753 1 637477 2905
754 1 513601 2363
755 1 566744 2606
756 0 22068711 0
757 0 22030976 0
758 0 22361820 0
759 0 19678511 0
760 0 21610105 0
761 0 20516929 0
762 0 19318465 0
763 1 554899 2541
764 0 21236065 0
765 1 1605758 7376
766 1 492067 2263
767 0 22262613 0
768 0 20904528 0
769 1 446142 2015
770 0 21189803 0
771 1 596365 2703
772 0 21365812 0
773 0 19669129 0
774 1 838490 3839
775 1 481992 2203
776 0 15278547 0
777 1 809727 3720
778 1 555794 2551
779 0 19286208 0
780 0 19427815 0
781 1 576479 2613
782 0 18479634 0
783 0 20115895 0
784 1 275866 1223
785 1 591515 2658
786 0 19549965 0
787 0 21961096 0
788 1 1508067 6913
789 0 19936257 0
790 1 534649 2450
791 1 1068705 4920
792 1 641607 3361
793 0 19120063 0
794 0 15369025 0
795 0 19490622 0
796 1 256016 1141
797 0 19433128 0
798 1 465413 2116
799 0 19123608 0
800 1 594227 3075
801 1 805318 3686
802 0 20749329 0
803 0 15605850 0
804 0 19854080 0
805 1 612999 2787
806 0 21959847 0
807 0 20767043 0
808 1 406704 1846
809 1 586006 2692
810 0 19752958 0
811 0 19037330 0
812 0 15653153 0
813 0 18714646 0
814 1 618128 2830
815 0 15558753 0
816 0 20053354 0
817 0 22415781 0
818 1 43848 153
819 1 464108 2122
820 1 856846 3930
821 0 19260407 0
822 0 19117445 0
823 0 18904724 0
824 1 958776 4398
825 0 19425768 0
826 0 22449949 0
827 1 405480 1831
828 0 22964966 0
829 1 766888 3495
830 1 961175 4400
831 0 20117647 0
832 1 735481 3365
833 1 397622 1800
834 1 707893 3239
835 1 992993 4556
836 0 20923967 0
837 0 18873161 0
838 0 18577548 0
839 1 567951 2956
840 1 630858 2893
841 1 769537 3524
842 0 20461469 0
843 0 20880428 0
844 0 19000517 0
845 0 17700348 0
846 1 816930 3713
847 0 19904776 0
848 1 879397 4015
849 1 1046587 4802
850 1 652107 2980
851 1 1520861 6966
852 0 22140647 0
853 0 22061478 0
854 1 706275 3204
855 1 332465 1517
856 0 21263221 0
857 0 15517156 0
858 0 21692229 0
859 1 208271 909
860 0 15652834 0
861 1 382764 1725
862 0 22367587 0
863 0 21720140 0
864 0 19891669 0
865 0 20066487 0
866 1 500626 2270
867 1 516875 2365
868 1 518802 2364
869 0 19995757 0
870 0 19999143 0
871 1 594674 2708
872 1 1437996 6606
873 0 19530914 0
874 0 18504804 0
875 0 20117594 0
876 1 798370 3652
877 0 20610967 0
878 0 19966134 0
879 1 474444 2455
880 1 792696 3628
881 1 417905 1905
882 0 21029800 0
883 1 406830 1833
884 0 20115891 0
885 0 21244182 0
886 1 230009 1022
887 1 43627 176
888 1 752365 3451
889 1 435098 1988
890 1 222579 1005
891 0 23004581 0
892 0 21962083 0
893 0 19413380 0
894 0 18889320 0
895 0 19159427 0
896 1 525077 2393
897 0 18596482 0
898 1 897854 4099
899 0 18907257 0
900 1 84225 396
901 0 19643290 0
902 0 20189316 0
903 1 1316232 6071
904 0 19373140 0
905 1 978984 4478
906 1 785451 3606
907 0 20029628 0
908 1 729676 3302
909 0 22797397 0
910 1 560665 2516
911 0 22734073 0
912 0 19836430 0
913 1 507724 2304
914 1 947616 4351
915 1 933370 4277
916 0 22995800 0
917 0 21445298 0
918 0 20069950 0
919 1 503732 2280
920 1 528474 2415
921 1 105466 453
922 0 16262790 0
923 1 736578 3338
924 1 326383 1482
925 1 766226 3509
926 0 22986266 0
927 0 22847496 0
928 1 730039 3343
929 0 20327875 0
930 1 1041446 4698
931 1 470375 2156
932 0 21249712 0
933 0 21184730 0
934 0 19793563 0
935 0 16767811 0
936 1 357179 1598
937 1 316431 1440
938 1 573717 2611
939 0 18821967 0
940 0 19919123 0
941 1 1181811 5364
942 1 51561 204
943 0 20037474 0
944 1 668327 3450
945 1 1499945 6881
946 0 19817685 0
947 0 22686219 0
948 0 15751314 0
949 0 17552813 0
950 1 171241 758
951 1 618249 2836
952 1 656040 3007
953 1 715550 3273
954 1 674866 3096
955 0 21617126 0
956 0 17490886 0
957 1 731617 3329
958 0 15084478 0
959 1 149655 653
960 0 19362156 0
961 1 672393 3038
962 0 21422255 0
963 1 276991 1244
964 1 275885 1256
965 0 22715651 0
966 0 19889838 0
967 1 552356 2511
968 1 158040 714
969 1 554574 2527
970 0 20423566 0
971 0 19786641 0
972 0 15796175 0
973 1 723058 3311
974 1 627330 2875
975 0 20118924 0
976 0 19568997 0
977 0 19821865 0
978 0 20686809 0
979 0 19243471 0
980 1 583748 2634
981 1 718512 3309
982 0 19812287 0
983 1 251240 1069
984 0 19104866 0
985 0 15676488 0
986 0 21245646 0
987 0 19668592 0
988 0 15664839 0
989 1 247907 1104
990 0 18428986 0
991 0 19363303 0
992 0 18715069 0
993 1 1331123 6129
994 0 18955708 0
995 1 271408 1373
996 0 15878126 0
997 1 753911 3417
998 0 19567188 0
999 0 19365241 0
1000 1 610529 2730
1001 0 21445156 0
1002 1 578716 2908
1003 0 19835381 0
1004 0 21650985 0
1005 0 20096601 0
1006 1 474767 2438
1007 1 754311 3436
1008 0 19552627 0
1009 1 298588 1352
1010 1 446223 2033
1011 1 1748401 8024
1012 0 22504994 0
1013 0 15725337 0
1014 1 478571 2146
1015 1 478913 2179
1016 0 21355141 0
1017 1 38519 131
1018 0 20551420 0
1019 0 22757401 0
1020 1 213739 942
1021 0 21657146 0
1022 0 21879965 0
1023 0 20840668 0
1024 0 20660120 0
1025 0 19665233 0
1026 0 21338792 0
1027 0 18738997 0
1028 1 612574 3191
1029 0 22077866 0
1030 1 685035 3131
1031 0 19718990 0
1032 0 19006400 0
1033 0 20232586 0
1034 0 20001856 0
1035 1 140309 685
1036 0 18908386 0
1037 1 337996 1728
1038 1 375723 1725
1039 0 18894372 0
1040 0 19034419 0
1041 0 20415079 0
1042 1 1217067 5588
1043 1 647937 2982
1044 1 746880 3431
1045 1 487569 2235
1046 0 20244277 0
1047 0 20870465 0
1048 0 19963896 0
1049 1 267116 1191
1050 0 20253705 0
1051 0 20569163 0
1052 1 363393 1636
1053 1 32088 111
1054 1 1373908 6332
1055 0 19280266 0
1056 0 18699405 0
1057 0 15497796 0
1058 1 662319 3013
1059 0 19320671 0
1060 1 477469 2463
1061 1 1056014 4877
1062 0 18694610 0
1063 1 938333 4291
1064 1 624732 2873
1065 0 20917239 0
1066 0 15678441 0
1067 0 18738757 0
1068 0 19332136 0
1069 1 1249004 5725
1070 1 237470 1080
1071 1 624730 2866
1072 0 18657426 0
1073 0 19790074 0
1074 1 805503 3682
1075 0 15706185 0
1076 0 19552008 0
1077 1 1364617 6239
1078 0 20683448 0
1079 0 20485904 0
1080 0 19009888 0
1081 0 22387170 0
1082 1 263775 1158
1083 0 20647307 0
1084 0 19435380 0
1085 0 20068146 0
1086 0 15769596 0
1087 1 805178 3663
1088 0 21145857 0
1089 0 20032535 0
1090 1 684329 3125
1091 1 1112245 5057
1092 1 987103 4525
1093 1 916231 4232
1094 1 1001680 4601
1095 1 777738 3579
1096 1 288738 1321
1097 0 19964601 0
1098 1 396404 1802
1099 0 18918129 0
1100 1 1032383 4732
1101 0 20317031 0
1102 0 15885562 0
1103 0 19453460 0
1104 0 19358048 0
1105 1 1307688 6020
1106 1 180530 819
1107 0 22414691 0
1108 1 790021 4116
1109 0 21376015 0
1110 0 20725007 0
1111 1 641111 2938
1112 0 21257595 0
1113 0 15492817 0
1114 1 422529 1928
1115 0 22220719 0
1116 0 15546725 0
1117 1 351132 1584
1118 0 22932083 0
1119 0 22528542 0
1120 0 21406865 0
1121 1 506589 2311
1122 0 20568839 0
1123 1 365884 1636
1124 0 19493439 0
1125 1 707406 3224
1126 0 18905715 0
1127 0 22638691 0
1128 0 18551045 0
1129 0 18210154 0
1130 1 613302 2808
1131 1 657491 3030
1132 0 15242010 0
1133 1 208393 893
1134 0 20354291 0
1135 0 20298768 0
1136 0 19579704 0
1137 1 762798 3498
1138 0 20082010 0
1139 1 657237 3433
1140 1 1265555 5832
1141 1 785367 3590
1142 0 19835421 0
1143 1 798685 3667
1144 1 758087 3471
1145 0 19736785 0
1146 1 312755 1410
1147 1 975646 4493
1148 0 19925437 0
1149 1 503515 2299
1150 1 1482112 6807
1151 1 744585 3420
1152 0 19300412 0
1153 0 19242274 0
1154 0 22151043 0
1155 1 343847 1754
1156 1 235432 1051
1157 0 21320172 0
1158 0 19595071 0
1159 0 20379315 0
1160 0 22207017 0
1161 0 21460621 0
1162 0 20381122 0
1163 1 516067 2348
1164 1 907245 4177
1165 0 22476045 0
1166 0 19205605 0
1167 0 22575860 0
1168 0 20982892 0
1169 0 19690376 0
1170 1 1395507 6390
1171 0 20238123 0
1172 1 531153 2417
1173 0 19731215 0
1174 0 19597900 0
1175 0 19612556 0
1176 0 20364320 0
1177 1 918934 4211
1178 0 19975518 0
1179 0 20514489 0
1180 0 19083725 0
1181 0 20057292 0
1182 0 19999797 0
1183 1 744674 3407
1184 0 19122114 0
1185 0 21820011 0
1186 0 21836945 0
1187 0 15696540 0
1188 0 21085068 0
1189 1 628639 2871
1190 0 20546755 0
1191 0 20839234 0
1192 0 20239068 0
1193 0 19345544 0
1194 0 19144715 0
1195 0 18983800 0
1196 1 780288 3574
1197 1 914959 4191
1198 1 499904 2291
1199 1 546525 2497
0 1 1300532 5978
1 1 936790 4327
2 1 1209382 5604
3 0 18990508 0
4 0 19477307 0
5 0 20346186 0
6 0 19173279 0
7 1 1196192 5522
8 1 212402 1092
9 0 19241353 0
10 0 15352617 0
11 0 19992777 0
12 0 19823863 0
13 0 19953736 0
14 1 223795 1008
15 0 18659244 0
16 0 18689642 0
17 1 347610 1799
18 0 20036674 0
19 0 19726852 0
20 0 19033016 0
21 1 218505 968
22 0 20109138 0
23 1 582123 2620
24 0 18464164 0
25 1 666101 3068
26 0 19005349 0
27 0 22531288 0
28 0 22421939 0
29 0 22815700 0
30 0 16812654 0
31 1 846411 4422
32 0 22776811 0
33 0 22193233 0
34 0 22600639 0
35 1 642606 2955
36 1 640918 2963
37 0 22702369 0
38 1 792479 3648
39 0 20756054 0
40 0 19815749 0
41 1 631068 2867
42 1 191024 873
43 1 814616 4275
44 0 21071943 0
45 0 20752942 0
46 1 597007 2732
47 1 428286 1968
48 0 20005812 0
49 0 19613939 0
50 0 21388183 0
51 0 19152749 0
52 0 15600826 0
53 0 20005882 0
54 0 19595507 0
55 0 19322099 0
56 0 15392593 0
57 0 19967232 0
58 1 497204 2270
59 0 21204282 0
60 0 20473758 0
61 1 82021 347
62 0 19101618 0
63 1 310998 1576
64 1 696442 3218
65 1 615839 2837
66 0 20577631 0
67 0 20313003 0
68 1 722889 3330
69 0 15927338 0
70 1 629477 2856
71 1 795728 3676
72 0 19733984 0
73 0 18838301 0
74 0 21180671 0
75 0 19651319 0
76 1 823335 3799
77 0 19110645 0
78 1 866574 3983
79 0 19076613 0
80 1 1435704 6633
81 1 625945 2892
82 0 22463814 0
83 0 19802773 0
84 1 449492 2060
85 0 19300237 0
86 1 550273 2519
87 0 18400359 0
88 0 22153739 0
89 0 22720349 0
90 0 22798138 0
91 0 22730031 0
92 0 22843861 0
93 0 21198336 0
94 1 888323 4108
95 0 15387862 0
96 1 695232 3171
97 1 757102 3491
98 1 385295 1772
99 1 340197 1563
100 0 15674504 0
101 0 20937178 0
102 1 1047764 4834
103 0 21202793 0
104 0 19388842 0
105 1 115672 493
106 1 944216 4354
107 1 1223988 5663
108 0 20008821 0
109 1 329743 1502
110 1 831014 3825
111 0 18830461 0
112 1 98679 418
113 1 209745 950
114 0 19984445 0
115 1 648745 3366
116 1 780159 3561
117 1 295683 1348
118 1 825026 3804
119 0 19436465 0
120 0 19834814 0
121 0 19707541 0
122 0 19816360 0
123 1 575281 2641
124 1 708845 3260
125 0 19074073 0
126 1 754103 3472
127 0 19720554 0
128 1 500307 2281
129 0 15657862 0
130 1 188177 948
131 0 21129710 0
132 1 609304 2805
133 1 630209 2905
134 0 22479138 0
135 1 94660 405
136 1 613916 2832
137 0 18852174 0
138 1 2010521 9353
139 0 18509986 0
140 1 60696 232
141 0 15454081 0
142 0 19712998 0
143 0 22310152 0
144 0 15936389 0
145 0 15550186 0
146 1 62480 254
147 1 331327 1517
148 0 19176026 0
149 0 18819867 0
150 0 18771661 0
151 0 19576186 0
152 1 397848 1815
153 1 733368 3390
154 1 582131 2659
155 1 558200 2563
156 0 18806153 0
157 0 18945927 0
158 1 405887 1866
159 1 551206 2531
160 0 19768955 0
161 0 19189220 0
162 0 18626567 0
163 0 19551441 0
164 0 18812956 0
165 1 1015910 5309
166 0 20281719 0
167 0 19712551 0
168 0 19837488 0
169 1 584611 2643
170 1 971240 4492
171 0 19758370 0
172 0 20123561 0
173 0 19507060 0
174 1 600673 2771
175 0 19391862 0
176 1 678653 3107
177 1 964741 4466
178 1 574186 2649
179 1 218899 996
180 1 17586 65
181 0 21974413 0
182 1 703404 3225
183 0 20586014 0
184 0 20703563 0
185 0 20904366 0
186 0 21077550 0
187 0 20312774 0
188 1 349467 1584
189 1 719740 3305
190 1 941667 4339
191 0 21700363 0
192 0 20279535 0
193 1 440142 2266
194 0 19369720 0
195 0 22130514 0
196 1 1166154 5352
197 0 21055409 0
198 0 19722978 0
199 0 19423916 0
200 0 21716271 0
201 0 20129543 0
202 0 18263079 0
203 0 22089413 0
204 0 21787851 0
205 0 21018098 0
206 0 18667103 0
207 1 1131669 5193
208 0 19379210 0
209 0 20035337 0
210 1 516994 2378
211 1 287182 1315
212 0 19208511 0
213 0 20418509 0
214 1 781652 3594
215 0 19716516 0
216 1 660023 3024
217 1 676891 3124
218 0 15608714 0
219 1 477804 2182
220 1 590726 2716
221 0 19064554 0
222 0 19651131 0
223 0 20311017 0
224 1 625970 2852
225 0 20771838 0
226 1 1279649 5921
227 0 21105235 0
228 0 20306304 0
229 0 19431315 0
230 0 20110807 0
231 0 22179578 0
232 1 500893 2598
233 1 525219 2394
234 0 21223291 0
235 0 21418391 0
236 1 978732 4484
237 0 21501847 0
238 0 19747498 0
239 0 21870347 0
240 0 20274672 0
241 0 15612774 0
242 0 19091515 0
243 1 416271 1896
244 0 18777017 0
245 0 19547473 0
246 0 19956737 0
247 1 633377 2917
248 1 742655 3411
249 1 565037 2576
250 0 20044330 0
251 0 19106043 0
252 0 18296439 0
253 0 18638613 0
254 1 683439 3143
255 1 1338125 6179
256 0 22192890 0
257 0 19551368 0
258 0 20243956 0
259 1 716182 3299
260 0 19359713 0
261 0 18952962 0
262 1 1552531 7193
263 0 20062361 0
264 0 15874704 0
265 1 839458 3851
266 1 674795 3112
267 1 291942 1338
268 1 528071 2427
269 1 562535 2590
270 0 22857987 0
271 0 19789260 0
272 0 18395050 0
273 1 864744 3953
274 1 734975 3389
275 0 22286321 0
276 0 20380671 0
277 0 19077780 0
278 0 15763771 0
279 0 15402686 0
280 0 19041340 0
281 0 20812825 0
282 0 20907995 0
283 0 21299328 0
284 0 22195487 0
285 0 15249778 0
286 0 20574944 0
287 1 649742 2985
288 1 124359 549
289 1 1192196 5510
290 1 598658 2761
291 1 783454 4094
292 0 18742949 0
293 0 19053510 0
294 0 18931220 0
295 0 15129079 0
296 0 18574411 0
297 0 19275552 0
298 1 951750 4391
299 0 19375510 0
300 0 21381491 0
301 0 20638074 0
302 1 592112 2715
303 1 713414 3268
304 0 22327233 0
305 1 335085 1528
306 0 19320129 0
307 1 1492610 6905
308 1 508541 2309
309 1 345572 1582
310 0 19847608 0
311 1 1029123 4750
312 1 5389 13
313 1 358115 1627
314 0 19474502 0
315 1 593116 2726
316 0 20005066 0
317 1 882559 4065
318 1 905281 4184
319 0 19988225 0
320 0 15757629 0
321 0 19012960 0
322 0 20488869 0
323 0 15652401 0
324 1 335494 1517
325 1 477136 2198
326 0 19330444 0
327 0 19074837 0
328 0 19220579 0
329 1 773659 3542
330 1 718508 3318
331 1 68157 294
332 0 22105400 0
333 0 15498815 0
334 1 352181 1549
335 0 19995447 0
336 1 615461 3195
337 0 19485804 0
338 0 19222097 0
339 0 20280066 0
340 0 19356793 0
341 0 19354746 0
342 1 1409689 6525
343 0 18788929 0
344 1 496636 2278
345 0 19539119 0
346 0 20511925 0
347 1 696044 3179
348 0 20934818 0
349 1 1862875 8635
350 0 20972248 0
351 1 1323855 6073
352 0 22344695 0
353 0 21100867 0
354 1 454842 2341
355 0 19731660 0
356 0 21159428 0
357 0 18918206 0
358 0 21312560 0
359 1 1054878 4865
360 1 644914 2967
361 0 17510817 0
362 1 726861 3309
363 1 713975 3286
364 1 1072145 4940
365 0 21650366 0
366 1 1099136 5072
367 0 19486911 0
368 0 19960140 0
369 1 827248 4302
370 1 390650 2043
371 1 913735 4203
372 0 22312683 0
373 0 19509486 0
374 0 20629290 0
375 0 15771249 0
376 1 241348 1090
377 1 402929 2099
378 0 18904817 0
379 0 19911720 0
380 0 20827414 0
381 1 18631 45
382 1 862704 3961
383 1 539787 2467
384 1 357355 1634
385 0 19123173 0
386 0 19871660 0
387 0 20699954 0
388 0 20009957 0
389 0 19635952 0
390 0 22568434 0
391 0 22006316 0
392 0 20087830 0
393 0 19566300 0
394 0 19364393 0
395 0 20408249 0
396 0 22924488 0
397 1 938286 4879
398 0 20421677 0
399 1 960439 4400
400 1 876497 4031
401 1 613439 2820
402 0 19473548 0
403 0 19424537 0
404 0 15515905 0
405 0 21416061 0
406 1 669697 3473
407 1 363444 1642
408 0 19406733 0
409 0 21004807 0
410 1 1134192 5213
411 1 669410 3073
412 0 22220050 0
413 0 19206138 0
414 0 20806790 0
415 1 234830 1189
416 1 574915 2611
417 1 518837 2377
418 1 568367 2603
419 0 22219676 0
420 0 21709313 0
421 0 19698437 0
422 1 1059094 4853
423 0 19635690 0
424 0 15587762 0
425 0 22224016 0
426 0 21579848 0
427 0 15841846 0
428 1 988259 4532
429 0 19881254 0
430 1 341127 1446
431 0 19567515 0
432 0 19829438 0
433 0 20214775 0
434 0 19676918 0
435 0 15966394 0
436 0 21482832 0
437 0 20220675 0
438 1 1428623 6533
439 0 22784956 0
440 0 21841412 0
441 1 152667 680
442 1 408916 1870
443 0 22337276 0
444 1 842664 3866
445 0 20067740 0
446 0 22317168 0
447 0 15784752 0
448 0 20582071 0
449 0 22054122 0
450 0 22515503 0
451 0 21494870 0
452 0 19339381 0
453 1 276933 1235
454 0 21480948 0
455 0 20988266 0
456 0 20803718 0
457 0 22532579 0
458 0 22590528 0
459 0 22613907 0
460 1 1168366 5355
461 0 15860965 0
462 1 555290 2530
463 0 19894430 0
464 0 20286588 0
465 0 22265103 0
466 1 1140136 5219
467 0 19149567 0
468 1 300691 1345
469 1 83206 368
470 0 19624860 0
471 0 21704656 0
472 0 20448892 0
473 1 180200 894
474 1 952620 4384
475 1 273354 1238
476 1 327955 1500
477 0 21411094 0
478 0 15289580 0
479 1 1377463 6324
480 0 21406850 0
481 0 15484749 0
482 0 19663435 0
483 0 22114865 0
484 0 21136892 0
485 0 15648273 0
486 0 22215823 0
487 1 606122 2745
488 0 21618273 0
489 0 20855197 0
490 0 20041593 0
491 0 15661418 0
492 0 19064299 0
493 1 1562923 7190
494 0 20282919 0
495 1 1186899 5450
496 0 19256722 0
497 1 673431 3098
498 1 350511 1589
499 1 874536 4005
500 1 817828 3764
501 0 18669158 0
502 0 20067874 0
503 0 15358354 0
504 1 478557 2188
505 1 198715 905
506 1 931734 4305
507 0 19485896 0
508 1 151294 664
509 1 359568 1651
510 0 19625083 0
511 1 696635 3630
512 1 102279 458
513 0 22433326 0
514 0 20553511 0
515 1 1137841 5231
516 0 22352557 0
517 0 20259567 0
518 1 607157 2766
519 1 649145 2983
520 1 1234975 5712
521 1 223722 1013
522 1 578771 2652
523 0 19207308 0
524 1 266376 1200
525 0 18488818 0
526 0 22249666 0
527 1 287677 1311
528 0 20385188 0
529 0 18870802 0
530 0 18036517 0
531 0 19585911 0
532 1 374368 1702
533 0 18957092 0
534 1 444825 2030
535 0 21324198 0
536 0 20402561 0
537 1 151594 677
538 0 19086968 0
539 1 527955 2740
540 1 501488 2282
541 0 20094842 0
542 1 1072293 4930
543 0 18543060 0
544 0 19277431 0
545 1 200172 1010
546 0 21436399 0
547 1 64327 261
548 0 20765576 0
549 1 768371 3523
550 0 18821741 0
551 0 21809516 0
552 1 2269398 10436
553 0 18945119 0
554 1 793570 3638
555 0 21411829 0
556 1 665476 3053
557 0 20942213 0
558 0 19805157 0
559 0 19823127 0
560 0 19146146 0
561 0 19738251 0
562 0 22253228 0
563 0 22092848 0
564 1 840198 3854
565 1 561482 2579
566 1 547604 2504
567 0 20873357 0
568 0 22018742 0
569 1 1106058 5802
570 0 19624790 0
571 0 21173302 0
572 1 2520373 11621
573 0 20580913 0
574 0 19008048 0
575 1 741709 3378
576 1 671849 3081
577 0 19167279 0
578 0 15459209 0
579 1 592965 2721
580 1 752891 3955
581 0 15668397 0
582 1 303899 1280
583 0 18807703 0
584 0 19496700 0
585 0 19137614 0
586 0 15562303 0
587 0 22876158 0
588 1 1693172 7868
589 1 558984 2567
590 0 15508255 0
591 0 21120483 0
592 0 20520045 0
593 0 20012894 0
594 1 712105 3277
595 1 683390 3153
596 1 210608 956
597 0 19501983 0
598 0 22579776 0
599 0 21693679 0
600 0 22255878 0
601 0 21797165 0
602 1 679103 3549
603 0 19540854 0
604 0 18481166 0
605 0 15516463 0
606 0 19458141 0
607 1 787018 3583
608 0 19025309 0
609 0 20490464 0
610 0 15821436 0
611 0 17422965 0
612 0 15941228 0
613 1 521806 2378
614 0 15640262 0
615 0 20028321 0
616 0 19917931 0
617 1 932110 4273
618 0 18883768 0
619 0 22163514 0
620 0 19362096 0
621 0 15576845 0
622 0 22174473 0
623 0 22720590 0
624 0 22587863 0
625 0 15751181 0
626 1 791085 3621
627 0 22326243 0
628 1 624297 2861
629 0 21931718 0
630 0 21845951 0
631 0 15537056 0
632 0 19695166 0
633 0 22368136 0
634 0 20132019 0
635 0 18849502 0
636 0 22514169 0
637 0 22559016 0
638 0 20800080 0
639 0 20578073 0
640 0 15477121 0
641 0 21875021 0
642 1 446120 2044
643 1 238877 1082
644 0 19635663 0
645 1 684106 3123
646 0 21110869 0
647 0 20229213 0
648 0 19800625 0
649 0 21778066 0
650 0 21923477 0
651 1 1320363 6068
652 0 22499568 0
653 0 15824761 0
654 1 515206 2307
655 0 20237538 0
656 1 803339 3665
657 0 22456343 0
658 0 22689771 0
659 0 20597392 0
660 1 1021782 4666
661 0 21471399 0
662 0 22721186 0
663 1 1051564 4838
664 1 661304 3031
665 0 20748710 0
666 0 15332599 0
667 1 696226 3173
668 1 1406686 6475
669 0 19221765 0
670 0 22324203 0
671 0 20316669 0
672 1 927458 4250
673 1 838682 4401
674 0 22888848 0
675 0 19525370 0
676 1 1034707 4763
677 0 19334166 0
678 0 22418156 0
679 0 19895959 0
680 0 20678784 0
681 0 19472445 0
682 1 289657 1304
683 1 821241 3767
684 1 1046259 4818
685 1 980121 4484
686 0 21476349 0
687 1 500392 2258
688 1 867534 3991
689 0 20021510 0
690 0 19625522 0
691 1 247963 1104
692 0 22542381 0
693 1 622368 2837
694 0 15556838 0
695 0 19684474 0
696 0 22096164 0
697 1 737590 3376
698 0 22333983 0
699 1 293162 1311
700 1 694697 3192
701 0 18873019 0
702 1 1173308 5379
703 1 870131 4565
704 1 393871 1798
705 0 15601350 0
706 0 19456301 0
707 0 18882378 0
708 0 19650500 0
709 0 19118002 0
710 0 20656409 0
711 0 20269765 0
712 1 399027 1801
713 1 1265579 5815
714 0 21589963 0
715 0 19336233 0
716 0 18775002 0
717 0 19265802 0
718 1 468795 2119
719 1 1490185 6908
720 1 442268 2315
721 1 474320 2174
722 1 770973 3545
723 0 18631475 0
724 0 19618686 0
725 0 19368624 0
726 1 745538 3422
727 1 333536 1523
728 0 22338712 0
729 1 1095454 5011
730 1 539683 2442
731 0 18660829 0
732 1 680057 3114
733 1 772704 3539
734 1 634504 2908
735 0 18630813 0
736 0 15442498 0
737 1 539138 2479
738 0 18597309 0
739 0 19505093 0
740 1 552521 2534
741 0 18696234 0
742 0 19511251 0
743 1 1259384 5800
744 0 18820219 0
745 1 1058698 4887
746 0 19225964 0
747 0 19137211 0
748 0 21296516 0
749 1 763050 3509
750 1 307657 1410
751 1 745816 3445
752 1 1133606 5249
753 0 18658871 0
754 0 21721851 0
755 0 20919027 0
756 0 20141280 0
757 0 21394888 0
758 1 631494 3276
759 0 22838042 0
760 1 440662 2012
761 0 21029719 0
762 1 785615 3600
763 1 978944 4528
764 1 957320 4430
765 1 523632 2413
766 0 20358888 0
767 0 19239752 0
768 0 21587888 0
769 1 1114319 5139
770 1 411678 1891
771 1 315414 1445
772 0 20735343 0
773 1 467703 2138
774 1 704072 3225
775 0 19634965 0
776 0 21989966 0
777 0 21061291 0
778 0 19334257 0
779 0 21541652 0
780 1 823738 3779
781 0 19258266 0
782 0 19158075 0
783 1 1104084 5096
784 0 19976655 0
785 1 581231 2640
786 1 334252 1539
787 0 15608276 0
788 1 771671 3544
789 1 988983 4570
790 1 387155 1716
791 0 19063493 0
792 1 327331 1460
793 0 18858004 0
794 1 308912 1397
795 0 18619266 0
796 0 22244276 0
797 1 620933 2849
798 0 22129719 0
799 1 745494 3429
800 0 19953206 0
801 1 694702 3613
802 0 21980764 0
803 1 1636227 7558
804 0 21352270 0
805 1 195642 880
806 0 19403308 0
807 1 1093903 5015
808 1 279245 1258
809 1 523510 2406
810 0 22538616 0
811 0 19515877 0
812 1 39896 149
813 0 22170188 0
814 0 16796599 0
815 0 20433255 0
816 1 953990 4379
817 0 19691795 0
818 0 19452188 0
819 1 1286911 5929
820 1 174831 790
821 1 496232 2550
822 1 139484 604
823 0 15619390 0
824 1 89406 383
825 0 20124525 0
826 0 20406800 0
827 1 448496 2044
828 0 19170329 0
829 0 15150211 0
830 1 373533 1709
831 1 1705163 7914
832 0 20245915 0
833 1 269074 1202
834 1 502692 2292
835 1 1360842 6284
836 0 19738692 0
837 0 18814484 0
838 0 19018611 0
839 0 18925269 0
840 0 19083623 0
841 1 124082 549
842 1 956018 4414
843 1 414108 1904
844 0 20594523 0
845 0 20298974 0
846 1 1243110 5732
847 1 712334 3288
848 0 19214453 0
849 0 18793289 0
850 0 18976527 0
851 0 15637202 0
852 0 20187611 0
853 0 22367777 0
854 0 21314257 0
855 0 21076261 0
856 1 70134 306
857 1 154231 694
858 0 19032890 0
859 1 1237328 5708
860 1 315122 1442
861 1 1572901 7262
862 0 19740313 0
863 1 278698 1250
864 0 15639627 0
865 0 19767509 0
866 0 22336657 0
867 0 22209298 0
868 0 19573789 0
869 0 22564027 0
870 1 867273 3990
871 1 1386393 6414
872 0 21080279 0
873 1 36430 125
874 0 20685991 0
875 0 19528213 0
876 1 482010 2215
877 0 21568737 0
878 1 142180 632
879 0 18712913 0
880 1 710324 3259
881 1 834211 3821
882 0 19303082 0
883 1 841965 3842
884 0 19115781 0
885 0 15932475 0
886 1 569244 2610
887 0 18575286 0
888 1 659197 3037
889 1 608237 2810
890 0 20137775 0
891 1 185153 821
892 0 19785867 0
893 0 19218938 0
894 0 18983242 0
895 0 21592648 0
896 0 20711449 0
897 0 17517554 0
898 1 431324 1986
899 0 19732807 0
900 1 627353 3249
901 0 22370423 0
902 0 15944327 0
903 1 711070 3254
904 0 15627849 0
905 0 22805987 0
906 0 15684011 0
907 0 21164650 0
908 1 865676 3992
909 0 22006273 0
910 0 15588658 0
911 1 554785 2517
912 0 18453684 0
913 0 19485161 0
914 0 20193541 0
915 0 19971551 0
916 0 21728118 0
917 0 15691245 0
918 0 19785900 0
919 1 827225 3796
920 0 15699062 0
921 0 20243245 0
922 0 18964471 0
923 0 19478502 0
924 1 925576 4263
925 0 18872931 0
926 1 375668 1722
927 1 796057 3659
928 0 15887154 0
929 1 748396 3428
930 0 15320820 0
931 1 749885 3460
932 0 18857400 0
933 1 994926 4595
934 0 20026400 0
935 1 497625 2275
936 0 22611320 0
937 1 251798 1142
938 1 845851 3904
939 1 260299 1191
940 1 660007 3038
941 1 1343877 6207
942 1 409292 1888
943 1 660080 3040
944 1 759274 3505
945 1 543344 2487
946 0 18818257 0
947 0 20493032 0
948 0 22878673 0
949 0 21220050 0
950 0 22242514 0
951 0 20944149 0
952 1 282017 1277
953 0 20169521 0
954 0 19654045 0
955 0 20589416 0
956 1 512041 2332
957 1 714425 3268
958 1 772779 3555
959 0 20218367 0
960 0 19710465 0
961 1 383144 1734
962 0 21817144 0
963 0 21760599 0
964 0 22444579 0
965 0 22183874 0
966 1 1000132 4558
967 1 582943 2977
968 0 16033757 0
969 0 20077877 0
970 1 851664 3912
971 0 19729958 0
972 0 21497805 0
973 0 20048175 0
974 1 599685 2743
975 0 19566842 0
976 1 759298 3450
977 1 233270 1059
978 0 19387916 0
979 0 21549441 0
980 1 713363 3731
981 1 351385 1587
982 0 20000143 0
983 0 20798386 0
984 1 619564 2836
985 1 456849 2380
986 0 19662354 0
987 0 20241735 0
988 0 19803830 0
989 0 21987948 0
990 0 19872466 0
991 0 20109422 0
992 0 20219088 0
993 1 380053 1955
994 0 20149460 0
995 0 15614638 0
996 1 650844 3383
997 0 20802478 0
998 0 19615876 0
999 0 19944650 0
1000 1 1192242 5486
1001 1 573856 2633
1002 0 19833139 0
1003 1 645987 2939
1004 1 624793 2869
1005 1 1075036 5659
1006 0 19950667 0
1007 0 20396765 0
1008 0 21689648 0
1009 1 765454 3976
1010 1 598873 2757
1011 0 20362517 0
1012 1 671487 3079
1013 1 843639 3836
1014 0 20448564 0
1015 1 540237 2812
1016 0 20434715 0
1017 1 526236 2408
1018 1 215388 973
1019 1 577304 2654
1020 0 19844720 0
1021 0 19829335 0
1022 1 216606 962
1023 1 346065 1810
1024 1 722734 3306
1025 0 19074334 0
1026 0 22451821 0
1027 0 15694518 0
1028 0 19296530 0
1029 0 21626006 0
1030 1 1006514 4611
1031 1 663587 3057
1032 1 992486 4559
1033 0 19284534 0
1034 0 20160171 0
1035 0 19950141 0
1036 1 491988 2252
1037 0 19531986 0
1038 1 747327 3417
1039 0 21849782 0
1040 0 22191364 0
1041 0 19519176 0
1042 1 686229 3129
1043 0 19454855 0
1044 1 678251 3090
1045 0 21736163 0
1046 0 19727653 0
1047 0 19056772 0
1048 1 296054 1314
1049 0 20306665 0
1050 0 18916123 0
1051 1 149299 645
1052 0 21799332 0
1053 0 22688598 0
1054 0 22551164 0
1055 1 812227 4242
1056 0 21816024 0
1057 0 19048010 0
1058 1 584981 2698
1059 0 18694712 0
1060 0 20660254 0
1061 1 204469 1049
1062 0 19296622 0
1063 1 805996 3717
1064 0 22488313 0
1065 1 581750 2664
1066 0 17338626 0
1067 0 20966820 0
1068 0 19168178 0
1069 0 20025688 0
1070 0 19133850 0
1071 0 19091868 0
1072 0 19548934 0
1073 1 1285904 5923
1074 1 873243 4032
1075 0 18604367 0
1076 0 18671404 0
1077 0 19213090 0
1078 1 892275 4119
1079 0 15256698 0
1080 0 19674001 0
1081 1 597951 3093
1082 0 18515869 0
1083 0 15932605 0
1084 1 185126 836
1085 1 710386 3282
1086 0 18719015 0
1087 1 667233 3051
1088 0 18419402 0
1089 0 21613602 0
1090 0 21121128 0
1091 1 795112 3664
1092 0 21792875 0
1093 1 738794 3844
1094 0 22425753 0
1095 0 21358796 0
1096 0 19666329 0
1097 0 21432808 0
1098 0 19057162 0
1099 0 20251456 0
1100 1 414356 1899
1101 0 19485672 0
1102 0 18613008 0
1103 0 20146350 0
1104 1 968648 4472
1105 0 18750471 0
1106 1 553187 2540
1107 1 463934 2426
1108 0 22060376 0
1109 0 18504015 0
1110 0 21375820 0
1111 0 19054156 0
1112 1 661545 3460
1113 1 965841 4466
1114 0 21268851 0
1115 0 19963982 0
1116 1 768722 3549
1117 0 19914356 0
1118 0 22635240 0
1119 1 262389 1163
1120 0 19337271 0
1121 0 19520785 0
1122 0 18662959 0
1123 0 19155793 0
1124 0 21127051 0
1125 0 15540816 0
1126 1 838429 3854
1127 0 18953614 0
1128 1 278996 1269
1129 0 21727067 0
1130 0 15557972 0
1131 0 15752308 0
1132 1 1049385 4831
1133 0 20242593 0
1134 0 19553585 0
1135 0 19471508 0
1136 0 18937479 0
1137 1 778313 3564
1138 1 356170 1631
1139 1 1092761 5051
1140 1 574403 2644
1141 0 19043589 0
1142 1 726773 3301
1143 0 22982483 0
1144 1 845052 3892
1145 1 47773 205
1146 1 750901 3467
1147 1 308770 1401
1148 0 21126554 0
1149 1 429566 2226
1150 1 543347 2484
1151 0 20339680 0
1152 0 19884462 0
1153 1 621859 2833
1154 1 690969 3190
1155 1 259051 1150
1156 1 610680 2808
1157 1 801453 3686
1158 1 217412 990
1159 1 558649 2582
1160 1 273152 1247
1161 0 21919133 0
1162 0 21148370 0
1163 1 53616 208
1164 0 18919889 0
1165 1 319089 1454
1166 1 503336 2320
1167 1 672669 3107
1168 0 22499995 0
1169 1 581922 2976
1170 0 21005408 0
1171 0 20504225 0
1172 1 1044778 4805
1173 0 15406723 0
1174 1 766994 3522
1175 0 19206745 0
1176 0 19277033 0
1177 1 785740 3578
1178 0 18773106 0
1179 1 452759 2060
1180 1 552803 2541
1181 1 314802 1634
1182 1 773594 3559
1183 1 243098 1093
1184 0 19754276 0
1185 0 18945488 0
1186 0 21454231 0
1187 0 20547619 0
1188 1 755522 3460
1189 0 19848443 0
1190 1 691055 3140
1191 1 1545953 7067
1192 1 761586 3496
1193 0 19234709 0
1194 0 18698876 0
1195 1 668335 3050
1196 0 18900029 0
1197 0 21148521 0
1198 0 18788897 0
1199 0 21016492 0
