0 1 1108077 5108
1 1 920193 4253
2 0 18729677 0
3 1 646169 2962
4 0 18863379 0
5 0 20827601 0
6 0 19722650 0
7 0 19613095 0
8 0 19906410 0
9 1 996324 4599
10 1 735018 3857
11 0 21386830 0
12 0 20018658 0
13 0 20367568 0
14 0 20786985 0
15 0 19770248 0
16 1 244145 1237
17 0 19360868 0
18 1 728204 3336
19 1 657045 3030
20 1 314900 1423
21 1 1387701 6422
22 0 19575138 0
23 1 325862 1472
24 1 517979 2377
25 0 19927297 0
26 0 15491409 0
27 0 18986504 0
28 1 969500 4464
29 1 1378726 6373
30 1 993822 5227
31 1 360666 1636
32 0 19092990 0
33 0 20871048 0
34 1 455892 2068
35 1 2178240 10107
36 1 620101 2855
37 1 475102 2461
38 0 15505654 0
39 1 1388753 6422
40 0 19616529 0
41 1 1623805 7446
42 1 261551 1184
43 0 22229583 0
44 1 359770 1620
45 1 201171 914
46 0 19856487 0
47 1 1213571 5599
48 0 19324105 0
49 1 491828 2259
50 1 1025061 4747
51 0 20949058 0
52 0 21668384 0
53 1 2141342 9957
54 1 994649 4600
55 0 20668408 0
56 0 22196694 0
57 1 840005 3827
58 1 574024 2647
59 0 20960546 0
60 0 20096090 0
61 1 983806 4549
62 1 522216 2410
63 1 594936 2736
64 1 864360 4002
65 1 168642 866
66 1 992744 4592
67 0 19474838 0
68 0 19635349 0
69 0 20884267 0
70 0 20364107 0
71 1 695346 3626
72 0 19640484 0
73 0 19883970 0
74 1 366610 1666
75 1 718950 3314
76 0 20238737 0
77 0 18672202 0
78 1 982930 4530
79 0 20382512 0
80 1 753034 3460
81 0 22571092 0
82 1 1201198 5514
83 0 15610640 0
84 0 19428658 0
85 0 19156776 0
86 0 15542609 0
87 1 614740 2798
88 0 22477379 0
89 1 908454 4743
90 0 21549523 0
91 0 15377630 0
92 0 20348085 0
93 1 793254 3616
94 0 20891625 0
95 0 19037883 0
96 1 665733 3045
97 0 19395285 0
98 1 348449 1583
99 1 1075767 4978
100 0 19780420 0
101 1 599819 2770
102 0 20568080 0
103 1 1346230 6211
104 1 1623483 7491
105 0 19508201 0
106 0 20651177 0
107 0 15766643 0
108 0 20490633 0
109 1 94704 401
110 0 18911908 0
111 1 739340 3394
112 0 18334396 0
113 1 717352 3748
114 1 920152 4259
115 0 20072153 0
116 1 235800 1057
117 0 19098086 0
118 0 19262692 0
119 1 622835 3227
120 0 21947118 0
121 0 18555032 0
122 1 103138 458
123 0 18766494 0
124 1 552452 2516
125 0 19544845 0
126 1 807073 3691
127 1 931754 4276
128 0 18929777 0
129 1 931881 4274
130 1 930453 4252
131 0 19176174 0
132 1 672762 3511
133 1 1150258 5290
134 0 20942580 0
135 0 20561896 0
136 1 609231 2791
137 0 19611445 0
138 0 19497621 0
139 0 19133184 0
140 0 18659665 0
141 0 23000462 0
142 0 22328023 0
143 1 237452 1059
144 0 21618465 0
145 0 20769724 0
146 1 422307 1903
147 0 20681069 0
148 1 450000 2047
149 1 796803 3667
150 0 22759807 0
151 1 260125 1179
152 1 332869 1516
153 1 1784283 8212
154 0 19477895 0
155 0 20149432 0
156 0 19741303 0
157 0 15551012 0
158 0 18878007 0
159 0 19454351 0
160 0 22451092 0
161 0 22607615 0
162 1 1084959 4971
163 0 22557985 0
164 0 21098909 0
165 1 1159109 5335
166 0 22592216 0
167 0 22765778 0
168 0 21365832 0
169 0 15787507 0
170 0 15740000 0
171 1 726280 3331
172 0 19258448 0
173 1 646787 2961
174 0 18949514 0
175 1 869250 3969
176 1 904337 4164
177 1 582660 3032
178 0 19442136 0
179 0 18492939 0
180 0 19527036 0
181 0 19567432 0
182 0 19429962 0
183 1 857112 4471
184 1 1114110 5138
185 0 21539864 0
186 0 20437998 0
187 0 15188279 0
188 0 19493446 0
189 0 20045409 0
190 0 19720558 0
191 0 20778244 0
192 0 22434980 0
193 0 15760431 0
194 0 19214456 0
195 1 848283 3907
196 1 1175126 5435
197 0 19704735 0
198 0 19951495 0
199 0 19989078 0
200 0 20550877 0
201 1 329244 1503
202 0 19641941 0
203 0 22290499 0
204 1 883526 4056
205 0 20704751 0
206 0 15917910 0
207 1 913105 4213
208 0 18562596 0
209 1 688422 3172
210 1 114146 515
211 1 460979 2114
212 0 18589593 0
213 1 544149 2397
214 0 21482735 0
215 1 972531 4488
216 0 19741272 0
217 0 18957179 0
218 0 19753694 0
219 1 1230687 5690
220 1 1179026 5471
221 0 20352738 0
222 0 20074261 0
223 0 20338793 0
224 0 19835152 0
225 0 20856217 0
226 0 21879574 0
227 0 15647381 0
228 0 21356237 0
229 1 673089 3073
230 1 518775 2380
231 0 18957547 0
232 0 15329954 0
233 0 18652011 0
234 1 843450 3892
235 0 21331232 0
236 1 104908 455
237 1 478369 2204
238 1 671212 3098
239 1 645348 2984
240 1 420361 2193
241 0 19188321 0
242 0 19429646 0
243 0 19269798 0
244 1 900928 4119
245 1 687595 3166
246 0 22596387 0
247 0 15191499 0
248 1 1061856 4904
249 0 19812013 0
250 1 1688519 7797
251 1 738545 3412
252 1 1140126 5282
253 0 19363727 0
254 0 19535147 0
255 0 19536092 0
256 0 18571064 0
257 1 866014 4007
258 0 19856842 0
259 0 19150303 0
260 1 759262 3956
261 1 802738 3706
262 1 853298 3937
263 1 776353 3572
264 1 256355 1174
265 1 150661 685
266 0 19310085 0
267 1 18950 25
268 1 455651 2057
269 0 19440774 0
270 1 365280 1619
271 0 19511197 0
272 0 19479411 0
273 0 15976320 0
274 0 22216811 0
275 1 669561 3087
276 0 19832311 0
277 1 808811 3727
278 0 20962472 0
279 0 20238319 0
280 0 15382093 0
281 0 19275696 0
282 0 19659475 0
283 1 891051 4094
284 0 19385224 0
285 0 19148821 0
286 0 19429675 0
287 1 692390 3167
288 0 22464746 0
289 0 22815427 0
290 1 1386322 6390
291 1 1443119 6668
292 0 20835595 0
293 1 1275288 6688
294 1 610928 2810
295 1 985838 4530
296 0 19741667 0
297 1 1143402 5254
298 0 19598823 0
299 1 714404 3271
300 1 1179159 5433
301 0 22180566 0
302 0 22174796 0
303 0 20852616 0
304 0 22668312 0
305 1 487467 2222
306 1 911019 4191
307 0 21917057 0
308 0 19150311 0
309 1 1251597 5741
310 0 20392930 0
311 1 317567 1447
312 0 15614291 0
313 0 19146400 0
314 1 846877 3895
315 1 1529204 7051
316 1 921697 4230
317 1 744420 3427
318 0 21003083 0
319 1 529159 2395
320 0 22684571 0
321 0 22547438 0
322 0 21845213 0
323 1 978583 4474
324 0 21263779 0
325 0 20668861 0
326 0 21369583 0
327 0 22017965 0
328 0 22190121 0
329 0 20754557 0
330 1 428364 1951
331 1 775602 3557
332 1 432692 1982
333 1 648085 2978
334 0 19920861 0
335 0 21808583 0
336 1 738916 3869
337 0 20570651 0
338 1 171735 630
339 0 21390803 0
340 0 21490318 0
341 0 20233403 0
342 0 15768511 0
343 0 19761488 0
344 0 19872624 0
345 1 1184885 5476
346 0 19150902 0
347 0 18342803 0
348 1 1154621 5333
349 1 880254 4066
350 0 20220310 0
351 0 19562996 0
352 0 19065256 0
353 0 18626493 0
354 0 19966172 0
355 1 731899 3376
356 1 82524 362
357 0 21466573 0
358 0 20939291 0
359 1 540301 2479
360 1 1168567 5420
361 1 1319752 6095
362 0 18912656 0
363 0 20681547 0
364 0 15334829 0
365 0 15631663 0
366 1 409217 1865
367 1 1055290 4885
368 0 19166226 0
369 0 20094056 0
370 1 1178149 5435
371 0 20894065 0
372 0 22467783 0
373 0 21591542 0
374 0 15495447 0
375 1 802901 3712
376 0 21290513 0
377 0 19393288 0
378 0 15761902 0
379 0 19355758 0
380 1 837055 4373
381 1 1504001 6923
382 1 650941 3006
383 0 20815410 0
384 0 19336292 0
385 0 21899310 0
386 0 22529375 0
387 1 912237 4212
388 0 19397839 0
389 1 811180 3744
390 1 559581 2582
391 0 19062502 0
392 1 215064 1106
393 1 550025 2532
394 1 677423 3131
395 0 20455437 0
396 1 1155092 5321
397 1 1160689 5355
398 0 20737237 0
399 0 20258477 0
400 0 20625162 0
401 0 18318591 0
402 0 21671276 0
403 1 1739083 8051
404 0 20100356 0
405 1 731345 3363
406 0 19450524 0
407 0 20723383 0
408 0 18644270 0
409 1 908730 4176
410 0 19179137 0
411 0 15690208 0
412 1 798564 3675
413 1 219412 965
414 0 21346145 0
415 1 684322 3154
416 0 19275133 0
417 0 19228838 0
418 1 698733 3184
419 1 2175556 10012
420 1 1229756 5655
421 1 882190 4072
422 0 19006940 0
423 1 1058030 4872
424 0 19804766 0
425 0 19346839 0
426 0 15765292 0
427 0 19069520 0
428 1 1086996 4980
429 0 20091223 0
430 0 15568991 0
431 0 21631744 0
432 1 1153569 6036
433 0 19958998 0
434 1 326092 1466
435 1 758587 3487
436 1 844352 3852
437 1 626166 2860
438 0 19808492 0
439 1 839381 3832
440 0 21685559 0
441 0 19929159 0
442 1 644458 2947
443 0 19372306 0
444 1 819716 4280
445 1 783839 3594
446 0 19349389 0
447 0 19509747 0
448 0 21401236 0
449 0 19998456 0
450 0 21187967 0
451 0 22357933 0
452 1 885941 4062
453 0 19413833 0
454 1 665793 2972
455 0 20425942 0
456 1 824217 3771
457 0 21149866 0
458 1 746891 3436
459 1 618903 2839
460 1 301953 1380
461 0 20816464 0
462 1 1015671 4664
463 0 21724803 0
464 1 1854251 8594
465 0 20391353 0
466 0 22119963 0
467 0 21613757 0
468 1 194231 984
469 1 416965 1903
470 1 1082782 4972
471 0 19419414 0
472 0 19260007 0
473 1 404369 1840
474 0 21993269 0
475 1 758606 3474
476 1 675270 3101
477 1 319772 1455
478 0 22612471 0
479 1 108389 449
480 0 21372700 0
481 0 19376947 0
482 1 1028299 5363
483 0 22836215 0
484 0 22728958 0
485 1 738699 3383
486 0 22416668 0
487 0 21587718 0
488 0 15664549 0
489 1 754514 3449
490 1 534428 2457
491 0 21923508 0
492 1 423769 1923
493 1 167273 759
494 1 710413 3262
495 1 780835 4099
496 1 955989 4392
497 0 19732972 0
498 0 15551422 0
499 0 20574170 0
500 0 18834811 0
501 1 721705 3309
502 0 15871866 0
503 1 296613 1334
504 0 20554135 0
505 0 15714230 0
506 0 15508832 0
507 1 1103201 5784
508 1 273893 1252
509 0 15716728 0
510 0 20091010 0
511 0 18588145 0
512 1 711154 3258
513 0 18794387 0
514 1 804924 3680
515 0 21946420 0
516 0 20244939 0
517 0 20175468 0
518 1 1287358 5916
519 1 43719 183
520 0 20165341 0
521 0 21182708 0
522 0 22689707 0
523 0 22735442 0
524 0 21623426 0
525 1 726607 3326
526 1 362355 1648
527 0 22200311 0
528 0 15672700 0
529 1 949001 4374
530 1 803781 3715
531 1 977039 4471
532 0 19228928 0
533 0 19396984 0
534 0 19674371 0
535 0 18962173 0
536 1 429325 2199
537 0 19087019 0
538 1 611587 2814
539 1 535907 2445
540 0 18883409 0
541 0 19669401 0
542 0 18884814 0
543 0 19534574 0
544 0 15529570 0
545 1 864126 3991
546 1 12770 44
547 0 20191802 0
548 1 745766 3434
549 0 19323644 0
550 1 1370170 6328
551 0 19705000 0
552 1 614071 2795
553 1 906291 4175
554 0 21179116 0
555 0 19436884 0
556 0 19023590 0
557 0 20067322 0
558 1 628505 3266
559 1 725867 3331
560 1 1051467 4859
561 0 18517263 0
562 1 816399 3754
563 1 749482 3464
564 0 18922335 0
565 0 20734785 0
566 0 19197213 0
567 0 22599314 0
568 0 21856988 0
569 0 15501996 0
570 0 19412348 0
571 0 15917747 0
572 0 15930843 0
573 1 1145910 5285
574 1 583590 2695
575 1 682051 3143
576 0 20293182 0
577 1 218659 993
578 1 657535 3030
579 1 1116804 5165
580 0 22470459 0
581 1 597580 2741
582 1 1226873 5666
583 0 21943949 0
584 1 964310 4442
585 0 19253045 0
586 0 15689991 0
587 0 18791238 0
588 1 646902 2958
589 0 19175628 0
590 1 1719367 7917
591 0 20146195 0
592 1 353978 1606
593 0 16135139 0
594 0 15689003 0
595 0 18360265 0
596 1 538403 2468
597 1 1757596 8154
598 0 19812237 0
599 0 18984894 0
600 0 15647586 0
601 1 273861 1237
602 0 19075237 0
603 1 1323679 6102
604 1 592720 3098
605 1 1067732 4940
606 0 18766385 0
607 0 19983180 0
608 1 1087708 4997
609 1 682734 3143
610 1 726544 3359
611 0 18704319 0
612 1 237324 1068
613 0 20142963 0
614 0 20868763 0
615 0 19314618 0
616 1 757945 3496
617 0 18501046 0
618 1 930680 4218
619 0 19419347 0
620 0 15908509 0
621 1 829692 3820
622 1 1022840 4731
623 0 18868852 0
624 0 18746516 0
625 1 1119069 5157
626 0 22522903 0
627 0 19954613 0
628 0 15585872 0
629 0 19432154 0
630 0 20257994 0
631 0 19412630 0
632 0 21936215 0
633 1 620257 2863
634 1 472020 2173
635 0 18947077 0
636 0 15389819 0
637 0 18625439 0
638 1 1515405 6968
639 0 19537601 0
640 1 722321 3329
641 1 1451056 6707
642 1 40693 163
643 1 1052258 4868
644 0 19179401 0
645 0 15493579 0
646 0 18882389 0
647 1 442039 2035
648 0 19418236 0
649 0 19258094 0
650 0 18914935 0
651 1 507717 2327
652 1 518739 2390
653 1 482478 2210
654 1 1150934 5326
655 0 19151269 0
656 0 19628297 0
657 1 337269 1533
658 0 20046174 0
659 1 251305 1147
660 1 1107863 5126
661 1 1214588 5624
662 1 716578 3308
663 0 19893968 0
664 0 19485731 0
665 1 2272735 10544
666 1 799573 3704
667 0 18987010 0
668 1 330862 1491
669 1 1588891 7356
670 0 20598945 0
671 0 20463906 0
672 1 678716 3110
673 1 423107 1947
674 1 870938 4557
675 1 339028 1540
676 1 917830 4239
677 0 19481531 0
678 1 817867 3764
679 0 20402513 0
680 1 723404 3328
681 0 20153339 0
682 0 19936153 0
683 1 256535 1150
684 0 20486139 0
685 1 780058 3611
686 1 732682 3388
687 1 1364377 6294
688 0 19092298 0
689 1 824325 3795
690 0 20001169 0
691 0 21245309 0
692 0 15654571 0
693 1 604179 2778
694 1 624137 2885
695 1 385370 1773
696 0 21161170 0
697 0 18935564 0
698 0 18248669 0
699 1 731062 3338
700 0 21897990 0
701 0 21993200 0
702 0 19945094 0
703 0 20495735 0
704 1 904721 4157
705 1 909022 4157
706 0 18953272 0
707 0 19345666 0
708 0 22666414 0
709 1 1197442 5497
710 0 19052763 0
711 0 19280003 0
712 0 18913545 0
713 0 18840539 0
714 0 15764696 0
715 1 676796 3108
716 0 18857316 0
717 1 732370 3355
718 1 1017780 4685
719 1 174760 765
720 0 21143301 0
721 0 22037609 0
722 1 717271 3234
723 0 21832996 0
724 0 23055256 0
725 1 1248206 5690
726 0 21916667 0
727 1 1372848 6290
728 0 21892859 0
729 1 214139 960
730 0 21174603 0
731 0 22126386 0
732 1 1021701 4686
733 0 19725659 0
734 1 1002517 5259
735 1 341681 1489
736 0 19470182 0
737 1 640913 2929
738 0 19436755 0
739 1 643853 2904
740 1 522521 2394
741 1 275853 1433
742 0 21617598 0
743 0 22496102 0
744 1 1393403 6411
745 1 1049223 4828
746 1 9305 19
747 0 22611625 0
748 0 19904311 0
749 0 22818378 0
750 0 22556256 0
751 0 23020477 0
752 0 21899421 0
753 0 23048076 0
754 0 20096835 0
755 1 953408 4982
756 0 22925936 0
757 0 22067891 0
758 0 20734108 0
759 0 20458098 0
760 0 20854366 0
761 0 20984715 0
762 1 401051 1822
763 1 1355753 6240
764 0 22797764 0
765 0 21648911 0
766 0 15382674 0
767 0 20757317 0
768 1 991937 4564
769 0 22362248 0
770 0 22150452 0
771 0 22549691 0
772 0 19211159 0
773 0 20824070 0
774 0 19701571 0
775 0 19302614 0
776 0 22699908 0
777 0 15602718 0
778 1 687003 3571
779 0 20459520 0
780 0 19678495 0
781 0 19440579 0
782 1 916349 4793
783 1 829650 3818
784 1 2172816 9951
785 0 21378852 0
786 1 527599 2386
787 0 20677900 0
788 0 19632123 0
789 0 19826887 0
790 0 21316792 0
791 0 20981419 0
792 0 22911431 0
793 0 21176506 0
794 0 22077641 0
795 0 22777394 0
796 1 710961 3719
797 0 20635094 0
798 0 22192275 0
799 1 1364696 6266
800 1 745684 3431
801 0 20407325 0
802 0 19862353 0
803 0 19496307 0
804 1 795398 4152
805 0 15556180 0
806 1 786084 3600
807 0 19621882 0
808 0 15600324 0
809 1 543462 2817
810 1 502812 2306
811 1 788497 3622
812 0 15757956 0
813 0 21550564 0
814 0 22656722 0
815 1 1462103 6706
816 0 21499713 0
817 1 1107270 5099
818 0 21134705 0
819 0 22327314 0
820 0 21481564 0
821 1 1166336 5366
822 0 21200932 0
823 0 20093565 0
824 0 22319460 0
825 0 20847696 0
826 0 19080319 0
827 1 465475 2113
828 0 20659759 0
829 0 15511022 0
830 1 1233233 5655
831 1 876815 4032
832 1 1239814 5701
833 0 22538432 0
834 1 744317 3858
835 0 21038895 0
836 1 1143253 5215
837 0 19278073 0
838 1 326654 1486
839 1 464982 2095
840 0 20879170 0
841 1 609365 2792
842 0 21559313 0
843 0 22476017 0
844 0 15119815 0
845 0 20483127 0
846 0 20509453 0
847 0 22093314 0
848 1 187345 959
849 0 20260426 0
850 0 15727069 0
851 1 1065904 4918
852 1 934444 4310
853 0 19131553 0
854 0 19287878 0
855 0 22479572 0
856 1 730117 3368
857 1 977894 4521
858 1 735576 3407
859 1 845689 3909
860 1 641081 2953
861 1 354921 1630
862 0 19777573 0
863 1 1105142 5116
864 0 19570096 0
865 1 924865 4264
866 0 22018746 0
867 1 1062763 4890
868 0 20309720 0
869 0 20029961 0
870 0 18422877 0
871 1 409147 1871
872 1 68456 295
873 1 978205 4518
874 1 525531 2423
875 0 20323491 0
876 0 21199369 0
877 1 621150 2859
878 1 727808 3359
879 1 889136 4114
880 0 15902209 0
881 0 19778711 0
882 1 1129458 5216
883 0 19606346 0
884 0 18726806 0
885 1 448070 2042
886 0 20351181 0
887 1 632682 2894
888 1 143084 609
889 1 1077795 4987
890 1 532704 2448
891 1 1000078 4632
892 0 19596910 0
893 1 708958 3692
894 0 21895943 0
895 1 431842 2199
896 0 21879870 0
897 1 1014009 4644
898 0 19011917 0
899 0 15460307 0
900 0 22473210 0
901 1 721606 3302
902 0 19785021 0
903 0 18917378 0
904 1 135407 591
905 0 15797759 0
906 0 22463472 0
907 1 717243 3729
908 0 22601899 0
909 0 20444861 0
910 0 19377266 0
911 0 19823958 0
912 0 20959221 0
913 0 19132314 0
914 1 1184716 5454
915 1 791917 3658
916 1 531721 2452
917 1 746162 3448
918 1 480051 2207
919 0 21700315 0
920 0 19895350 0
921 1 1307748 6032
922 0 18766294 0
923 1 1100153 5047
924 1 848141 3924
925 0 21782471 0
926 0 19640862 0
927 0 19000863 0
928 0 20771546 0
929 1 831143 3786
930 1 43405 180
931 1 834712 3859
932 0 18761127 0
933 1 750065 3444
934 1 581648 2682
935 1 264252 1211
936 0 19170796 0
937 0 21551652 0
938 1 1692905 7820
939 1 624338 2880
940 0 21002474 0
941 0 18841709 0
942 1 1003164 4599
943 1 1541706 7146
944 0 19750412 0
945 1 661966 3029
946 1 903682 4182
947 1 259545 1185
948 1 776618 4043
949 0 20552641 0
950 1 919602 4240
951 0 15493966 0
952 0 20493623 0
953 0 15899972 0
954 1 828426 4324
955 0 19643415 0
956 0 20053563 0
957 0 19488055 0
958 0 15482316 0
959 1 1103969 5109
960 0 19709239 0
961 0 19391663 0
962 1 675363 3034
963 1 679263 3135
964 0 21080177 0
965 1 501227 2303
966 0 20569993 0
967 0 22798353 0
968 1 1174626 5395
969 0 20447380 0
970 0 15814452 0
971 1 824050 3802
972 0 18834215 0
973 1 613275 2815
974 1 334675 1533
975 1 659904 3050
976 1 1567929 7232
977 1 757766 3506
978 0 19376824 0
979 0 19157732 0
980 0 20639938 0
981 0 19168531 0
982 0 19213678 0
983 0 19994845 0
984 0 21918749 0
985 1 679511 3120
986 0 19995232 0
987 1 872441 4015
988 0 19184681 0
989 0 19010555 0
990 1 1166226 5365
991 0 19656263 0
992 0 22348505 0
993 0 20686420 0
994 1 759196 3497
995 1 923099 4851
996 0 21192978 0
997 1 1114866 5144
998 0 20039222 0
999 0 22220606 0
1000 0 22468206 0
1001 0 22215959 0
1002 0 22202224 0
1003 0 22280909 0
1004 0 22955304 0
1005 0 21618904 0
1006 0 18916245 0
1007 0 15646473 0
1008 0 20844390 0
1009 0 22039057 0
1010 1 530290 2406
1011 1 996829 4594
1012 1 690598 3195
1013 1 987820 5189
1014 0 19389389 0
1015 0 16320348 0
1016 0 19372854 0
1017 0 19227693 0
1018 0 15572246 0
1019 0 22709922 0
1020 1 492179 2229
1021 0 21602082 0
1022 0 20278531 0
1023 1 163363 689
1024 1 197740 898
1025 0 22371442 0
1026 1 905617 4151
1027 0 21297840 0
1028 0 19900258 0
1029 0 18498481 0
1030 0 19501979 0
1031 1 914184 4206
1032 0 19313517 0
1033 1 894391 4075
1034 0 21787780 0
1035 1 573266 2605
1036 0 20685270 0
1037 0 20912791 0
1038 0 19356316 0
1039 0 21840627 0
1040 0 20253192 0
1041 0 20032167 0
1042 0 21272388 0
1043 0 15670574 0
1044 0 21489440 0
1045 0 19307165 0
1046 0 19815521 0
1047 1 1063181 4871
1048 0 19845636 0
1049 1 2043630 9400
1050 1 831775 3823
1051 0 18651933 0
1052 1 145895 641
1053 0 19078852 0
1054 1 1158513 5259
1055 0 19426369 0
1056 0 20055254 0
1057 0 20068863 0
1058 0 19081261 0
1059 0 20474873 0
1060 1 811341 3704
1061 1 818748 3772
1062 1 832396 3823
1063 1 697839 3180
1064 0 18934891 0
1065 1 837933 4388
1066 0 19643026 0
1067 0 22190764 0
1068 1 886622 4629
1069 1 1114574 5132
1070 0 20572947 0
1071 0 22400489 0
1072 1 2066236 9469
1073 0 21225430 0
1074 0 19351031 0
1075 0 19283869 0
1076 0 20113352 0
1077 0 22298462 0
1078 0 19113632 0
1079 1 618610 2803
1080 1 1688364 7743
1081 0 19997339 0
1082 0 15649972 0
1083 1 715214 3745
1084 0 22703239 0
1085 1 457490 2091
1086 0 20953813 0
1087 1 1083663 4988
1088 0 22165041 0
1089 1 566557 2565
1090 0 22677228 0
1091 0 22426264 0
1092 0 21717455 0
1093 1 446966 2325
1094 0 19782836 0
1095 1 701031 3208
1096 0 19363790 0
1097 0 19861724 0
1098 0 22431586 0
1099 0 15968065 0
1100 0 18656859 0
1101 0 22269232 0
1102 0 19416412 0
1103 0 22473894 0
1104 0 21378589 0
1105 0 19005611 0
1106 0 20872733 0
1107 1 1170344 5408
1108 0 20633123 0
1109 1 706045 3201
1110 1 1067988 4947
1111 0 18550601 0
1112 0 21882685 0
1113 1 506913 2331
1114 1 385501 1773
1115 0 22104297 0
1116 0 21962808 0
1117 1 714457 3299
1118 1 870869 4021
1119 1 330411 1517
1120 1 899399 4168
1121 1 492432 2269
1122 0 19010741 0
1123 1 666348 3066
1124 1 845757 3893
1125 1 1210172 5579
1126 0 19566637 0
1127 0 19415189 0
1128 0 21785046 0
1129 0 18794026 0
1130 0 19527111 0
1131 1 533619 2774
1132 0 15441102 0
1133 0 15902956 0
1134 1 651446 2994
1135 0 19363724 0
1136 0 20072079 0
1137 0 19892440 0
1138 0 21558970 0
1139 0 20452689 0
1140 1 680885 3537
1141 1 1101577 5086
1142 0 20990874 0
1143 0 19285321 0
1144 0 19284672 0
1145 1 832689 3789
1146 1 675993 3068
1147 0 15527140 0
1148 1 452044 2067
1149 1 1321421 6096
1150 0 20394869 0
1151 0 18699319 0
1152 0 19015572 0
1153 1 957017 4375
1154 0 22074199 0
1155 0 21801160 0
1156 1 667487 3043
1157 0 20998222 0
1158 0 19210673 0
1159 0 22005177 0
1160 0 20150379 0
1161 1 1791974 8260
1162 1 935071 4288
1163 1 760591 3494
1164 0 15604513 0
1165 1 872634 4572
1166 0 19585707 0
1167 0 20024529 0
1168 0 18552169 0
1169 0 21230868 0
1170 1 704454 3244
1171 1 1148163 5305
1172 0 15475948 0
1173 0 15645156 0
1174 0 18615841 0
1175 1 974259 4502
1176 1 763102 3518
1177 1 805364 3729
1178 1 496939 2276
1179 0 20782052 0
1180 1 1259918 5822
1181 1 788706 4142
1182 1 254147 1162
1183 0 20246117 0
1184 1 551168 2534
1185 1 930851 4309
1186 0 21673072 0
1187 0 19360476 0
1188 1 270885 1227
1189 1 1355544 6282
1190 0 19896558 0
1191 0 19654639 0
1192 1 674093 3523
1193 1 1548048 7148
1194 0 19103857 0
1195 1 1154343 5330
1196 1 965580 4454
1197 0 18756544 0
1198 0 19482162 0
1199 0 19099465 0
0 0 19269723 0
1 1 575534 2626
2 0 19296728 0
3 0 18513313 0
4 1 500868 2277
5 0 21758925 0
6 1 684307 3135
7 0 21509297 0
8 1 922845 4264
9 1 955715 4418
10 0 20750985 0
11 0 15600297 0
12 0 18732363 0
13 0 19097458 0
14 0 18642804 0
15 0 19076250 0
16 0 20430761 0
17 0 15499131 0
18 1 284936 1287
19 1 900204 4730
20 1 495122 2267
21 0 19793400 0
22 0 19082733 0
23 1 501338 2610
24 0 19876688 0
25 0 18747616 0
26 1 711982 3263
27 0 15768220 0
28 0 19289264 0
29 0 19790399 0
30 1 723947 3308
31 1 1446405 6695
32 0 22546310 0
33 0 22157944 0
34 0 22267272 0
35 0 15580185 0
36 1 862437 3958
37 1 1438340 6626
38 0 20868519 0
39 0 22402631 0
40 0 21462516 0
41 0 20865156 0
42 1 918223 4811
43 0 20432551 0
44 1 720261 3767
45 1 1055261 4852
46 0 18483638 0
47 0 19594921 0
48 0 19835437 0
49 1 932253 4294
50 0 20279750 0
51 0 20456461 0
52 1 583667 3038
53 0 20537697 0
54 1 1174873 5432
55 1 506596 2333
56 1 251085 1152
57 0 15859045 0
58 0 18708684 0
59 1 373868 1710
60 1 656483 3035
61 0 19445494 0
62 0 19538047 0
63 1 802624 3701
64 1 358944 1643
65 1 752329 3465
66 0 21993913 0
67 1 532960 2456
68 0 20474331 0
69 0 19483540 0
70 1 718857 3321
71 1 659379 3047
72 1 931955 4298
73 1 141539 644
74 1 687050 3161
75 1 794951 3665
76 0 20395009 0
77 1 745288 3446
78 0 19027017 0
79 1 420256 1910
80 0 19725587 0
81 1 94747 416
82 1 793498 4136
83 1 172495 781
84 0 20074144 0
85 1 278414 1256
86 0 19839090 0
87 0 15307968 0
88 1 517272 2666
89 0 18994039 0
90 0 18663777 0
91 0 17888419 0
92 0 21931345 0
93 1 950378 4382
94 0 19961261 0
95 0 23277391 0
96 0 21051205 0
97 0 20501348 0
98 1 1722144 7947
99 0 19736374 0
100 0 19433235 0
101 0 21641379 0
102 1 804214 3709
103 0 19591489 0
104 1 1052006 4862
105 0 18587734 0
106 0 21235329 0
107 0 19157453 0
108 0 18879997 0
109 0 16419371 0
110 1 387738 2030
111 1 910688 4205
112 1 901523 4167
113 0 18188701 0
114 1 1095398 4921
115 1 1426488 6609
116 0 19792989 0
117 1 971994 4475
118 1 394272 1820
119 1 612579 2824
120 0 21429932 0
121 1 840279 3859
122 0 19535507 0
123 0 15800035 0
124 1 674838 3527
125 0 15653332 0
126 1 357927 1859
127 0 19735339 0
128 0 15466044 0
129 0 19138293 0
130 1 663676 3037
131 0 19149320 0
132 1 760644 3515
133 0 21059030 0
134 1 400345 1835
135 1 704982 3263
136 1 880497 4071
137 1 700283 3234
138 1 278008 1280
139 0 19229837 0
140 1 262158 1183
141 1 824423 3801
142 1 389736 1793
143 1 700803 3216
144 0 18966941 0
145 1 1027472 4713
146 1 847292 3916
147 0 18846992 0
148 0 19453503 0
149 1 523538 2401
150 1 619015 2844
151 1 819238 3792
152 1 876057 4040
153 1 1451178 6723
154 0 18719211 0
155 0 21440633 0
156 0 19402208 0
157 1 552116 2538
158 1 512608 2364
159 1 867421 4020
160 0 20652316 0
161 0 19561088 0
162 1 1003068 4591
163 1 965417 5059
164 1 900278 4133
165 1 850350 3903
166 0 18910945 0
167 0 22720596 0
168 1 527466 2414
169 0 20675596 0
170 0 19180171 0
171 1 580546 2670
172 0 19191363 0
173 0 18981700 0
174 0 19245852 0
175 1 605556 2782
176 0 21827669 0
177 1 843505 3845
178 0 20544303 0
179 0 18955667 0
180 0 19248410 0
181 0 22275177 0
182 0 19436971 0
183 1 830395 3805
184 1 1212651 5597
185 0 18867205 0
186 0 15577612 0
187 0 19012870 0
188 0 15544587 0
189 0 18980176 0
190 1 2009049 9205
191 0 19812437 0
192 0 19095237 0
193 1 488771 2246
194 0 19574042 0
195 1 986672 5167
196 1 240256 1102
197 1 1332896 6166
198 0 20644308 0
199 0 15569174 0
200 0 15678307 0
201 0 19970545 0
202 1 955437 4406
203 0 19427927 0
204 0 21872972 0
205 0 22158708 0
206 0 20946881 0
207 0 15453037 0
208 1 1702490 7877
209 0 22765948 0
210 0 21055601 0
211 1 367186 1883
212 1 1132083 5240
213 1 633458 2923
214 0 20704450 0
215 0 20719816 0
216 1 752777 3466
217 1 1282649 5931
218 1 924414 4860
219 0 18936737 0
220 0 18808382 0
221 0 21345194 0
222 1 905210 4136
223 1 731272 3371
224 0 18489870 0
225 0 21648091 0
226 0 21799710 0
227 1 887705 4099
228 1 1655148 7601
229 1 750307 3465
230 1 826559 3793
231 1 458418 2115
232 0 19887197 0
233 0 19390568 0
234 1 749296 3423
235 1 665801 3498
236 1 229266 1051
237 0 19555457 0
238 0 20106016 0
239 1 916503 4199
240 0 21721230 0
241 1 104356 435
242 1 767399 3542
243 1 1137750 5264
244 0 19395734 0
245 0 22478184 0
246 0 20616896 0
247 0 20339960 0
248 0 20093868 0
249 0 19539284 0
250 1 151375 671
251 1 433152 1970
252 1 1501748 6953
253 0 21945668 0
254 0 22914277 0
255 1 150460 649
256 0 19831685 0
257 0 18943497 0
258 1 680670 3120
259 1 583471 3066
260 0 22107065 0
261 0 15457085 0
262 0 19833616 0
263 1 1209793 5617
264 1 462100 2125
265 0 19519278 0
266 1 1424011 6577
267 1 672669 3102
268 0 20032926 0
269 0 19132822 0
270 0 19481639 0
271 1 760724 3508
272 1 726647 3365
273 1 2104355 9712
274 1 11329 28
275 0 15683035 0
276 0 19609029 0
277 0 19283411 0
278 0 22464886 0
279 1 1215343 5594
280 0 22479997 0
281 0 21175589 0
282 0 22034210 0
283 1 478577 2185
284 1 765247 3543
285 0 20474733 0
286 0 19556194 0
287 1 901891 4117
288 0 18573371 0
289 1 811084 3738
290 0 20496452 0
291 0 20819286 0
292 0 19978016 0
293 0 19213166 0
294 0 19526901 0
295 1 706184 3663
296 0 18840863 0
297 1 1056108 5546
298 0 20726690 0
299 0 19638624 0
300 0 19423343 0
301 0 18797621 0
302 1 779005 3581
303 1 354443 1601
304 0 19163272 0
305 1 1004957 4638
306 0 19208010 0
307 0 21618448 0
308 1 2372775 10925
309 0 19282318 0
310 1 864291 3972
311 0 18676577 0
312 0 19364873 0
313 0 16637271 0
314 0 19091198 0
315 1 685806 3581
316 0 19466984 0
317 1 1221310 5631
318 0 22130979 0
319 0 19907447 0
320 0 21980678 0
321 1 903564 4168
322 0 19772675 0
323 0 19932918 0
324 1 739740 3400
325 0 18819842 0
326 0 19343444 0
327 0 19215212 0
328 1 420391 1922
329 1 941400 4333
330 1 722486 3322
331 0 19257931 0
332 1 490842 2253
333 1 625533 2889
334 1 929589 4296
335 0 20952420 0
336 1 1116312 5154
337 1 573521 2645
338 0 20359479 0
339 0 21831008 0
340 0 19996794 0
341 0 20356526 0
342 0 19691670 0
343 1 942799 4335
344 0 19502173 0
345 0 20573717 0
346 1 490492 2250
347 0 19270350 0
348 1 793081 3651
349 0 19426071 0
350 1 1047931 4772
351 1 562811 2599
352 0 18911082 0
353 0 16980369 0
354 0 22478879 0
355 1 629855 2896
356 0 20018546 0
357 1 96480 351
358 1 1176417 5442
359 0 19659568 0
360 0 15513676 0
361 1 841174 3880
362 0 19092932 0
363 0 19550188 0
364 0 18652293 0
365 1 637178 3308
366 0 19046020 0
367 0 22077945 0
368 0 21740004 0
369 1 474716 2185
370 0 19505699 0
371 0 21878316 0
372 0 19302133 0
373 1 155364 602
374 0 19899033 0
375 1 1130216 5206
376 1 973936 4506
377 1 768359 3551
378 0 19162778 0
379 0 19521757 0
380 1 1091714 5031
381 0 19285705 0
382 0 19436052 0
383 0 19130737 0
384 0 18536297 0
385 0 18921431 0
386 0 19126974 0
387 0 17834506 0
388 0 19713267 0
389 1 456082 2073
390 1 729081 3354
391 1 628186 2859
392 0 20017782 0
393 0 18804998 0
394 1 1285461 5945
395 0 20007221 0
396 0 19546522 0
397 1 610804 3172
398 1 344353 1780
399 0 18938850 0
400 0 19493108 0
401 0 18628632 0
402 0 15770062 0
403 1 1118497 5154
404 0 18555119 0
405 0 15595699 0
406 0 19599797 0
407 0 19252683 0
408 0 19481219 0
409 1 435294 1957
410 0 22156637 0
411 1 876112 4010
412 0 19040285 0
413 0 15814336 0
414 1 375037 1723
415 1 506811 2331
416 0 18592925 0
417 1 932688 4309
418 1 986070 4569
419 1 1054446 4850
420 0 19127286 0
421 1 350733 1544
422 0 21498882 0
423 1 1173978 5431
424 0 19260818 0
425 0 18764219 0
426 1 674378 3087
427 0 19928230 0
428 0 19470858 0
429 0 20262286 0
430 1 791117 3635
431 1 1049081 4843
432 0 15584062 0
433 1 765383 3532
434 1 1243049 5701
435 0 15666503 0
436 0 20087843 0
437 0 19787366 0
438 1 1372081 6340
439 1 910848 4210
440 0 20473341 0
441 1 233249 1048
442 1 1227963 6477
443 0 19011326 0
444 1 849346 3912
445 1 511605 2363
446 0 20864731 0
447 0 15535561 0
448 0 20504060 0
449 0 20478033 0
450 0 21733619 0
451 1 686965 3138
452 0 15316314 0
453 0 19685578 0
454 0 21338720 0
455 1 370818 1671
456 1 446165 2065
457 0 19790627 0
458 1 882935 4063
459 1 410734 1881
460 1 928423 4299
461 0 19931195 0
462 1 393128 1794
463 1 769723 3559
464 1 807432 3735
465 1 656095 3031
466 0 18475269 0
467 0 19062576 0
468 1 1073148 4925
469 0 19502097 0
470 0 18642065 0
471 1 1047134 4802
472 1 79253 303
473 1 777367 3521
474 0 21881838 0
475 0 19196637 0
476 1 1883055 8716
477 0 22497476 0
478 1 1122125 5157
479 0 22629795 0
480 1 666283 3045
481 0 20272410 0
482 0 20478626 0
483 0 19999506 0
484 1 1129996 5188
485 0 20172620 0
486 0 22960830 0
487 0 22955911 0
488 1 214117 964
489 0 15586877 0
490 0 18781327 0
491 1 382680 1978
492 0 20048347 0
493 1 148012 656
494 0 18851203 0
495 0 18730099 0
496 0 21824694 0
497 0 21209783 0
498 0 20315110 0
499 0 20826981 0
500 1 1740212 8039
501 1 887592 4045
502 1 663224 3064
503 1 642740 2969
504 1 465839 2129
505 1 1150239 5313
506 0 18873814 0
507 0 19701834 0
508 1 1102383 5093
509 0 20409714 0
510 1 602641 2716
511 1 782979 3616
512 1 1414100 6566
513 0 20023333 0
514 0 15669828 0
515 0 18525655 0
516 0 18858950 0
517 1 566664 2934
518 0 20569203 0
519 0 20426300 0
520 0 19641989 0
521 0 20076141 0
522 0 18780373 0
523 1 762737 4002
524 0 19986911 0
525 0 19670855 0
526 0 19369221 0
527 0 18176338 0
528 1 1029380 4745
529 0 19725544 0
530 1 863922 3986
531 0 15561045 0
532 0 15116693 0
533 0 18789317 0
534 1 66410 269
535 0 18965514 0
536 0 19257737 0
537 0 15613952 0
538 1 1123172 5191
539 0 19243174 0
540 0 20973006 0
541 0 18797707 0
542 1 1091606 5023
543 1 939010 4343
544 1 837644 3864
545 1 698012 3211
546 0 19411798 0
547 0 15481448 0
548 1 473239 2167
549 1 1598894 7373
550 0 21247556 0
551 1 669029 3070
552 1 1342666 6172
553 0 19595561 0
554 1 168071 741
555 1 613832 2832
556 1 796603 4152
557 0 22355089 0
558 0 19711583 0
559 1 229278 1044
560 1 830641 3786
561 1 500456 2311
562 1 634556 2935
563 0 21099470 0
564 0 19599800 0
565 1 338791 1477
566 0 18808112 0
567 1 839997 3878
568 0 19265245 0
569 1 8710 8
570 1 1232033 5687
571 0 21815654 0
572 0 20509647 0
573 0 19604986 0
574 1 1028691 4727
575 1 1086711 5027
576 0 20165474 0
577 1 816749 3768
578 1 816767 3766
579 1 597168 2755
580 1 1466000 6802
581 1 882757 4081
582 1 1228648 5670
583 1 1110543 5105
584 0 19630608 0
585 1 543636 2479
586 1 225088 997
587 0 19646557 0
588 0 18862155 0
589 0 18952349 0
590 1 307394 1400
591 0 22980336 0
592 0 18780467 0
593 1 984541 4526
594 1 277587 1270
595 0 18597925 0
596 0 21847974 0
597 0 18725291 0
598 0 18979064 0
599 1 375763 1714
600 1 145724 658
601 1 1027616 4734
602 1 1493631 6883
603 0 18973230 0
604 0 19810358 0
605 1 338873 1527
606 0 19079036 0
607 0 15422328 0
608 0 19154377 0
609 0 18407575 0
610 1 755433 3488
611 1 1476388 6815
612 1 283442 1298
613 0 20618874 0
614 1 662738 3044
615 1 43056 197
616 0 22352798 0
617 1 764586 3990
618 0 22097670 0
619 0 21392670 0
620 0 21911294 0
621 1 105448 445
622 1 654257 3025
623 0 20105267 0
624 1 186158 830
625 0 20050112 0
626 1 400187 1812
627 1 476393 2194
628 0 18669302 0
629 0 19553913 0
630 1 780937 3587
631 1 346986 1588
632 0 19409709 0
633 1 1096365 5073
634 0 19532762 0
635 1 1028322 4754
636 0 15331432 0
637 0 19497598 0
638 0 19587896 0
639 0 22027456 0
640 0 21430299 0
641 0 19571893 0
642 1 1222602 5647
643 1 626673 2895
644 1 822477 3809
645 1 1486552 6915
646 1 832291 3854
647 1 905893 4734
648 0 21159853 0
649 0 21260840 0
650 0 19721383 0
651 1 235175 1061
652 1 398875 1838
653 1 303701 1392
654 1 583218 3033
655 0 21239013 0
656 0 19501404 0
657 0 18670043 0
658 1 541952 2491
659 1 525841 2425
660 1 164736 752
661 1 921861 4271
662 0 19657424 0
663 0 19447580 0
664 0 21717175 0
665 0 16948456 0
666 0 19702186 0
667 0 19895793 0
668 1 694551 3189
669 1 436671 2007
670 0 18406994 0
671 1 689002 3607
672 1 1512532 7017
673 1 886886 4098
674 1 435317 2006
675 0 21159950 0
676 0 19648862 0
677 0 15737514 0
678 0 18720813 0
679 0 15706988 0
680 0 18782982 0
681 1 399698 1782
682 1 108476 486
683 1 554747 2563
684 0 18148471 0
685 1 1092668 5050
686 0 19814154 0
687 1 1103914 5107
688 1 892347 4099
689 0 19094781 0
690 0 18652675 0
691 0 15760737 0
692 0 21153021 0
693 1 844403 3904
694 0 19601178 0
695 0 15592006 0
696 0 18652608 0
697 1 922781 4264
698 0 18802122 0
699 0 19026177 0
700 0 15712136 0
701 1 1265173 5831
702 1 133483 602
703 1 486328 2231
704 0 18239238 0
705 0 19027702 0
706 0 18975149 0
707 0 22758721 0
708 1 863287 3984
709 1 913617 4205
710 0 19351878 0
711 1 663554 3065
712 1 1095395 4912
713 1 739162 3420
714 0 19154513 0
715 0 19022913 0
716 0 19188836 0
717 0 21595404 0
718 0 19529979 0
719 1 543196 2496
720 1 619125 2854
721 1 789330 3648
722 1 848494 3915
723 0 18593649 0
724 1 154700 686
725 1 19817 61
726 1 1418188 6555
727 0 18547688 0
728 0 19843938 0
729 0 19411120 0
730 0 19555964 0
731 1 879976 4035
732 0 19126170 0
733 0 18727259 0
734 0 19170809 0
735 0 19654871 0
736 1 883764 4056
737 0 21050351 0
738 0 20515544 0
739 0 21115809 0
740 0 20363136 0
741 0 20531533 0
742 0 20146332 0
743 0 19906623 0
744 0 22289134 0
745 1 707910 3249
746 0 19781628 0
747 0 20319949 0
748 0 20694563 0
749 1 500117 2250
750 1 762140 3508
751 0 21011235 0
752 0 22627552 0
753 0 21386689 0
754 1 1109596 5742
755 1 1205509 5548
756 1 452714 2078
757 0 20491449 0
758 1 1146137 5262
759 0 19537638 0
760 1 887121 4643
761 1 867135 3971
762 1 539491 2477
763 0 21916580 0
764 0 18807790 0
765 0 19312284 0
766 0 20813774 0
767 1 671581 3090
768 1 825035 3792
769 0 18651726 0
770 0 21994847 0
771 0 19608030 0
772 1 1007655 4649
773 0 20584885 0
774 0 20597811 0
775 1 679581 3104
776 0 21229848 0
777 1 526798 2412
778 1 963392 4453
779 0 22183841 0
780 0 21895286 0
781 1 1387148 6405
782 0 15630590 0
783 0 20167466 0
784 0 19575001 0
785 0 18869129 0
786 0 15695527 0
787 1 907973 4204
788 0 18828033 0
789 1 479754 2198
790 0 19195387 0
791 1 106640 469
792 0 19678780 0
793 0 21974899 0
794 0 20791106 0
795 0 22129536 0
796 0 21772601 0
797 0 17830776 0
798 0 20696184 0
799 1 824053 3772
800 0 19798381 0
801 1 706085 3255
802 0 20153201 0
803 0 19619593 0
804 1 427611 1955
805 0 21971668 0
806 1 173175 767
807 0 17129233 0
808 0 15811374 0
809 1 503031 2311
810 0 21012295 0
811 1 775641 3577
812 0 21275103 0
813 1 677773 3122
814 1 166428 857
815 0 20661387 0
816 1 958334 4432
817 1 968283 4466
818 1 936866 4337
819 1 457416 2107
820 0 20159563 0
821 0 20207305 0
822 1 335528 1738
823 1 926997 4281
824 1 1377506 6377
825 0 22211228 0
826 0 19938333 0
827 1 775484 3546
828 1 1047971 4853
829 1 671780 3099
830 1 1015371 4692
831 0 19750059 0
832 0 18686713 0
833 0 19955563 0
834 0 19042519 0
835 0 19519917 0
836 0 19167342 0
837 0 19907254 0
838 1 895245 4123
839 0 21154641 0
840 1 1076992 4960
841 0 19555434 0
842 0 19353550 0
843 1 383567 1760
844 0 21130956 0
845 0 19411954 0
846 1 264965 1186
847 0 18686803 0
848 1 1483335 6861
849 1 993822 4598
850 0 22738267 0
851 0 20144263 0
852 1 673868 3091
853 0 19775427 0
854 1 1054563 4871
855 0 19118663 0
856 1 648800 2988
857 1 778307 3596
858 1 1342217 6204
859 1 826991 3824
860 0 19365372 0
861 0 19279908 0
862 0 15621729 0
863 0 19581346 0
864 0 18546317 0
865 1 1733414 7987
866 1 190270 833
867 1 828913 3831
868 1 1204570 5568
869 0 18950583 0
870 0 22160331 0
871 0 19618894 0
872 0 15641929 0
873 0 19884140 0
874 0 20808886 0
875 0 20027975 0
876 1 682281 3139
877 1 1105009 5113
878 1 545076 2517
879 0 21501210 0
880 1 703600 3243
881 0 20741216 0
882 0 20504819 0
883 1 837919 3863
884 0 20844365 0
885 1 687349 3155
886 0 19908056 0
887 1 1010489 4653
888 1 1109423 5138
889 0 21799220 0
890 0 20922223 0
891 0 19521303 0
892 0 19522945 0
893 0 15562225 0
894 0 19539437 0
895 0 17328770 0
896 1 746797 3425
897 0 20154181 0
898 1 1560968 7205
899 1 278631 1277
900 0 20784233 0
901 0 22185996 0
902 0 20558693 0
903 1 285584 1284
904 1 726601 3353
905 0 19128336 0
906 0 18940120 0
907 1 1051173 4846
908 0 19570358 0
909 0 18720561 0
910 0 20072742 0
911 1 295164 1353
912 0 19559206 0
913 1 654494 3005
914 0 19288440 0
915 0 22005550 0
916 0 19747189 0
917 1 524108 2417
918 0 20758492 0
919 1 177216 771
920 0 20107158 0
921 0 21218989 0
922 1 235843 1065
923 0 21060155 0
924 1 1082606 4985
925 1 237403 1083
926 0 19697870 0
927 0 19485116 0
928 1 709862 3713
929 0 20251712 0
930 1 656608 3006
931 1 1139588 5244
932 0 22576427 0
933 1 854027 4486
934 0 21117313 0
935 1 1237799 5715
936 1 323304 1445
937 1 961768 4432
938 0 20949949 0
939 1 291642 1491
940 1 753293 3478
941 1 1034714 4678
942 0 19820676 0
943 0 19900364 0
944 0 19872110 0
945 1 910326 4177
946 0 19243086 0
947 0 18707812 0
948 0 19538945 0
949 0 19177279 0
950 1 108504 476
951 0 20042833 0
952 1 503533 2321
953 1 532317 2438
954 0 18657307 0
955 0 18280473 0
956 0 18987308 0
957 1 1190435 5480
958 0 19192871 0
959 1 2022313 9370
960 0 19467711 0
961 0 18705022 0
962 0 18845993 0
963 1 789237 3641
964 1 426408 1962
965 1 292413 1339
966 1 560580 2589
967 0 19670240 0
968 1 929469 4278
969 1 1423903 6577
970 0 20615493 0
971 0 19433142 0
972 0 15371116 0
973 1 544268 2469
974 1 1498257 6943
975 1 712514 3265
976 0 21201241 0
977 0 20945747 0
978 0 18088568 0
979 0 19913632 0
980 1 283092 1286
981 0 19286607 0
982 0 19793635 0
983 1 152076 668
984 0 19841624 0
985 0 19961304 0
986 1 946345 4358
987 1 1576861 7290
988 0 20338282 0
989 0 19084305 0
990 0 19721062 0
991 1 1178853 5432
992 1 647545 2993
993 0 18641450 0
994 0 21111758 0
995 1 567062 2596
996 0 20534855 0
997 1 615744 3217
998 1 553589 2557
999 1 749652 3452
1000 0 20313644 0
1001 1 401019 2060
1002 1 1091852 5040
1003 0 19190704 0
1004 1 719181 3319
1005 0 18854792 0
1006 1 794120 3649
1007 0 19298157 0
1008 0 22496936 0
1009 1 628595 2886
1010 1 1534763 7107
1011 0 20576886 0
1012 0 15669795 0
1013 0 19988563 0
1014 0 18666997 0
1015 0 15865654 0
1016 0 18886660 0
1017 0 19332701 0
1018 0 19495114 0
1019 0 22119939 0
1020 0 19998541 0
1021 1 1502497 6909
1022 1 617054 2827
1023 0 16653416 0
1024 0 19959746 0
1025 1 1054654 4836
1026 0 19165598 0
1027 0 17118031 0
1028 1 639338 2910
1029 1 1016878 4681
1030 0 20267738 0
1031 1 617459 2788
1032 0 20576133 0
1033 1 954867 4386
1034 0 19830272 0
1035 0 19407495 0
1036 0 19516660 0
1037 0 22338175 0
1038 1 860728 3946
1039 0 21768985 0
1040 1 710844 3259
1041 0 22528426 0
1042 0 22378630 0
1043 0 21481269 0
1044 1 612677 2807
1045 1 353369 1599
1046 0 22847252 0
1047 0 22554198 0
1048 1 876514 4010
1049 0 19942095 0
1050 1 767124 3516
1051 0 21742264 0
1052 0 19884256 0
1053 1 1207614 5534
1054 0 19771304 0
1055 0 19390030 0
1056 0 22119078 0
1057 1 1850539 8577
1058 1 1052350 5538
1059 0 18407497 0
1060 1 769857 3526
1061 0 19337665 0
1062 1 1153397 5306
1063 1 1162512 5356
1064 0 21625830 0
1065 1 417504 1911
1066 1 465588 2136
1067 1 1046474 4844
1068 0 18803997 0
1069 1 339012 1506
1070 1 1121293 5131
1071 0 15809228 0
1072 1 961394 4422
1073 1 529710 2445
1074 0 19177679 0
1075 0 18324921 0
1076 0 19265914 0
1077 1 483578 2203
1078 1 973754 4509
1079 0 19772623 0
1080 0 20252010 0
1081 1 1076223 4905
1082 0 20577252 0
1083 0 20789943 0
1084 1 921358 4260
1085 1 734545 3401
1086 1 1336151 6187
1087 0 20425026 0
1088 1 693246 3192
1089 1 485439 2242
1090 1 213017 966
1091 1 903485 4179
1092 1 1403766 6511
1093 0 19130607 0
1094 1 769985 3550
1095 1 385083 1769
1096 1 920070 4243
1097 0 15432989 0
1098 1 1291943 6784
1099 0 18985763 0
1100 0 19975072 0
1101 1 703589 3227
1102 0 20660604 0
1103 1 575338 2611
1104 0 19219088 0
1105 0 20217051 0
1106 0 21642201 0
1107 0 21020904 0
1108 0 19112106 0
1109 0 22366123 0
1110 1 769763 3546
1111 1 916685 4239
1112 1 488252 2257
1113 1 660404 3051
1114 0 18619229 0
1115 1 492635 2254
1116 0 19806192 0
1117 1 869716 4011
1118 1 617833 2791
1119 0 15616106 0
1120 0 20130035 0
1121 0 21471364 0
1122 1 446281 2039
1123 1 1176168 5452
1124 1 1086361 5024
1125 1 1393533 6485
1126 0 19372530 0
1127 0 19293671 0
1128 0 21784261 0
1129 0 20379164 0
1130 1 413895 1895
1131 1 757142 3498
1132 1 802354 3707
1133 0 20288150 0
1134 0 19536072 0
1135 1 1149052 5279
1136 1 787175 3635
1137 1 566559 2610
1138 0 21777183 0
1139 1 244180 1109
1140 0 19397929 0
1141 0 19884969 0
1142 0 19383862 0
1143 0 18966265 0
1144 0 18934173 0
1145 0 18535526 0
1146 0 22708814 0
1147 0 20401091 0
1148 0 19185652 0
1149 1 1303934 5990
1150 0 15656284 0
1151 0 18742582 0
1152 1 456556 2087
1153 0 19139276 0
1154 0 20419224 0
1155 1 570822 2627
1156 1 771509 3558
1157 1 585122 2700
1158 1 831127 3841
1159 1 1251369 5784
1160 0 19458213 0
1161 1 879971 4050
1162 1 1343239 6196
1163 0 19499134 0
1164 1 716781 3268
1165 1 1052608 4867
1166 1 1721253 8010
1167 0 19157435 0
1168 0 21654247 0
1169 1 357939 1601
1170 1 801167 3710
1171 1 891381 4120
1172 0 20165599 0
1173 0 20786849 0
1174 0 19559863 0
1175 1 839949 3877
1176 0 19809403 0
1177 0 15325773 0
1178 0 19347730 0
1179 1 938344 4316
1180 0 22345377 0
1181 0 22760129 0
1182 1 807555 3725
1183 1 293047 1340
1184 1 220182 1008
1185 0 20887771 0
1186 0 21065188 0
1187 0 20309949 0
1188 0 20437029 0
1189 1 346136 1539
1190 1 1026416 4747
1191 1 276274 1267
1192 0 20167237 0
1193 0 19936426 0
1194 0 20578702 0
1195 0 21889257 0
1196 0 20462773 0
1197 0 20449492 0
1198 1 455803 2052
1199 0 19835492 0
0 0 19148390 0
1 0 20389403 0
2 1 756142 3925
3 1 578646 2664
4 1 632087 2914
5 0 22292880 0
6 0 15574935 0
7 1 532815 2459
8 1 844385 3886
9 0 19555267 0
10 1 677246 3106
11 0 18865871 0
12 0 18909970 0
13 0 20970756 0
14 0 20099946 0
15 0 19784024 0
16 0 19630121 0
17 1 947398 4331
18 1 599698 2760
19 1 1254223 5801
20 0 19910469 0
21 1 742983 3857
22 1 87727 393
23 0 15679909 0
24 1 1575013 7299
25 1 504785 2303
26 1 1072656 4934
27 0 18913166 0
28 0 19192463 0
29 0 20665351 0
30 1 595793 2731
31 0 20159634 0
32 1 1458166 6726
33 0 19127088 0
34 0 19384453 0
35 1 539971 2477
36 1 631420 2903
37 1 957899 5034
38 1 293545 1336
39 0 20197523 0
40 0 19924230 0
41 0 18666130 0
42 0 21800047 0
43 0 19735756 0
44 1 555540 2530
45 0 22274873 0
46 0 19945106 0
47 0 22214006 0
48 1 766243 3515
49 1 947690 4957
50 1 969928 4475
51 0 22129518 0
52 1 556783 2547
53 0 20842887 0
54 1 898631 4142
55 1 1468512 6715
56 1 547881 2510
57 1 967735 4472
58 0 21769567 0
59 1 1778573 8225
60 0 22944363 0
61 0 20716413 0
62 1 774066 3549
63 0 21877895 0
64 0 22592777 0
65 0 15715777 0
66 1 558485 2561
67 1 2539197 11673
68 0 21435809 0
69 0 22490091 0
70 1 486823 2206
71 1 559654 2575
72 0 20106326 0
73 0 18810220 0
74 1 300706 1339
75 0 15295581 0
76 0 20328531 0
77 0 15537582 0
78 1 889457 4098
79 0 20058238 0
80 1 1377313 6378
81 1 870952 4007
82 0 20199772 0
83 1 860865 3960
84 0 19418335 0
85 0 19084921 0
86 1 523956 2361
87 0 20050991 0
88 0 22648411 0
89 0 19911350 0
90 1 1193780 5494
91 1 1076478 4967
92 0 20534906 0
93 0 19347041 0
94 1 949010 4377
95 0 21667603 0
96 1 842391 4400
97 0 20680557 0
98 0 20118947 0
99 0 19687755 0
100 0 19382427 0
101 1 845249 3883
102 1 479122 2187
103 0 15383525 0
104 1 468942 2124
105 0 20786639 0
106 1 1218354 6336
107 1 672435 3090
108 0 20022921 0
109 1 788543 3630
110 0 19017111 0
111 1 1162407 5332
112 0 21813960 0
113 1 563842 2587
114 0 15379777 0
115 1 219519 984
116 1 71626 310
117 0 20463583 0
118 0 19834903 0
119 0 19792627 0
120 0 20943448 0
121 0 19721371 0
122 0 15654984 0
123 0 18911963 0
124 1 796193 3649
125 0 18981181 0
126 1 835207 3840
127 1 516250 2367
128 0 20403986 0
129 0 21317244 0
130 0 20074671 0
131 0 20705846 0
132 0 19104292 0
133 0 21908913 0
134 1 941736 4304
135 0 20268949 0
136 0 21353700 0
137 1 455985 2092
138 0 21958027 0
139 1 681502 3118
140 0 21280008 0
141 0 22487618 0
142 0 20962257 0
143 0 20815745 0
144 1 882111 4051
145 0 19573050 0
146 0 20091121 0
147 1 1359219 6260
148 1 640630 2954
149 1 1168776 5386
150 0 20858696 0
151 0 15437318 0
152 1 269996 1215
153 0 18834729 0
154 0 15339093 0
155 0 18871062 0
156 1 1533408 7069
157 0 18839584 0
158 1 226460 1018
159 1 784757 3616
160 0 18439519 0
161 0 19877513 0
162 1 256028 1165
163 1 946079 4346
164 0 18707001 0
165 1 1221808 5624
166 1 1362702 6282
167 0 15410096 0
168 0 15706840 0
169 0 18861367 0
170 1 556938 2547
171 1 644861 3376
172 0 22176550 0
173 0 19786485 0
174 1 932371 4296
175 1 527215 2423
176 0 20065175 0
177 0 18894018 0
178 1 1090490 5023
179 1 388628 2009
180 1 782962 3605
181 0 18325483 0
182 1 629649 2880
183 1 200577 1035
184 1 749327 3429
185 0 20326602 0
186 1 399314 1823
187 0 21287133 0
188 1 56884 238
189 0 19773057 0
190 0 19862446 0
191 0 20180343 0
192 0 19444421 0
193 0 19228319 0
194 0 15649097 0
195 0 19552050 0
196 1 1074234 5611
197 1 854416 3946
198 1 917497 4222
199 1 1248756 5745
200 0 19359995 0
201 1 962463 4444
202 1 848516 3909
203 1 540686 2491
204 0 18770060 0
205 0 18920402 0
206 1 951349 4362
207 1 1042230 5473
208 1 1029023 4743
209 1 206898 945
210 1 1531593 7077
211 0 20570417 0
212 1 937191 4322
213 1 685740 3152
214 0 19305063 0
215 1 847561 3893
216 1 723051 3313
217 0 18763093 0
218 1 937407 4328
219 0 20224147 0
220 0 19766730 0
221 1 591943 2721
222 1 513405 2361
223 1 1119844 5168
224 1 667829 3006
225 1 708496 3707
226 0 19859316 0
227 1 722248 3325
228 0 19896198 0
229 0 19183694 0
230 1 691307 3602
231 1 459089 2093
232 0 18960471 0
233 0 19580897 0
234 1 643070 2926
235 0 22171022 0
236 1 129432 633
237 0 21965449 0
238 1 756308 3916
239 0 21102675 0
240 1 654883 3003
241 1 527920 2763
242 0 18301347 0
243 0 20355064 0
244 0 19889685 0
245 0 19457106 0
246 1 1203093 6289
247 1 2242845 10386
248 1 1139096 5245
249 1 784675 3617
250 1 1591275 7323
251 1 1063611 4916
252 0 19223654 0
253 1 394513 1804
254 0 19475521 0
255 0 19350976 0
256 1 346890 1568
257 0 19473256 0
258 1 827469 3812
259 0 15413158 0
260 1 737433 3343
261 0 20400619 0
262 0 19233421 0
263 1 282152 1273
264 0 15616395 0
265 0 20965573 0
266 1 781990 3591
267 0 19497606 0
268 0 20283288 0
269 0 20146734 0
270 0 20293488 0
271 0 21441857 0
272 0 21679603 0
273 0 19745624 0
274 0 21658308 0
275 1 1269090 5846
276 0 19704543 0
277 0 19912278 0
278 0 19736580 0
279 1 800285 3685
280 1 291743 1334
281 0 20094343 0
282 0 19595681 0
283 0 20595908 0
284 0 15619313 0
285 0 19332591 0
286 0 15713372 0
287 1 525436 2378
288 1 704349 3244
289 1 571597 2624
290 0 19506511 0
291 0 15263884 0
292 0 18450390 0
293 0 20681139 0
294 0 18628986 0
295 0 21813678 0
296 0 20707939 0
297 1 1040292 4796
298 0 19153083 0
299 0 19973376 0
300 1 1438468 6612
301 0 21652845 0
302 0 18549636 0
303 0 22184215 0
304 1 1372527 6322
305 0 19709822 0
306 0 19197192 0
307 0 20540954 0
308 1 628314 2874
309 0 20842997 0
310 0 19249948 0
311 1 1237058 5649
312 1 699883 3193
313 1 456675 2336
314 1 923917 4236
315 1 684139 3138
316 0 19018666 0
317 0 15461166 0
318 0 19834573 0
319 0 19929127 0
320 0 20929273 0
321 0 19970549 0
322 0 19958063 0
323 0 18923628 0
324 1 914755 4767
325 0 20055663 0
326 0 19775776 0
327 1 510582 2320
328 0 22062224 0
329 1 1127929 5185
330 1 925866 4269
331 0 19278194 0
332 0 15528968 0
333 1 1041703 4801
334 0 18741545 0
335 1 1364788 6291
336 1 662114 3028
337 0 19492624 0
338 1 55136 245
339 1 2235965 10259
340 0 20786808 0
341 0 19694981 0
342 0 15549779 0
343 0 20489840 0
344 1 1417226 6553
345 0 19786022 0
346 0 21894387 0
347 0 20127022 0
348 0 15694632 0
349 1 521791 2399
350 0 18648061 0
351 1 675920 3116
352 1 961053 4427
353 0 19745067 0
354 0 19533122 0
355 1 772017 3541
356 0 22114881 0
357 0 21473850 0
358 1 440245 2008
359 1 43370 188
360 1 227499 1023
361 0 19975604 0
362 1 1372944 6308
363 1 476618 2188
364 0 21962968 0
365 0 15732700 0
366 0 19321718 0
367 0 19941583 0
368 0 20179672 0
369 1 1345428 6201
370 0 21297731 0
371 0 18881685 0
372 1 1233677 5687
373 1 751197 3464
374 1 639092 2887
375 0 20479345 0
376 1 567080 2578
377 1 711668 3273
378 0 18662325 0
379 0 20916006 0
380 0 19896042 0
381 1 516092 2344
382 0 18292566 0
383 0 19718106 0
384 1 477275 2165
385 0 18482173 0
386 0 19435354 0
387 0 18984988 0
388 1 113774 492
389 0 19552468 0
390 1 940889 4338
391 0 19249742 0
392 0 18530521 0
393 0 20284905 0
394 0 21342690 0
395 1 510067 2324
396 0 22715557 0
397 0 21754236 0
398 1 650001 2974
399 0 20273700 0
400 1 1000636 5217
401 1 631583 2838
402 1 614584 2828
403 0 19504210 0
404 0 19864493 0
405 1 836453 3862
406 0 18705204 0
407 1 1014146 4648
408 0 20284110 0
409 1 707399 3260
410 0 20018769 0
411 0 21529297 0
412 0 20321303 0
413 0 15363518 0
414 0 19279172 0
415 0 19910477 0
416 1 921967 4221
417 0 19436769 0
418 0 19348168 0
419 1 954509 4378
420 1 962229 4411
421 1 932285 4304
422 0 19866327 0
423 1 468930 2424
424 1 805956 3706
425 0 18255246 0
426 0 18647290 0
427 1 525802 2415
428 1 1042550 4809
429 1 535393 2459
430 0 19793464 0
431 0 19151909 0
432 1 201249 888
433 1 648765 2973
434 0 19337513 0
435 0 21162433 0
436 0 20351801 0
437 1 809705 4200
438 0 18957558 0
439 0 21088551 0
440 1 532544 2451
441 0 18782852 0
442 0 16020667 0
443 1 1425991 6548
444 0 19376439 0
445 1 841429 3856
446 0 19259822 0
447 0 18465775 0
448 1 510112 2325
449 0 15647841 0
450 0 19603952 0
451 0 19633614 0
452 1 1635104 7517
453 0 19042313 0
454 0 21807196 0
455 1 625942 3265
456 0 19141734 0
457 0 22061701 0
458 0 22723957 0
459 1 611575 2819
460 0 20448933 0
461 0 20589003 0
462 0 19807863 0
463 1 773197 3542
464 1 674580 3527
465 1 458261 2071
466 1 707690 3273
467 0 19180515 0
468 1 22200 66
469 1 1274913 5861
470 0 20433087 0
471 1 1041861 4786
472 0 20598422 0
473 0 15613160 0
474 0 20738773 0
475 0 19059766 0
476 0 22283653 0
477 1 847921 3891
478 0 20128684 0
479 0 15578557 0
480 0 19158076 0
481 1 2254627 10414
482 0 22422206 0
483 1 683109 3149
484 0 20646810 0
485 0 21537342 0
486 1 729274 3358
487 0 20893535 0
488 1 14369 14
489 0 19262149 0
490 0 19679752 0
491 0 20634741 0
492 1 757058 3479
493 0 20144397 0
494 0 15561561 0
495 0 20260174 0
496 0 15602543 0
497 0 19411762 0
498 1 2222171 10213
499 0 19484099 0
500 0 20056014 0
501 0 19291552 0
502 1 1130741 5181
503 1 492292 2244
504 1 1104143 5073
505 0 18019643 0
506 1 815431 3725
507 1 656198 3423
508 0 21393597 0
509 1 341965 1554
510 1 186607 844
511 0 15807987 0
512 1 926974 4237
513 1 821415 3749
514 0 22161530 0
515 1 516028 2018
516 0 19188134 0
517 1 928218 4265
518 1 815973 3735
519 0 19386470 0
520 1 541966 2466
521 0 15295876 0
522 1 837599 3839
523 1 755230 3475
524 0 19083404 0
525 0 15321095 0
526 1 458700 2089
527 0 19190736 0
528 1 687158 3126
529 0 19258691 0
530 0 19313971 0
531 0 23129586 0
532 1 1793274 8273
533 0 19261222 0
534 0 19153377 0
535 1 799704 3669
536 1 684875 3563
537 0 19673670 0
538 1 701019 3634
539 0 21146402 0
540 0 19777232 0
541 0 20763755 0
542 1 387333 1752
543 0 19292804 0
544 1 1242462 5725
545 1 1178841 5454
546 0 19351547 0
547 0 19363654 0
548 1 564689 2534
549 0 19747938 0
550 0 19884265 0
551 0 20572537 0
552 0 21720673 0
553 0 21639106 0
554 1 632365 2880
555 1 124503 557
556 0 20738495 0
557 0 22744427 0
558 1 674353 3102
559 1 276202 1256
560 0 18864367 0
561 1 1645339 7588
562 0 15613457 0
563 1 800028 4166
564 1 963384 4392
565 0 21271559 0
566 1 657762 3022
567 0 20126770 0
568 0 19459129 0
569 0 19252847 0
570 1 549485 2516
571 1 594895 2740
572 1 271400 1246
573 0 19488279 0
574 1 709264 3691
575 0 22428064 0
576 0 20461972 0
577 0 20110621 0
578 0 18581887 0
579 1 631340 2872
580 1 318317 1454
581 0 19029518 0
582 0 20194202 0
583 1 63330 265
584 0 19051982 0
585 1 771840 3523
586 1 959777 4405
587 1 983651 4529
588 0 19352813 0
589 0 19408598 0
590 0 20676714 0
591 1 2032152 9350
592 0 19840340 0
593 1 613851 2752
594 0 19179699 0
595 0 22134000 0
596 0 22025585 0
597 1 861691 3946
598 0 19541307 0
599 1 1031358 4720
600 0 19975623 0
601 1 1048251 4776
602 0 19704139 0
603 0 21392206 0
604 0 20539073 0
605 0 15619090 0
606 0 19990422 0
607 0 19435277 0
608 1 711628 3701
609 0 20167005 0
610 0 15468755 0
611 1 261249 1178
612 0 19840042 0
613 0 15767831 0
614 0 19191761 0
615 1 203420 905
616 0 20545416 0
617 1 439929 2003
618 1 709559 3708
619 1 745388 3409
620 0 19848694 0
621 1 1237011 5694
622 0 19853936 0
623 1 819824 4284
624 0 18565000 0
625 1 400995 1826
626 0 21407785 0
627 1 667859 3063
628 0 20452172 0
629 0 20154543 0
630 0 21090682 0
631 1 741543 3419
632 0 19544392 0
633 1 248534 1248
634 1 919992 4208
635 1 210200 951
636 1 809128 3724
637 1 814593 3737
638 0 18682819 0
639 1 85299 372
640 0 21086193 0
641 1 921251 4227
642 1 1191565 5515
643 1 1309152 6019
644 1 1214716 5611
645 0 22403664 0
646 1 486496 2218
647 1 1212315 5599
648 0 19741711 0
649 0 21243155 0
650 0 19785180 0
651 1 1086229 5007
652 0 19416547 0
653 0 19085880 0
654 1 1080492 4993
655 0 21385502 0
656 1 572847 2624
657 1 759601 3502
658 0 19433343 0
659 1 1092707 5031
660 0 19116240 0
661 0 18611641 0
662 1 741607 3394
663 0 19012281 0
664 1 1375776 6351
665 0 19073851 0
666 0 15632736 0
667 1 365877 1676
668 1 730604 3358
669 1 591100 2717
670 1 921757 4255
671 1 1016179 4691
672 1 941956 4357
673 0 19272889 0
674 0 18546520 0
675 1 1453206 6699
676 0 22091065 0
677 0 22158682 0
678 1 1815426 8376
679 0 20751126 0
680 0 22594837 0
681 0 21830913 0
682 0 20875551 0
683 1 65183 272
684 0 19296858 0
685 1 1687841 7774
686 1 804439 3707
687 0 20026175 0
688 1 805633 3665
689 0 21792734 0
690 0 19294135 0
691 1 1116365 5098
692 0 20074059 0
693 1 703754 3293
694 0 15663454 0
695 0 18640415 0
696 1 268882 1185
697 0 22535676 0
698 1 268158 1211
699 1 648880 2987
700 1 516800 2372
701 0 20734032 0
702 1 578243 2636
703 0 20622393 0
704 0 20789493 0
705 1 838279 3856
706 0 21559429 0
707 1 1222581 5644
708 0 20871875 0
709 0 15607923 0
710 0 20562974 0
711 1 1052711 4856
712 0 19780458 0
713 0 21359309 0
714 1 943488 4901
715 1 1568171 7220
716 0 21265824 0
717 0 19228582 0
718 1 1367585 7150
719 1 208870 949
720 1 1686432 7778
721 1 987113 4564
722 0 21714794 0
723 0 20275147 0
724 1 344001 1781
725 1 1566308 7206
726 1 823015 3770
727 1 851677 3910
728 0 20022136 0
729 1 733397 3355
730 1 995362 5200
731 0 19326858 0
732 0 19403561 0
733 0 19459637 0
734 0 22432711 0
735 0 15922387 0
736 0 20471728 0
737 0 21035531 0
738 1 1207240 5576
739 1 1284888 5927
740 0 20309790 0
741 1 424218 2163
742 0 20120234 0
743 1 611641 2786
744 1 1070417 5582
745 0 22098806 0
746 0 21605671 0
747 0 21667881 0
748 0 19900465 0
749 0 21751773 0
750 0 15545638 0
751 0 20271299 0
752 0 15508566 0
753 1 862334 3979
754 0 20660134 0
755 0 22188919 0
756 1 174269 774
757 1 559206 2571
758 1 497641 2265
759 1 668935 3055
760 1 994388 4581
761 0 22248937 0
762 0 20164863 0
763 0 15716388 0
764 0 15813642 0
765 1 893025 4685
766 0 19366030 0
767 0 19955128 0
768 1 1449205 6704
769 0 19273108 0
770 0 20049595 0
771 1 574420 2644
772 0 19216513 0
773 0 19368766 0
774 1 853284 3937
775 0 19698302 0
776 1 834988 3850
777 0 15732596 0
778 1 1067067 4923
779 0 18759598 0
780 1 1140914 5261
781 1 781615 3582
782 1 1397199 6473
783 0 18552656 0
784 0 19320102 0
785 0 19009057 0
786 1 412369 1884
787 0 19859197 0
788 1 536254 2447
789 0 20011070 0
790 0 15554901 0
791 0 19481513 0
792 1 581981 2635
793 1 686370 3132
794 0 17253643 0
795 1 822769 3766
796 1 1604846 7384
797 1 726124 3326
798 0 19922617 0
799 0 22508983 0
800 0 20916554 0
801 1 448294 2055
802 0 18879493 0
803 0 22279284 0
804 1 1249389 5692
805 0 19899805 0
806 0 19026568 0
807 1 617907 3234
808 0 18711278 0
809 0 22754336 0
810 1 738057 3390
811 0 20241912 0
812 1 826822 3799
813 0 20496874 0
814 0 18677920 0
815 0 19007859 0
816 0 18535353 0
817 0 19461170 0
818 0 19021020 0
819 0 21356819 0
820 1 1067081 4913
821 0 20295784 0
822 1 923374 4234
823 0 19459321 0
824 0 19592101 0
825 0 22251028 0
826 1 592469 2709
827 0 18366819 0
828 0 19040564 0
829 0 22596549 0
830 0 19064274 0
831 1 653303 2995
832 0 22839920 0
833 0 21128608 0
834 1 594130 3078
835 1 1019098 4675
836 1 756375 3472
837 0 20405022 0
838 0 20595294 0
839 1 1250191 5653
840 0 18724097 0
841 0 15750144 0
842 1 1071318 4925
843 1 743066 3405
844 0 18887556 0
845 1 871852 4005
846 0 18748738 0
847 0 20890476 0
848 0 18559435 0
849 0 21093496 0
850 1 516225 2334
851 0 22213070 0
852 0 19762210 0
853 1 195362 874
854 1 747375 3424
855 0 19404185 0
856 1 1275281 5826
857 0 19447604 0
858 1 1005462 4601
859 1 962640 4417
860 0 19485835 0
861 1 946297 4341
862 0 19355091 0
863 0 21955785 0
864 0 22126787 0
865 0 22580711 0
866 1 29629 105
867 1 1428016 6609
868 1 999881 4607
869 0 19053019 0
870 1 1071343 5588
871 0 18931730 0
872 1 1344078 6159
873 0 18554600 0
874 1 1005168 4643
875 0 15866537 0
876 0 15686539 0
877 0 20151884 0
878 1 897514 4104
879 0 21116885 0
880 1 1046037 4819
881 1 1257112 5814
882 0 20687650 0
883 0 20090247 0
884 1 584063 2679
885 1 869954 4018
886 0 19308186 0
887 1 761589 3504
888 0 20590902 0
889 0 15271045 0
890 0 18721535 0
891 0 15508321 0
892 1 1254175 5734
893 1 665718 3064
894 0 19883763 0
895 1 391823 1785
896 1 741571 3422
897 0 16706770 0
898 0 20723744 0
899 0 18932554 0
900 0 20453816 0
901 0 21165182 0
902 0 15360248 0
903 0 20596983 0
904 0 20314574 0
905 0 19946606 0
906 1 922797 4114
907 1 738520 3411
908 0 19600187 0
909 0 19745191 0
910 1 620952 2850
911 0 16028167 0
912 0 19543898 0
913 0 20442046 0
914 1 136021 597
915 0 19693286 0
916 0 18548886 0
917 1 748996 3890
918 1 1327636 6143
919 0 19676638 0
920 0 15710619 0
921 1 768207 3520
922 0 22199856 0
923 1 469834 2150
924 0 19692676 0
925 0 19437338 0
926 0 22712159 0
927 0 22107168 0
928 0 21010088 0
929 1 1125256 5188
930 1 180535 818
931 0 20590534 0
932 1 529279 2422
933 0 20272776 0
934 0 19428863 0
935 1 1054603 4844
936 0 22462704 0
937 0 20209203 0
938 1 890699 4060
939 1 334877 1525
940 1 642706 2947
941 1 598607 2737
942 1 1531233 7022
943 1 489148 2243
944 0 19765176 0
945 1 785374 3598
946 0 20266484 0
947 0 19095667 0
948 0 18571301 0
949 1 1024114 4693
950 0 19508636 0
951 0 20907935 0
952 1 1052425 4818
953 1 970823 4453
954 0 19777193 0
955 0 20288196 0
956 0 20735645 0
957 0 19254492 0
958 1 765067 3506
959 1 784549 3628
960 0 19018606 0
961 1 702890 3642
962 0 21374764 0
963 0 15871706 0
964 0 20755776 0
965 0 19944140 0
966 0 19590380 0
967 0 15568619 0
968 1 806478 3703
969 1 790026 3629
970 1 757192 3470
971 0 21330289 0
972 1 1029744 4751
973 1 138078 618
974 0 19074760 0
975 0 19014354 0
976 1 611482 2798
977 1 851162 3919
978 0 18808804 0
979 1 602663 2767
980 0 19453476 0
981 0 20372432 0
982 0 22105818 0
983 0 22097466 0
984 0 22449429 0
985 1 728709 3352
986 0 22734210 0
987 0 22780219 0
988 0 17829051 0
989 0 22254637 0
990 0 15844678 0
991 0 20674236 0
992 1 913801 4203
993 0 22580833 0
994 0 22382072 0
995 0 21963913 0
996 1 456338 2086
997 0 22701473 0
998 0 22682368 0
999 1 795077 3652
1000 0 22708662 0
1001 0 22256234 0
1002 0 20331086 0
1003 1 602534 2770
1004 0 22587604 0
1005 1 786353 3631
1006 1 742124 3419
1007 0 22158305 0
1008 0 15645455 0
1009 1 1872238 8581
1010 1 303669 1391
1011 0 22529290 0
1012 0 22714319 0
1013 1 284238 1356
1014 1 1016189 5329
1015 0 22175030 0
1016 0 20347670 0
1017 0 21139682 0
1018 1 748488 3432
1019 0 20059807 0
1020 0 15663654 0
1021 1 1057234 4876
1022 0 20463141 0
1023 0 19201966 0
1024 0 22199969 0
1025 0 19149665 0
1026 0 19186850 0
1027 0 19683154 0
1028 0 19168304 0
1029 0 15785935 0
1030 0 20074868 0
1031 1 654685 3000
1032 0 20609676 0
1033 0 15765553 0
1034 1 845844 3891
1035 1 1743296 8024
1036 1 631529 2885
1037 0 19625443 0
1038 1 879344 4038
1039 1 922516 4239
1040 0 19620636 0
1041 0 20588921 0
1042 1 1169509 5396
1043 0 19942431 0
1044 0 19495492 0
1045 0 15465835 0
1046 0 20177420 0
1047 0 20088930 0
1048 1 1106065 5792
1049 0 20243500 0
1050 0 18818001 0
1051 1 394768 2035
1052 0 21331534 0
1053 1 880571 4040
1054 1 764610 3472
1055 1 569717 2606
1056 0 19864203 0
1057 1 695246 3190
1058 1 416688 1914
1059 0 19131087 0
1060 0 19193285 0
1061 1 1620882 7452
1062 1 1744416 8048
1063 0 20049141 0
1064 0 21142210 0
1065 1 1150150 5320
1066 0 19427840 0
1067 1 425189 1942
1068 0 19187847 0
1069 0 19234669 0
1070 0 22199981 0
1071 0 20448284 0
1072 0 19286869 0
1073 0 19516076 0
1074 1 1251144 5761
1075 0 18973776 0
1076 1 503535 2619
1077 1 122086 548
1078 1 563749 2601
1079 1 950023 4385
1080 0 19119932 0
1081 0 19314012 0
1082 1 696753 3202
1083 0 22614509 0
1084 0 15415331 0
1085 0 20150742 0
1086 1 321441 1419
1087 0 19636483 0
1088 1 246118 1104
1089 0 15623549 0
1090 1 289031 1303
1091 0 18681955 0
1092 1 229889 1018
1093 0 19026906 0
1094 0 18707088 0
1095 1 225245 1015
1096 0 21745024 0
1097 0 15878665 0
1098 1 912569 4759
1099 0 20099826 0
1100 1 1422138 6570
1101 0 22044153 0
1102 0 20190807 0
1103 1 553005 2540
1104 0 19349319 0
1105 0 19008828 0
1106 1 351004 1579
1107 1 666650 3068
1108 1 834193 3832
1109 0 21969574 0
1110 1 819181 3760
1111 1 1050923 5514
1112 1 671511 3089
1113 0 20604826 0
1114 0 19267717 0
1115 0 18619930 0
1116 0 19516923 0
1117 1 1076120 4961
1118 1 566069 2604
1119 1 1360610 6256
1120 0 18776967 0
1121 1 1891165 8742
1122 0 15774046 0
1123 1 887564 4090
1124 0 18842549 0
1125 1 968393 4455
1126 0 19472379 0
1127 0 19101864 0
1128 1 784119 3585
1129 0 19111570 0
1130 0 22173426 0
1131 0 22631164 0
1132 1 1251137 5722
1133 1 493658 2252
1134 1 316728 1446
1135 0 21082017 0
1136 1 664040 3449
1137 0 18999007 0
1138 0 20604841 0
1139 1 1165901 5322
1140 1 873411 4005
1141 1 701797 3208
1142 1 235684 1068
1143 1 1292043 5931
1144 0 19449249 0
1145 0 20195143 0
1146 1 553872 2533
1147 0 19188130 0
1148 0 18840807 0
1149 0 18675244 0
1150 0 18761967 0
1151 0 21577705 0
1152 1 419422 1887
1153 1 1677801 7671
1154 0 21909661 0
1155 0 22884593 0
1156 0 21266992 0
1157 0 20177109 0
1158 0 15658320 0
1159 1 545541 2487
1160 0 18727948 0
1161 1 731732 3349
1162 1 729945 3364
1163 0 19524021 0
1164 1 1106686 5089
1165 0 19231380 0
1166 0 18158633 0
1167 0 19501531 0
1168 0 19289755 0
1169 1 738643 3380
1170 1 838830 3869
1171 1 1578698 7290
1172 1 665488 3483
1173 0 18345626 0
1174 0 20150107 0
1175 0 18924433 0
1176 0 18743048 0
1177 0 19808044 0
1178 1 1204642 5555
1179 1 784897 3620
1180 1 513835 2361
1181 0 18648619 0
1182 1 466262 2412
1183 1 616108 2837
1184 0 20205430 0
1185 0 20020935 0
1186 0 22225667 0
1187 1 1142620 5250
1188 0 19369190 0
1189 0 18935867 0
1190 0 15310262 0
1191 1 277232 1259
1192 1 222797 1005
1193 1 770399 3555
1194 1 222634 1014
1195 0 18708299 0
1196 1 366726 1898
1197 0 19866416 0
1198 1 1067375 4893
1199 0 19889385 0
0 0 20983663 0
1 1 901758 4148
2 1 435425 1997
3 0 20626798 0
4 1 483322 2211
5 1 267317 1223
6 0 19237162 0
7 0 22315428 0
8 0 22201972 0
9 0 19529119 0
10 0 19623237 0
11 1 279670 1264
12 1 872896 4021
13 1 592430 2734
14 0 22108700 0
15 0 20794329 0
16 0 20580869 0
17 1 347642 1580
18 0 15736934 0
19 1 868616 4540
20 0 19228462 0
21 1 763007 3470
22 1 1273207 5854
23 1 724037 3329
24 0 18341940 0
25 0 20889852 0
26 0 15732550 0
27 1 1322968 6070
28 0 20021764 0
29 0 20304573 0
30 0 19470311 0
31 1 1022646 4660
32 0 21442103 0
33 0 20098339 0
34 0 19671838 0
35 0 20319916 0
36 1 1019318 4680
37 0 20807936 0
38 0 18859363 0
39 1 619425 3213
40 1 552187 2525
41 0 22448232 0
42 1 558080 2551
43 0 19066297 0
44 0 22440061 0
45 0 23205066 0
46 1 1194125 5473
47 0 21110174 0
48 0 15736396 0
49 0 19623393 0
50 0 19191751 0
51 1 649522 2965
52 1 518660 2711
53 0 18778841 0
54 0 19853764 0
55 1 366658 1648
56 0 22416430 0
57 0 22506044 0
58 0 22251666 0
59 1 626211 2833
60 0 15550140 0
61 1 145068 629
62 1 577822 2646
63 1 367694 1679
64 0 21953984 0
65 0 15754672 0
66 0 20161462 0
67 0 20673913 0
68 0 22247642 0
69 1 775655 3552
70 0 19417519 0
71 1 874395 4016
72 1 638867 2921
73 0 18781506 0
74 1 713032 3706
75 1 1101575 5046
76 1 602817 3091
77 0 18926900 0
78 0 21587164 0
79 1 171162 740
80 0 22346772 0
81 1 2113795 9699
82 0 21457064 0
83 1 866034 3956
84 1 915943 4206
85 1 977845 4492
86 0 22048812 0
87 0 23002261 0
88 0 15657841 0
89 1 603916 2749
90 0 15364117 0
91 1 1255721 5752
92 0 15839068 0
93 0 21328020 0
94 0 21082084 0
95 1 822189 3766
96 0 21490597 0
97 0 21616271 0
98 1 730323 3800
99 0 19420888 0
100 0 20022659 0
101 1 1155754 5303
102 0 18510169 0
103 0 15878536 0
104 0 15589482 0
105 1 792709 3654
106 1 911351 4208
107 0 20126740 0
108 0 18744828 0
109 0 19333531 0
110 1 828729 3789
111 0 19145744 0
112 0 18458259 0
113 0 19361057 0
114 1 743816 3427
115 1 466923 2144
116 0 19917732 0
117 1 762425 3494
118 1 600798 2767
119 0 19023171 0
120 0 21148814 0
121 1 570894 2974
122 0 20204725 0
123 1 819780 3775
124 1 814848 3767
125 0 19250651 0
126 0 15494381 0
127 1 587541 2708
128 1 598999 2755
129 1 395843 1760
130 0 18212803 0
131 0 18844922 0
132 0 20444754 0
133 0 18669601 0
134 1 49960 186
135 1 991575 4574
136 0 20841555 0
137 1 447278 2331
138 1 390068 1763
139 1 1071720 5617
140 1 176740 805
141 0 19748165 0
142 0 18737338 0
143 0 20483888 0
144 0 19185297 0
145 0 18553659 0
146 0 15444952 0
147 0 15730521 0
148 1 655073 3015
149 1 1463376 6772
150 0 18383916 0
151 1 942604 4331
152 0 20667247 0
153 0 19244381 0
154 0 15831746 0
155 0 19381071 0
156 0 18386941 0
157 0 15616272 0
158 0 20657741 0
159 1 462440 2105
160 1 662580 3055
161 0 19560305 0
162 1 730135 3360
163 0 20264232 0
164 1 604524 2772
165 0 19354500 0
166 1 1227628 6411
167 0 18712774 0
168 0 19049354 0
169 0 18664324 0
170 1 1383117 6371
171 0 19129823 0
172 1 399507 1834
173 0 20600634 0
174 0 19843131 0
175 0 18475228 0
176 1 1047925 4836
177 1 430400 1978
178 0 21184828 0
179 1 778636 3576
180 0 18574435 0
181 0 19993154 0
182 1 760593 3489
183 0 19041968 0
184 1 652636 3402
185 0 18698579 0
186 0 21967143 0
187 0 20971079 0
188 0 22964780 0
189 0 19202758 0
190 0 19471447 0
191 1 1252711 6537
192 0 19006634 0
193 1 1442507 6606
194 0 15740190 0
195 0 19521088 0
196 1 834506 3843
197 0 21693320 0
198 0 21150727 0
199 1 1001728 4598
200 1 993108 4586
201 0 19802879 0
202 0 22274340 0
203 1 47542 158
204 1 72288 321
205 0 20270699 0
206 0 18652211 0
207 0 19547615 0
208 0 22426811 0
209 0 17866891 0
210 1 1062769 4890
211 1 724731 3336
212 0 19314115 0
213 0 18631417 0
214 0 18870880 0
215 1 900038 4141
216 0 18823122 0
217 0 20856509 0
218 0 21700559 0
219 1 323104 1432
220 1 1105756 5104
221 0 20152265 0
222 1 846840 4408
223 1 1015820 4703
224 0 19222201 0
225 1 599660 2741
226 0 20107876 0
227 0 19446371 0
228 0 21229295 0
229 0 22227855 0
230 0 19654926 0
231 0 20240138 0
232 0 19419372 0
233 0 18785404 0
234 1 686426 3155
235 0 21796204 0
236 1 1648432 7668
237 0 15506931 0
238 0 19642282 0
239 0 19095680 0
240 0 19335767 0
241 0 22034990 0
242 0 18957906 0
243 0 15656179 0
244 0 19746105 0
245 0 19530336 0
246 0 22111345 0
247 0 20683097 0
248 0 20123633 0
249 1 1491358 6898
250 1 394868 1816
251 1 960310 4437
252 0 20271326 0
253 0 18956152 0
254 0 20487564 0
255 1 643626 2936
256 0 19715114 0
257 0 18821125 0
258 0 19452607 0
259 1 667668 3071
260 0 19520524 0
261 1 778133 3582
262 0 19038093 0
263 0 21433624 0
264 1 779358 3592
265 1 734067 3331
266 0 20530612 0
267 1 808173 4226
268 0 22582083 0
269 1 1590752 7347
270 0 20669053 0
271 1 607336 2767
272 0 21428955 0
273 0 21421698 0
274 0 20159618 0
275 1 443310 2025
276 1 2316215 10635
277 1 709060 3253
278 0 19723225 0
279 0 19817807 0
280 1 349797 1587
281 0 19900550 0
282 1 718582 3300
283 0 20558673 0
284 0 19547251 0
285 0 15553314 0
286 0 21896751 0
287 1 922252 4241
288 0 22619074 0
289 1 431899 1969
290 0 18248753 0
291 0 20877961 0
292 1 627316 3258
293 1 1150855 5313
294 0 22742701 0
295 0 21569804 0
296 1 1902210 8799
297 1 1173397 5409
298 0 15413899 0
299 0 20977638 0
300 0 15682219 0
301 1 614565 3214
302 1 608592 2802
303 0 18528202 0
304 0 22406492 0
305 0 21209108 0
306 0 19865344 0
307 0 20800921 0
308 0 19496024 0
309 1 70248 256
310 1 756583 3955
311 0 15395250 0
312 0 19459342 0
313 1 534305 2458
314 0 20904642 0
315 1 1465200 6772
316 1 867711 4006
317 1 817875 3774
318 0 21084278 0
319 0 19625236 0
320 0 15687982 0
321 0 18262833 0
322 1 472904 2095
323 0 20103238 0
324 0 18703341 0
325 0 21189745 0
326 0 19296432 0
327 0 20357017 0
328 1 943656 4349
329 0 21209820 0
330 1 487476 2236
331 0 20857584 0
332 0 20772084 0
333 0 18744585 0
334 1 441017 2013
335 0 18952607 0
336 1 660509 3030
337 0 20472513 0
338 1 1317592 6104
339 1 1042297 5463
340 0 18830229 0
341 0 20251685 0
342 0 15711698 0
343 1 679238 3114
344 0 19418939 0
345 1 362431 1656
346 0 19561275 0
347 1 737795 3362
348 1 1347816 6229
349 0 20627637 0
350 1 1253112 5785
351 0 19096981 0
352 0 18942369 0
353 0 19845622 0
354 1 548080 2479
355 0 20698053 0
356 0 20128656 0
357 0 19639780 0
358 1 612478 2797
359 0 19248843 0
360 0 20901932 0
361 0 19487510 0
362 1 529299 2407
363 0 19214662 0
364 1 537195 2450
365 1 1079329 4981
366 1 949377 4377
367 0 21640405 0
368 1 637401 2899
369 1 945329 4367
370 0 20268809 0
371 0 20888419 0
372 0 15331769 0
373 1 1971244 9062
374 0 20141826 0
375 1 1210894 5558
376 1 381521 1726
377 1 520182 2385
378 0 19530795 0
379 1 468362 2136
380 0 18533623 0
381 1 1027940 4734
382 0 19781403 0
383 0 19319850 0
384 0 19551985 0
385 0 19747903 0
386 0 18770530 0
387 1 775185 3570
388 1 835002 3862
389 1 953573 4403
390 0 19249405 0
391 0 20186368 0
392 0 20421137 0
393 1 167335 730
394 0 18858513 0
395 1 1127301 5193
396 1 849505 3928
397 0 19134932 0
398 0 21282175 0
399 1 404744 1853
400 0 22079386 0
401 1 975874 4468
402 0 18994708 0
403 1 498367 2278
404 0 20068649 0
405 0 20944663 0
406 1 752412 3917
407 0 20443925 0
408 0 19487051 0
409 1 650065 3401
410 1 1152077 5321
411 0 20178220 0
412 0 21350519 0
413 0 19125840 0
414 0 20636147 0
415 0 22264403 0
416 0 21595446 0
417 1 540996 2467
418 1 482213 2160
419 1 833871 3848
420 1 1441423 6641
421 0 21012457 0
422 0 19386408 0
423 1 353323 1622
424 1 634488 2929
425 0 22064477 0
426 0 19738830 0
427 0 19269777 0
428 0 19724183 0
429 1 671396 3083
430 0 19616817 0
431 0 19230689 0
432 1 965440 4413
433 1 634021 2918
434 1 1020733 4719
435 1 348982 1594
436 0 19025983 0
437 1 683532 3130
438 1 2042326 9462
439 0 19027149 0
440 0 21968687 0
441 0 20314646 0
442 0 19050115 0
443 1 1671406 7711
444 1 809346 3706
445 1 790634 3660
446 1 746354 3448
447 1 815360 3759
448 0 18889856 0
449 0 21697706 0
450 1 405466 1851
451 1 458005 2108
452 0 19818333 0
453 1 852848 3897
454 0 22100184 0
455 0 16611027 0
456 1 963752 4413
457 0 19770903 0
458 1 1003209 4573
459 1 1200342 5522
460 0 19270362 0
461 0 19679798 0
462 1 464380 2116
463 0 19962335 0
464 1 235327 1190
465 0 21714880 0
466 1 467451 2097
467 0 16964784 0
468 0 19862788 0
469 0 21716416 0
470 0 21711305 0
471 0 15557310 0
472 0 19838872 0
473 0 20487563 0
474 1 1266222 5824
475 1 2145598 9902
476 0 20136801 0
477 1 920085 4224
478 1 630554 2890
479 0 21541038 0
480 1 675651 3429
481 0 19650973 0
482 1 832771 3820
483 1 1144303 5218
484 1 1061755 4884
485 1 628777 2886
486 1 882633 4052
487 0 15795112 0
488 1 852221 3894
489 0 21308612 0
490 0 19800533 0
491 1 1115602 5122
492 1 888303 4057
493 1 1092593 5022
494 0 19822358 0
495 0 21345563 0
496 0 21579013 0
497 1 777158 3547
498 0 21130973 0
499 1 2049684 9430
500 1 406233 1858
501 1 642313 2943
502 0 21698396 0
503 1 1443408 6600
504 1 1051922 4834
505 0 19445255 0
506 1 310651 1403
507 0 21845395 0
508 1 1351996 6190
509 0 21032681 0
510 1 874986 4016
511 1 533171 2439
512 0 20396017 0
513 0 20229203 0
514 1 1648355 7578
515 1 1940464 8935
516 1 2114666 9767
517 0 22430761 0
518 0 20097922 0
519 0 21574158 0
520 0 20171127 0
521 0 23032485 0
522 0 19786821 0
523 0 15528227 0
524 0 19821340 0
525 1 528982 2388
526 1 926650 4240
527 0 20667363 0
528 1 962814 4400
529 1 913266 4182
530 0 22003710 0
531 0 15719383 0
532 0 22040500 0
533 0 21055930 0
534 0 20042552 0
535 1 845224 3876
536 1 689404 3166
537 0 20119282 0
538 1 66733 271
539 1 99210 436
540 1 722848 3328
541 0 20442056 0
542 1 399993 1818
543 1 490749 2250
544 0 22328125 0
545 0 19487319 0
546 0 19756667 0
547 0 22215738 0
548 1 860523 3935
549 0 20803592 0
550 1 652035 2972
551 0 19512731 0
552 0 19290872 0
553 0 20366700 0
554 1 1027440 4677
555 0 22374903 0
556 0 22578889 0
557 1 874682 3998
558 0 22495142 0
559 0 22693248 0
560 1 880449 4040
561 0 21800625 0
562 1 502725 2306
563 1 677595 3109
564 0 20512278 0
565 1 486080 2518
566 0 19812098 0
567 1 33860 118
568 0 20114618 0
569 0 21916086 0
570 0 22152580 0
571 0 22401414 0
572 0 20349046 0
573 1 723288 3316
574 1 678183 3103
575 0 19578297 0
576 0 20684026 0
577 1 161013 780
578 0 19257977 0
579 0 22407843 0
580 1 367384 1906
581 0 19220690 0
582 1 1172815 5424
583 0 18592145 0
584 0 20121179 0
585 1 714902 3283
586 1 124837 562
587 0 15459790 0
588 0 18943716 0
589 1 300816 1374
590 1 565693 2599
591 0 19054007 0
592 1 1244526 5756
593 1 395475 1812
594 1 80423 309
595 1 268975 1227
596 1 726947 3360
597 0 19242008 0
598 1 292706 1495
599 1 945667 4371
600 1 315871 1449
601 0 22382652 0
602 0 21562665 0
603 0 19309395 0
604 1 688808 3173
605 1 533288 2787
606 0 19786741 0
607 0 20030031 0
608 1 425632 1947
609 0 15520666 0
610 1 25059 73
611 1 153860 696
612 0 19491472 0
613 0 21956875 0
614 0 19639466 0
615 0 22222255 0
616 1 1707241 7882
617 1 828130 3825
618 1 995787 4607
619 0 20022110 0
620 1 754539 3470
621 0 18995700 0
622 0 19766784 0
623 0 20148377 0
624 0 15542372 0
625 0 19574262 0
626 0 21346466 0
627 1 811898 3744
628 0 19336726 0
629 1 986169 4547
630 0 18970615 0
631 0 19293469 0
632 1 626042 2877
633 1 545709 2502
634 0 19395666 0
635 1 248644 1121
636 0 19169517 0
637 1 239652 1071
638 1 946764 4372
639 0 19424768 0
640 0 19085388 0
641 1 379931 1719
642 0 21509780 0
643 1 895896 4130
644 0 18925464 0
645 1 905075 4163
646 1 927779 4288
647 1 807071 3711
648 0 19580958 0
649 0 15288490 0
650 1 420769 1929
651 1 212720 963
652 1 464430 2132
653 0 19576183 0
654 1 871821 4018
655 0 19165277 0
656 1 856738 3935
657 0 19836451 0
658 0 18936123 0
659 0 20148177 0
660 1 976557 4510
661 0 19021739 0
662 0 20814463 0
663 0 15357628 0
664 1 547184 2848
665 0 19615025 0
666 0 19160755 0
667 0 19623938 0
668 0 18827709 0
669 1 939076 4925
670 0 22328368 0
671 0 20348448 0
672 0 15467904 0
673 1 56243 243
674 1 712288 3279
675 1 1266028 5854
676 0 19882823 0
677 0 21770727 0
678 0 21462719 0
679 0 19186342 0
680 0 19598711 0
681 1 887511 4640
682 0 18444950 0
683 0 21180912 0
684 1 569208 2606
685 1 1549867 7182
686 1 989160 4570
687 0 19310213 0
688 1 881003 4069
689 1 725128 3344
690 0 15604678 0
691 0 19029248 0
692 0 21277114 0
693 0 20130002 0
694 1 1001445 4604
695 1 416490 1914
696 1 647528 2982
697 1 1174075 5419
698 1 792571 3655
699 0 20018124 0
700 1 1776850 8146
701 1 1350365 6242
702 1 905667 4182
703 1 371106 1701
704 0 22052633 0
705 0 21253733 0
706 1 611225 2802
707 1 647469 2980
708 0 19418093 0
709 0 18948021 0
710 0 19129711 0
711 1 1366971 6287
712 1 651935 3006
713 1 387183 1781
714 1 727277 3353
715 0 18614377 0
716 0 20338928 0
717 0 20438879 0
718 0 21942129 0
719 1 745619 3414
720 0 22232460 0
721 0 22286067 0
722 0 21374619 0
723 0 19679598 0
724 1 586005 2682
725 1 966451 4465
726 0 19766688 0
727 0 22449181 0
728 0 21742147 0
729 0 15827217 0
730 0 19709698 0
731 0 15585356 0
732 0 19981553 0
733 0 20496282 0
734 0 19964414 0
735 1 819389 3779
736 0 20774524 0
737 0 15907036 0
738 1 1149019 5320
739 1 1344130 6210
740 1 690077 3184
741 1 300258 1369
742 1 476647 2494
743 0 18688587 0
744 0 20259627 0
745 1 457202 2382
746 1 1029376 4760
747 0 18553913 0
748 0 19789657 0
749 0 20043287 0
750 1 300074 1353
751 1 1403849 6445
752 1 558460 2569
753 0 20040204 0
754 1 87614 357
755 0 18984390 0
756 1 562959 2580
757 0 19269789 0
758 0 15504516 0
759 1 1369936 6328
760 0 21381784 0
761 1 953093 4393
762 0 18847408 0
763 0 19709832 0
764 1 1251574 5752
765 0 23051687 0
766 0 20898124 0
767 1 690680 3169
768 1 919791 4240
769 0 20626965 0
770 0 20040688 0
771 0 19186617 0
772 0 23092616 0
773 0 21836008 0
774 0 21230495 0
775 1 289207 1279
776 0 19485616 0
777 0 19602809 0
778 0 19176079 0
779 0 19006106 0
780 1 470901 2441
781 1 1099368 5050
782 0 18578340 0
783 0 19562620 0
784 0 19073636 0
785 1 855883 3931
786 1 759353 3507
787 0 19440366 0
788 1 453710 2078
789 0 19377335 0
790 0 19178111 0
791 0 19126958 0
792 1 1202330 5503
793 1 662912 3061
794 1 859161 3971
795 0 19587065 0
796 1 855403 3926
797 1 836928 4398
798 1 963585 4455
799 0 21809758 0
800 0 22385180 0
801 1 1026790 4711
802 1 402525 1841
803 1 942139 4342
804 1 728978 3829
805 0 15544621 0
806 0 22518102 0
807 1 824287 3739
808 1 851959 3898
809 1 728908 3814
810 0 20544854 0
811 1 1466491 6734
812 1 844578 3888
813 1 210329 955
814 0 19741918 0
815 1 591190 2681
816 0 18937114 0
817 0 20632557 0
818 0 19571354 0
819 0 19572103 0
820 0 18145964 0
821 1 839347 3849
822 1 1004547 4622
823 1 813374 3730
824 1 887294 4064
825 1 1713177 7876
826 1 727512 3337
827 1 1030211 4726
828 0 22054144 0
829 0 22791779 0
830 1 1104474 5074
831 1 479312 2486
832 1 344437 1567
833 0 22269383 0
834 1 1182631 6185
835 1 1527522 7003
836 1 2008438 9269
837 0 15562770 0
838 1 576754 2637
839 0 19759618 0
840 0 15652739 0
841 1 82336 349
842 1 819686 3769
843 1 758542 3477
844 0 19623128 0
845 0 22814785 0
846 0 22161355 0
847 0 19467631 0
848 0 21715449 0
849 0 15635214 0
850 1 490232 2241
851 1 902485 4734
852 1 1797924 8268
853 1 335851 1533
854 1 786453 3580
855 1 204437 921
856 0 19217268 0
857 1 189076 836
858 1 1181189 5410
859 0 17985358 0
860 0 19475038 0
861 0 18721250 0
862 0 19764247 0
863 0 19547048 0
864 0 19392996 0
865 0 15557438 0
866 1 1137014 5177
867 0 19764972 0
868 1 429331 1958
869 1 675333 3102
870 0 22696214 0
871 1 657885 3020
872 0 20441050 0
873 1 702432 3208
874 1 1423205 6553
875 1 450828 2045
876 0 19235523 0
877 1 688126 3145
878 0 19100603 0
879 0 21158109 0
880 1 766538 3524
881 1 1102356 5062
882 1 267263 1215
883 0 20176866 0
884 1 433895 1958
885 1 1079248 4960
886 0 19324326 0
887 1 284866 1296
888 0 20324163 0
889 1 1151244 5300
890 1 345078 1577
891 0 21806742 0
892 0 19921872 0
893 1 27462 90
894 1 1625674 7475
895 1 352394 1608
896 0 22796241 0
897 0 20849561 0
898 0 21567881 0
899 1 634501 2894
900 1 51846 216
901 0 19297694 0
902 0 19971794 0
903 1 395355 1791
904 1 961666 4440
905 0 19654277 0
906 0 20122491 0
907 1 483515 2212
908 1 1038203 5461
909 0 19016508 0
910 0 21542468 0
911 0 20272742 0
912 0 19374531 0
913 1 773606 3553
914 1 647884 2988
915 1 502646 2287
916 0 19783143 0
917 0 19733338 0
918 1 278434 1258
919 0 19337854 0
920 0 15626519 0
921 0 19588547 0
922 1 98864 415
923 1 1106944 5107
924 0 21495889 0
925 0 20497460 0
926 0 15523856 0
927 0 19372525 0
928 0 15786866 0
929 0 21303336 0
930 0 21228443 0
931 1 523894 2387
932 0 19753076 0
933 0 20142324 0
934 1 249806 1099
935 1 667616 3073
936 0 18875230 0
937 1 987897 5165
938 1 11319 35
939 1 855240 3950
940 1 436424 2005
941 1 926527 4267
942 0 18696595 0
943 1 633759 2923
944 0 18604881 0
945 0 18812364 0
946 0 19016596 0
947 0 19829453 0
948 0 19197386 0
949 0 18888305 0
950 1 633446 2902
951 0 21473557 0
952 0 19540428 0
953 0 20193479 0
954 1 989377 4554
955 0 20110713 0
956 0 22772252 0
957 1 525927 2400
958 1 726575 3336
959 1 882006 3817
960 1 1086839 4992
961 1 899853 4145
962 1 1251866 5760
963 0 19524721 0
964 1 35773 124
965 1 847230 3880
966 0 19302432 0
967 1 667200 3037
968 0 18970424 0
969 1 109476 488
970 1 62571 264
971 0 19439712 0
972 0 20098938 0
973 0 19363867 0
974 0 19241106 0
975 0 22594065 0
976 0 20669606 0
977 0 21137371 0
978 0 19787423 0
979 0 22197579 0
980 1 559698 2896
981 1 114510 512
982 1 1239717 5699
983 0 20123886 0
984 0 19810972 0
985 0 19223220 0
986 0 17881402 0
987 1 473896 2160
988 0 21373968 0
989 1 901812 4722
990 0 20810310 0
991 0 15468057 0
992 0 20264531 0
993 1 1294332 5959
994 1 658489 3010
995 0 19659368 0
996 0 15399032 0
997 0 19193285 0
998 1 914517 4181
999 1 747329 3430
1000 1 650870 2989
1001 0 20336723 0
1002 0 22666432 0
1003 1 965806 4413
1004 0 23117114 0
1005 1 2428857 11171
1006 0 21520017 0
1007 0 20311182 0
1008 0 15518981 0
1009 0 19780157 0
1010 0 22004049 0
1011 1 642413 3357
1012 0 18780698 0
1013 0 19803770 0
1014 0 19945154 0
1015 1 877293 4031
1016 1 469515 2158
1017 0 20892227 0
1018 1 708513 3710
1019 0 18800660 0
1020 1 417141 1906
1021 0 15636633 0
1022 0 20048045 0
1023 0 22805555 0
1024 0 19267952 0
1025 1 820973 3763
1026 1 650060 2957
1027 1 749919 3456
1028 0 19749705 0
1029 1 857808 3911
1030 1 625241 2877
1031 0 18668529 0
1032 1 725071 3331
1033 0 19072069 0
1034 1 350270 1783
1035 1 287645 1312
1036 1 998982 4596
1037 1 866833 3987
1038 0 22164327 0
1039 1 159938 808
1040 1 1267707 5827
1041 1 779768 3553
1042 1 925953 4244
1043 0 19325768 0
1044 0 20171770 0
1045 0 22457883 0
1046 0 19140425 0
1047 0 21301286 0
1048 0 19673634 0
1049 0 19555278 0
1050 0 20794910 0
1051 0 20247464 0
1052 0 20446628 0
1053 1 632896 2884
1054 0 22359374 0
1055 0 20861564 0
1056 0 17716829 0
1057 0 21295938 0
1058 0 21446703 0
1059 0 22775726 0
1060 1 571649 2590
1061 1 728438 3345
1062 0 18962402 0
1063 1 1523999 7021
1064 0 19115163 0
1065 1 956036 4387
1066 1 309329 1404
1067 0 21431630 0
1068 0 15675503 0
1069 1 1173868 6119
1070 0 20238129 0
1071 0 20550970 0
1072 1 890755 4074
1073 1 1000731 4605
1074 0 20417754 0
1075 1 1335913 6135
1076 0 21142740 0
1077 1 1039397 4743
1078 1 787864 3613
1079 1 1042133 4800
1080 0 21605420 0
1081 0 19487494 0
1082 0 21781574 0
1083 0 19450015 0
1084 0 15678825 0
1085 0 19032061 0
1086 1 875903 4036
1087 0 21057552 0
1088 0 20817639 0
1089 0 20907098 0
1090 0 20650484 0
1091 0 20948673 0
1092 0 15584720 0
1093 1 8022 20
1094 1 528052 2400
1095 0 15725947 0
1096 0 19528316 0
1097 0 21893600 0
1098 1 810004 3696
1099 0 15557886 0
1100 1 78152 296
1101 0 19363876 0
1102 0 19505140 0
1103 0 15526432 0
1104 1 727967 3352
1105 0 19178098 0
1106 1 655642 2982
1107 0 20335334 0
1108 0 20968759 0
1109 1 592899 2682
1110 1 1765018 8135
1111 1 252505 1157
1112 1 474726 2188
1113 0 21480602 0
1114 0 19638698 0
1115 1 406362 1864
1116 0 19548466 0
1117 1 418546 1904
1118 0 19015276 0
1119 0 20181342 0
1120 0 19683764 0
1121 1 887055 4074
1122 1 546028 2501
1123 1 916759 4228
1124 1 852032 3928
1125 1 691150 3182
1126 0 20208352 0
1127 0 20097802 0
1128 1 985643 4538
1129 1 66737 324
1130 1 2120694 9784
1131 0 19505857 0
1132 1 685734 3139
1133 0 22733437 0
1134 0 21118525 0
1135 0 18723498 0
1136 0 18693818 0
1137 1 818477 3765
1138 0 18848521 0
1139 0 18930062 0
1140 1 1048985 4841
1141 1 1192615 5512
1142 0 15707200 0
1143 0 19471184 0
1144 0 19304419 0
1145 1 533482 2454
1146 1 644701 2957
1147 0 15533645 0
1148 0 19332376 0
1149 0 20612848 0
1150 0 19060505 0
1151 0 18450367 0
1152 1 861425 3970
1153 1 612192 2820
1154 0 19637811 0
1155 1 960367 4430
1156 1 660603 3051
1157 0 18807704 0
1158 1 863440 3988
1159 0 19397954 0
1160 0 20170730 0
1161 1 830178 4338
1162 0 20006293 0
1163 1 474791 2178
1164 1 772460 3547
1165 0 19271874 0
1166 0 20035953 0
1167 0 19607897 0
1168 0 19352433 0
1169 1 425988 1944
1170 1 644448 2968
1171 1 1031015 4760
1172 0 20369122 0
1173 0 20914172 0
1174 0 19760620 0
1175 1 520175 2630
1176 0 20688471 0
1177 0 19053597 0
1178 0 20656462 0
1179 1 638461 2898
1180 1 873871 4020
1181 0 15855148 0
1182 1 516973 2667
1183 0 19428773 0
1184 0 19084529 0
1185 1 460776 2109
1186 0 22269238 0
1187 0 20666561 0
1188 0 23026933 0
1189 1 1039128 4793
1190 1 553611 2554
1191 1 1316263 6091
1192 0 21039406 0
1193 1 1171726 5403
1194 0 21083127 0
1195 0 20673339 0
1196 0 19105735 0
1197 0 20190597 0
1198 1 939616 4331
1199 0 21851195 0
