# N1 = 66889
# N2 = 104723
# N  = 7004816747
# Nc = 80000
# Na = 1000
# Fc = 0.997
# kB = 512
#
# run	success	duration[mus]	usedNa
0	0	19556604	0
1	0	15468113	0
2	1	9896145	5480
3	1	9320672	5016
4	0	19470320	0
5	0	21737532	0
6	0	20832835	0
7	0	22302832	0
8	0	19372914	0
9	0	18850642	0
10	0	18773210	0
11	0	18703791	0
12	0	15430878	0
13	0	19374340	0
14	0	19072449	0
15	0	16109077	0
16	0	19673619	0
17	0	20958711	0
18	0	17870205	0
19	1	5850141	3042
20	0	19809483	0
21	0	15415624	0
22	1	9677789	5059
23	0	19103884	0
24	0	18987727	0
25	1	17455667	9685
26	0	19231863	0
27	1	3535326	1533
28	1	3476405	2263
29	0	18799391	0
30	0	20996727	0
31	0	20642353	0
32	0	19185892	0
33	0	19605656	0
34	0	15417886	0
35	0	19850749	0
36	1	7627780	4519
37	0	19749897	0
38	1	7031688	2910
39	0	21832022	0
40	0	22062588	0
41	0	16882886	0
42	0	21019445	0
43	1	419986	272
44	0	20040378	0
45	1	14001845	8211
46	0	15453677	0
47	1	14475280	9444
48	1	14860402	7586
49	0	20123716	0
50	0	15451343	0
51	0	19729097	0
52	1	11212640	7344
53	0	15444998	0
54	0	19730911	0
55	0	22801939	0
56	1	4065186	2668
57	1	5053431	3325
58	0	19738396	0
59	1	71818	44
60	1	2223039	1447
61	0	15414549	0
62	0	20807699	0
63	0	20167769	0
64	1	12012049	7893
65	1	2898443	1335
66	0	19268015	0
67	0	21440945	0
68	1	14587695	4747
69	1	20389845	9256
70	0	19728215	0
71	0	19908199	0
72	0	20149925	0
73	0	20650071	0
74	1	13246316	6680
75	0	18952416	0
76	0	19778818	0
77	0	19851745	0
78	1	16733866	8371
79	1	8513742	5599
80	0	20750233	0
81	1	13831941	7797
82	1	4031007	1506
83	0	22230118	0
84	0	17708804	0
85	0	21543515	0
86	0	20762513	0
87	0	20238455	0
88	1	5146224	3368
89	0	19094746	0
90	1	8393038	4493
91	0	18218772	0
92	0	19013500	0
93	0	19477860	0
94	0	21924484	0
95	0	21062407	0
96	0	20366685	0
97	1	17286569	9586
98	0	19010544	0
99	0	19367074	0
100	1	7521139	4454
101	1	11944596	7789
102	0	18726374	0
103	0	22724202	0
104	0	19981597	0
105	0	19160769	0
106	0	19982239	0
107	0	19663145	0
108	0	20275396	0
109	0	19192121	0
110	0	19806735	0
111	0	21407498	0
112	1	13246562	5601
113	0	19988396	0
114	0	16191871	0
115	0	19835068	0
116	0	15390736	0
117	1	6334853	4114
118	1	16951325	9609
119	0	19520319	0
120	0	22132446	0
121	1	11412020	4832
122	0	15436657	0
123	1	9532444	6228
124	0	20061670	0
125	0	19115525	0
126	0	19936241	0
127	1	13408474	6714
128	1	2610579	1710
129	1	1039771	678
130	0	19468874	0
131	0	22105798	0
132	0	19327835	0
133	1	2083577	1366
134	0	18729773	0
135	0	18925671	0
136	0	20046753	0
137	0	19428500	0
138	1	3849304	2513
139	0	19381547	0
140	1	9401548	6122
141	1	9122343	5953
142	0	19046134	0
143	1	1125656	731
144	0	20754122	0
145	0	19113147	0
146	0	19759333	0
147	0	19704638	0
148	0	19608298	0
149	0	21364249	0
150	0	21753145	0
151	0	20662679	0
152	0	18647568	0
153	0	20384025	0
154	0	19787991	0
155	1	1666706	1079
156	1	856994	559
157	1	719804	470
158	1	12524691	8212
159	0	21730821	0
160	0	19690744	0
161	0	21300425	0
162	0	15602752	0
163	0	19263829	0
164	0	19978969	0
165	1	1059904	693
166	0	22465395	0
167	0	21069355	0
168	0	15436223	0
169	0	20397241	0
170	0	20495953	0
171	1	6134382	4039
172	0	20134121	0
173	0	19267797	0
174	0	15402372	0
175	0	21707189	0
176	0	19412158	0
177	0	19473950	0
178	1	712140	317
179	0	18875324	0
180	1	6830724	3914
181	0	19669088	0
182	0	19452970	0
183	0	18873972	0
184	1	9159838	5963
185	1	12137397	7287
186	1	3688756	2426
187	0	20168046	0
188	0	15471067	0
189	0	18870500	0
190	0	19554323	0
191	0	19363791	0
192	0	15412070	0
193	0	19525155	0
194	0	19777655	0
195	0	19343615	0
196	1	513977	267
197	1	4464464	1984
198	1	1000338	641
199	0	19000776	0
200	1	5257426	2355
201	0	15483162	0
202	0	20161300	0
203	0	18777498	0
204	0	15430355	0
205	0	15431369	0
206	0	19840568	0
207	1	7513040	4914
208	1	1121474	731
209	0	18633454	0
210	0	22128317	0
211	0	21221531	0
212	0	19067477	0
213	0	19542496	0
214	0	19633915	0
215	0	18387384	0
216	0	21648046	0
217	1	8788996	5719
218	0	19695876	0
219	1	2870033	1486
220	0	19531202	0
221	1	9962503	6499
222	0	20261626	0
223	0	20162853	0
224	0	19777660	0
225	0	20646881	0
226	1	5246664	2374
227	1	2681557	1220
228	0	21248327	0
229	0	20014136	0
230	1	6252599	4111
231	0	19520119	0
232	0	19543042	0
233	0	20672944	0
234	0	15431702	0
235	1	3276628	2112
236	0	20225402	0
237	0	19924551	0
238	1	825003	534
239	0	19790328	0
240	1	3288650	2145
241	0	21053949	0
242	1	12508379	6277
243	0	19374854	0
244	0	22466745	0
245	0	20428595	0
246	0	19273629	0
247	0	20191494	0
248	0	20745965	0
249	1	10758840	7014
250	1	5910169	3309
251	0	19425890	0
252	0	20457732	0
253	1	2921020	1794
254	0	19246597	0
255	1	14121791	9287
256	0	19374099	0
257	0	15424383	0
258	1	18387790	7095
259	0	21268523	0
260	0	22607921	0
261	0	18931036	0
262	0	22553170	0
263	0	21778300	0
264	1	4404131	2885
265	0	20055996	0
266	0	20838992	0
267	0	20649087	0
268	0	19232384	0
269	1	10419665	6840
270	1	10531235	6607
271	1	13767478	9045
272	0	17335116	0
273	0	20103888	0
274	0	18818035	0
275	0	19970773	0
276	0	19987664	0
277	0	19077448	0
278	1	14081580	7798
279	1	8272228	5448
280	0	19052846	0
281	0	19441685	0
282	1	1779097	1154
283	0	17182935	0
284	0	19631709	0
285	0	19498396	0
286	0	22520472	0
287	0	21264501	0
288	1	21004010	8893
289	1	14760751	9690
290	0	19088410	0
291	1	12183002	8007
292	0	22857283	0
293	0	21019409	0
294	1	12525828	8216
295	0	20975533	0
296	0	16304274	0
297	1	11198006	7274
298	0	19900890	0
299	1	6152591	4034
300	0	21501882	0
301	0	20149288	0
302	1	17013946	9520
303	0	20096263	0
304	0	19458431	0
305	1	182672	113
306	0	21884319	0
307	0	18176448	0
308	0	15428672	0
309	0	19593551	0
310	1	2052351	937
311	0	20333523	0
312	0	20133138	0
313	0	19610794	0
314	1	5578739	2997
315	1	690608	451
316	0	20786787	0
317	1	531153	344
318	0	19486408	0
319	1	8982974	3785
320	0	20467740	0
321	1	13254249	8710
322	1	1305219	592
323	0	19610788	0
324	0	21619754	0
325	0	22594028	0
326	0	22058154	0
327	0	19652108	0
328	0	19555089	0
329	0	19532133	0
330	0	19882041	0
331	1	13415489	8828
332	1	10716738	6948
333	0	20190319	0
334	0	20804373	0
335	0	22746766	0
336	0	15467016	0
337	1	1763722	1145
338	0	22830758	0
339	0	22833060	0
340	1	14179912	9206
341	1	10587926	4795
342	1	8569461	4206
343	1	1730010	1129
344	0	15413105	0
345	0	20137156	0
346	1	11958574	7850
347	1	7217825	4738
348	1	5361467	3335
349	0	20486938	0
350	1	10455960	6862
351	0	22815983	0
352	1	15757110	8656
353	0	20290745	0
354	1	13713311	8872
355	0	15495663	0
356	1	17561204	7962
357	0	19142690	0
358	0	18824015	0
359	0	19238049	0
360	0	19216727	0
361	0	22827908	0
362	0	15409173	0
363	1	4631797	3007
364	0	21071396	0
365	0	21146147	0
366	0	20935244	0
367	0	21867019	0
368	1	11224057	5411
369	0	18860622	0
370	0	19150778	0
371	0	19242066	0
372	0	19706057	0
373	0	19259273	0
374	0	18820096	0
375	1	14968027	8490
376	1	9243246	6052
377	0	19322054	0
378	1	4591185	3019
379	1	828112	406
380	1	10725888	6403
381	0	20146357	0
382	1	1924799	875
383	0	19599023	0
384	0	20404912	0
385	0	20608499	0
386	0	20545441	0
387	1	608516	391
388	0	20929951	0
389	0	20255981	0
390	0	19089022	0
391	0	15431385	0
392	1	16904317	6251
393	0	22828921	0
394	0	21848673	0
395	0	21472373	0
396	0	15430127	0
397	0	20587871	0
398	0	17885229	0
399	1	6723795	4407
400	0	19019031	0
401	0	19015949	0
402	0	17112604	0
403	0	21372772	0
404	0	22804176	0
405	0	16125499	0
406	1	9148316	4317
407	0	20830606	0
408	1	7812055	3325
409	0	20068307	0
410	0	22664372	0
411	0	19782975	0
412	0	17224625	0
413	0	19628388	0
414	1	7618713	4998
415	0	19533390	0
416	0	15465496	0
417	0	22799676	0
418	0	21287912	0
419	1	6661315	4366
420	0	20780926	0
421	0	20249355	0
422	0	22381005	0
423	1	14721763	9691
424	1	4277164	2354
425	1	11577695	6993
426	0	20210674	0
427	0	20581606	0
428	0	19767347	0
429	0	20270056	0
430	0	22353241	0
431	1	12815238	8422
432	0	21199104	0
433	0	17248460	0
434	0	19293021	0
435	0	19748580	0
436	0	21312839	0
437	0	19730620	0
438	0	20400987	0
439	1	14687543	9649
440	1	1067619	358
441	0	19760302	0
442	0	19416794	0
443	0	20019152	0
444	0	15427763	0
445	0	19051840	0
446	0	19310055	0
447	1	4891322	3218
448	0	21483559	0
449	0	21552463	0
450	0	22720186	0
451	0	22109026	0
452	0	19084998	0
453	0	19557288	0
454	0	19408207	0
455	0	22830164	0
456	0	17083822	0
457	0	21635991	0
458	0	21042751	0
459	1	1888242	775
460	0	22570493	0
461	1	1504889	901
462	0	19522423	0
463	0	22711744	0
464	0	22823289	0
465	1	15648881	6870
466	0	20183387	0
467	1	14345418	6867
468	0	19205587	0
469	0	21724424	0
470	1	11600141	7539
471	0	20309212	0
472	1	9198686	4621
473	0	21905109	0
474	0	22820578	0
475	0	20789753	0
476	1	4315736	2832
477	0	20545342	0
478	1	11485614	7541
479	0	19276846	0
480	0	18891761	0
481	0	20300671	0
482	0	19716685	0
483	0	22716781	0
484	0	19429331	0
485	0	19815579	0
486	1	4149913	2023
487	1	483580	313
488	1	10504877	6911
489	1	9145647	6009
490	0	18993834	0
491	1	8722997	5722
492	0	19430965	0
493	0	20695173	0
494	0	19437393	0
495	1	1177960	762
496	0	22453634	0
497	1	21569	8
498	0	15433889	0
499	0	19564090	0
500	0	21927139	0
501	0	17813661	0
502	0	19779060	0
503	0	19733743	0
504	0	22539228	0
505	1	12909081	5782
506	1	3376603	1544
507	0	20888833	0
508	0	21470646	0
509	0	20231488	0
510	0	22847094	0
511	0	19856910	0
512	1	9483822	6204
513	1	1561082	604
514	0	19955303	0
515	0	22121421	0
516	0	19296164	0
517	0	19060983	0
518	0	20661136	0
519	0	19385879	0
520	0	19433987	0
521	1	16547266	8260
522	0	22595101	0
523	1	7220059	4682
524	1	4092368	2625
525	1	5631465	3696
526	1	13496347	8866
527	0	17184075	0
528	0	22753135	0
529	0	22294634	0
530	1	6803041	4475
531	0	19157125	0
532	0	20360760	0
533	0	19065291	0
534	1	11208726	6416
535	0	22324058	0
536	0	15411125	0
537	0	20295530	0
538	1	11658668	7571
539	1	17605921	7101
540	0	21246543	0
541	0	22832922	0
542	0	22771926	0
543	1	13627012	8943
544	0	22796583	0
545	0	22855059	0
546	0	22417046	0
547	0	21474946	0
548	1	19860704	8895
549	1	13495535	8684
550	0	20028743	0
551	1	13834399	9072
552	0	21212932	0
553	0	20239181	0
554	0	19595245	0
555	0	18934253	0
556	1	4708174	3062
557	0	21821292	0
558	1	11044644	7169
559	0	19320531	0
560	0	19542133	0
561	1	12155587	8005
562	0	19919543	0
563	0	18706127	0
564	0	22151985	0
565	1	5487136	2327
566	0	20386869	0
567	0	19404483	0
568	1	13150687	8630
569	1	7754627	4194
570	0	18782761	0
571	1	11771907	7638
572	0	18742746	0
573	1	622013	402
574	1	13379846	5846
575	0	15462560	0
576	0	20411527	0
577	1	7861374	3586
578	1	1072880	619
579	1	10653314	6967
580	0	19426307	0
581	0	19544768	0
582	0	15459885	0
583	0	18811328	0
584	0	19537464	0
585	1	15490410	7684
586	1	5146660	3354
587	0	18921298	0
588	1	5092248	3323
589	0	15499510	0
590	1	1458591	949
591	0	18771644	0
592	0	20118086	0
593	0	15428213	0
594	0	19768274	0
595	1	6714395	4371
596	0	22698686	0
597	1	12915086	8306
598	0	20472858	0
599	0	20042638	0
600	1	2339958	1527
601	0	19372075	0
602	0	20767034	0
603	1	2705167	888
604	1	14840608	9688
605	1	2286209	1503
606	1	2978106	1943
607	0	15455810	0
608	0	19490512	0
609	0	19231995	0
610	1	825546	426
611	0	22184900	0
612	1	10337030	6726
613	0	19921434	0
614	1	16407746	8307
615	0	17540774	0
616	1	2972981	1955
617	0	19468502	0
618	0	21966777	0
619	0	21718083	0
620	1	9950558	6553
621	0	20011021	0
622	1	6532857	3192
623	0	20640711	0
624	0	20473825	0
625	0	20586325	0
626	1	4606231	3009
627	0	19240863	0
628	0	18954879	0
629	1	8517047	5588
630	0	19524632	0
631	0	20182913	0
632	1	1219334	795
633	1	9981076	5592
634	1	1927221	1108
635	1	6873602	3760
636	0	19232678	0
637	0	19545028	0
638	0	20628724	0
639	0	20225158	0
640	1	7051985	3421
641	1	1975991	1279
642	0	19874002	0
643	0	19803757	0
644	0	19560878	0
645	1	12578961	8200
646	1	10255654	6122
647	0	20175457	0
648	1	6062831	3623
649	0	19510400	0
650	0	22023098	0
651	1	14918462	9839
652	0	19622495	0
653	1	8917065	4324
654	0	20033252	0
655	0	19208330	0
656	0	18431349	0
657	1	9591249	6292
658	0	19107674	0
659	0	19287130	0
660	1	15383853	7117
661	1	10785202	7018
662	0	20914232	0
663	1	2851101	980
664	1	13060104	6374
665	0	18779278	0
666	0	19838783	0
667	0	15442892	0
668	0	19104764	0
669	0	19981285	0
670	0	17702487	0
671	0	20087686	0
672	0	19530199	0
673	1	15664775	6398
674	0	22424593	0
675	1	16826495	7136
676	0	19813158	0
677	1	2535063	1642
678	0	18549676	0
679	1	4134571	2699
680	0	20914802	0
681	0	15487790	0
682	1	1338709	879
683	1	4144591	2702
684	0	19821072	0
685	0	20085086	0
686	0	19726536	0
687	1	13268919	8130
688	0	19560055	0
689	1	12521198	8168
690	0	17787932	0
691	0	15395329	0
692	0	21228480	0
693	0	20616833	0
694	0	15403919	0
695	1	10363392	6742
696	0	19597308	0
697	0	19936641	0
698	0	19511298	0
699	0	19729194	0
700	0	19709561	0
701	0	19247573	0
702	1	10882489	5092
703	0	18605414	0
704	0	19025136	0
705	1	235216	151
706	0	19039508	0
707	0	19257397	0
708	0	19890266	0
709	0	15439989	0
710	0	22691270	0
711	1	14040509	9121
712	0	15425901	0
713	0	21039858	0
714	0	19569474	0
715	0	20721612	0
716	1	3425806	2225
717	0	20922233	0
718	0	18002245	0
719	0	20383830	0
720	1	15376676	6996
721	1	2337712	995
722	1	2192238	1319
723	0	19689977	0
724	0	20317886	0
725	0	21675531	0
726	0	20444553	0
727	1	130465	73
728	0	22396037	0
729	0	20821417	0
730	0	16681586	0
731	0	19641266	0
732	0	20361266	0
733	0	20074339	0
734	0	18943017	0
735	0	18839307	0
736	0	15466871	0
737	1	17456261	9640
738	0	18948546	0
739	0	19472443	0
740	0	22815034	0
741	0	20151512	0
742	0	19455640	0
743	0	19004947	0
744	1	2455978	1602
745	0	18832076	0
746	0	20052031	0
747	0	20275720	0
748	0	19600682	0
749	0	19595004	0
750	0	20380947	0
751	1	7886079	5182
752	1	3434224	1736
753	0	19722761	0
754	0	17211280	0
755	0	15446304	0
756	0	19433472	0
757	0	19402112	0
758	0	22390722	0
759	1	10834164	4746
760	1	9388981	4200
761	0	19853152	0
762	1	7355551	4798
763	1	19001722	7982
764	1	17102419	8367
765	1	10003933	5228
766	1	7090808	3667
767	0	19159601	0
768	1	3450741	1991
769	0	22278094	0
770	1	14973497	9813
771	0	22261507	0
772	1	144730	85
773	0	20310689	0
774	1	13208480	8668
775	0	18863407	0
776	0	20901349	0
777	0	19492534	0
778	0	19592032	0
779	0	19602134	0
780	1	5029296	2466
781	0	17993572	0
782	0	19717093	0
783	0	15418608	0
784	0	18661318	0
785	1	2656661	1725
786	1	9237513	4423
787	0	19191798	0
788	0	19811113	0
789	1	14842297	9705
790	0	19402954	0
791	0	19087256	0
792	0	21842138	0
793	0	20414366	0
794	0	21179787	0
795	1	999409	654
796	1	2853417	1874
797	0	19280100	0
798	0	19432748	0
799	0	19824930	0
800	1	4384913	2361
801	1	3359662	1778
802	1	2882315	1846
803	0	19607058	0
804	0	19445296	0
805	1	16625889	9193
806	1	9537614	6218
807	0	19600241	0
808	0	18613853	0
809	0	22321436	0
810	0	19844522	0
811	0	21622019	0
812	0	18020305	0
813	0	20053048	0
814	1	3219218	1855
815	1	4510857	2946
816	0	18611245	0
817	0	19378737	0
818	0	22464905	0
819	0	22674955	0
820	1	14208476	9235
821	1	9588444	6257
822	1	14555653	9508
823	0	19222462	0
824	0	21936159	0
825	0	21015098	0
826	0	19398151	0
827	0	19464167	0
828	0	19254527	0
829	0	18895412	0
830	1	5869390	3829
831	1	12974657	6371
832	0	22348536	0
833	0	20320352	0
834	0	19873643	0
835	1	2612431	1717
836	0	19760994	0
837	1	2650179	1331
838	1	317433	134
839	0	15463353	0
840	0	16017842	0
841	0	19057761	0
842	1	10668517	6952
843	0	19123748	0
844	0	21060794	0
845	0	19448977	0
846	0	19676708	0
847	1	14487773	9457
848	0	18743681	0
849	0	20694554	0
850	0	16554298	0
851	0	15435810	0
852	1	1991719	823
853	0	19675716	0
854	1	7174349	3499
855	0	15489786	0
856	1	4737976	2305
857	0	18570436	0
858	1	6838096	4453
859	1	4671025	3056
860	0	19060784	0
861	1	8429338	5499
862	1	12478048	6587
863	1	1069096	692
864	0	19289614	0
865	0	19462447	0
866	1	14991352	9774
867	1	4809816	1697
868	0	21839469	0
869	1	3256537	2125
870	0	15479096	0
871	0	19599298	0
872	0	19806604	0
873	1	18567247	9154
874	1	10289134	4956
875	0	19107743	0
876	1	3618870	2339
877	0	19388641	0
878	0	22664431	0
879	0	15437937	0
880	0	19040700	0
881	0	15483480	0
882	0	20111626	0
883	0	19469392	0
884	0	18285936	0
885	0	18886268	0
886	1	6405807	2942
887	0	18712290	0
888	1	4894674	2418
889	1	13756315	6067
890	1	9536589	4960
891	1	1109920	707
892	1	19551860	9908
893	0	18920661	0
894	0	21449905	0
895	1	3928859	2564
896	0	19366141	0
897	0	19654414	0
898	1	9438084	4371
899	1	5240643	3436
900	1	13171169	8596
901	1	4228046	1938
902	0	15455683	0
903	0	16983827	0
904	0	15527815	0
905	0	19721144	0
906	1	2660716	863
907	0	20842276	0
908	0	19439873	0
909	0	15425882	0
910	0	19818492	0
911	0	20891203	0
912	1	16477954	8686
913	0	15410474	0
914	0	21179663	0
915	1	10707446	7053
916	1	4722380	3063
917	0	22111520	0
918	1	640989	415
919	1	9265317	6080
920	0	22157569	0
921	1	2389762	1550
922	0	20235564	0
923	1	716992	354
924	1	7255397	3056
925	1	908336	595
926	0	19992067	0
927	0	19827843	0
928	0	20435845	0
929	0	22842044	0
930	0	22720483	0
931	0	20621020	0
932	1	888311	577
933	1	14375556	6778
934	1	4690422	2139
935	0	20407373	0
936	0	19869574	0
937	0	19845967	0
938	0	19735247	0
939	1	14655811	9630
940	0	21216600	0
941	1	10395094	6838
942	1	6754687	4356
943	1	13186010	7824
944	1	13361054	8770
945	1	14661076	9632
946	0	21903692	0
947	1	15809805	7696
948	1	5083073	2498
949	0	22314519	0
950	0	20148598	0
951	0	20708492	0
952	0	15415062	0
953	0	22625577	0
954	1	11647399	5528
955	0	20094655	0
956	0	19675197	0
957	0	22312738	0
958	1	13958950	9186
959	0	18753741	0
960	1	19913633	9197
961	0	19746591	0
962	0	19507086	0
963	0	19022161	0
964	0	19297865	0
965	1	12754048	8370
966	1	7297666	4788
967	0	19252772	0
968	0	19507201	0
969	0	19550844	0
970	0	19674974	0
971	0	19284191	0
972	0	21355465	0
973	1	3237956	2111
974	0	20580672	0
975	0	18085543	0
976	0	20509904	0
977	0	22201618	0
978	1	1671426	1094
979	0	19995341	0
980	0	15421098	0
981	0	19680402	0
982	1	14864270	9742
983	1	6519530	4176
984	0	20293522	0
985	0	19780421	0
986	0	19506762	0
987	0	22797027	0
988	0	21257737	0
989	0	22115465	0
990	0	22738660	0
991	1	14801380	7324
992	1	1177965	766
993	0	17805836	0
994	0	22485172	0
995	0	20107168	0
996	0	18251623	0
997	1	8024808	4207
998	0	19404878	0
999	1	8247280	5336
1000	1	6909634	3930
1001	1	18194569	9257
1002	0	19330006	0
1003	0	18902235	0
1004	1	6819089	4420
1005	0	19832220	0
1006	1	6704893	4355
1007	1	7510365	3785
1008	0	18765849	0
1009	0	15483723	0
1010	0	20677758	0
1011	0	19805881	0
1012	1	2643384	1726
1013	1	1128435	738
1014	0	15484508	0
1015	1	6655012	4384
1016	0	19813423	0
1017	0	15446719	0
1018	0	15493514	0
1019	0	20446194	0
1020	0	19145054	0
1021	1	18785504	9962
1022	0	19322664	0
1023	0	19638941	0
1024	0	19362524	0
1025	0	20295872	0
1026	0	22830854	0
1027	0	20303465	0
1028	0	21875307	0
1029	0	22471978	0
1030	0	18355508	0
1031	0	19054408	0
1032	0	18951821	0
1033	0	19979059	0
1034	0	19491558	0
1035	0	22470567	0
1036	0	20855821	0
1037	1	2882182	1873
1038	0	20588727	0
1039	0	21885862	0
1040	0	22746815	0
1041	0	22779579	0
1042	1	2713660	1756
1043	0	21294006	0
1044	0	20916739	0
1045	0	20005122	0
1046	0	19595108	0
1047	0	22756620	0
1048	0	22785653	0
1049	1	5167991	3389
1050	0	18654228	0
1051	1	7693172	4962
1052	0	19966210	0
1053	0	15447084	0
1054	0	17291557	0
1055	1	10915843	5226
1056	0	19320158	0
1057	1	12792401	6712
1058	0	18677104	0
1059	0	19039684	0
1060	0	19237324	0
1061	0	15452996	0
1062	1	8541333	4909
1063	0	20066959	0
1064	1	13730980	9034
1065	0	20108708	0
1066	0	19470817	0
1067	0	15436888	0
1068	1	5286126	2343
1069	0	18888334	0
1070	1	6170506	3972
1071	0	19709931	0
1072	0	15433226	0
1073	1	1428511	933
1074	0	18940665	0
1075	0	18867954	0
1076	0	20042738	0
1077	0	17987339	0
1078	1	3254069	2125
1079	0	18940684	0
1080	0	19272469	0
1081	0	15454502	0
1082	0	19765282	0
1083	0	19723336	0
1084	1	9582593	4917
1085	0	19721367	0
1086	0	21353195	0
1087	1	6145923	4007
1088	1	6881194	4492
1089	0	19321416	0
1090	0	20090240	0
1091	0	19420851	0
1092	0	18985280	0
1093	0	21126893	0
1094	1	14926115	7725
1095	1	13291	6
1096	0	18653673	0
1097	0	22460690	0
1098	0	19944788	0
1099	1	9733966	6343
1100	0	19364900	0
1101	0	19131493	0
1102	0	22418245	0
1103	0	20676222	0
1104	1	12253714	6108
1105	1	657442	428
1106	1	5133761	2624
1107	0	18830707	0
1108	0	19156890	0
1109	1	8052489	5142
1110	1	9792586	5462
1111	0	20476251	0
1112	0	15472131	0
1113	0	20773292	0
1114	0	20164607	0
1115	0	19049867	0
1116	1	13717975	8953
1117	0	18830809	0
1118	0	19745447	0
1119	0	19223539	0
1120	0	18734910	0
1121	0	20344774	0
1122	1	7966080	5198
1123	1	16592934	7896
1124	1	4939669	3243
1125	0	22856339	0
1126	1	19215806	9643
1127	0	19815195	0
1128	1	6579173	2749
1129	0	20268175	0
1130	0	22545177	0
1131	0	19344098	0
1132	0	22327814	0
1133	0	19664728	0
1134	0	19348040	0
1135	0	20243043	0
1136	0	19515755	0
1137	0	20895861	0
1138	1	3147234	1748
1139	1	4859784	3195
1140	0	19666496	0
1141	0	15432909	0
1142	0	20046924	0
1143	0	19404068	0
1144	0	15435182	0
1145	0	22532322	0
1146	0	21608857	0
1147	0	22821051	0
1148	0	21612256	0
1149	0	20274970	0
1150	1	18389086	9718
1151	1	7809070	3780
1152	0	19542739	0
1153	0	20396690	0
1154	1	14011895	7547
1155	1	16302200	8233
1156	1	4529225	2180
1157	0	20049690	0
1158	1	8168081	5377
1159	0	19569804	0
1160	0	19525845	0
1161	0	19944443	0
1162	1	11709702	7697
1163	1	9740498	6397
1164	0	15430493	0
1165	1	8008348	5174
1166	0	17025960	0
1167	1	3239461	2129
1168	0	20443643	0
1169	1	5997847	2698
1170	0	19437430	0
1171	0	20985507	0
1172	0	21089522	0
1173	0	21062617	0
1174	0	19008612	0
1175	0	19160978	0
1176	0	20223090	0
1177	0	22569192	0
1178	0	21733223	0
1179	1	20133448	8336
1180	0	22541911	0
1181	1	194077	63
1182	1	9298993	6119
1183	0	21413857	0
1184	1	3034572	1927
1185	0	19565663	0
1186	0	18813247	0
1187	0	20441861	0
1188	1	4826340	3134
1189	1	6476729	4189
1190	1	15880371	7984
1191	0	15413653	0
1192	1	1107648	633
1193	0	21572206	0
1194	1	6881936	4446
1195	1	3528092	1863
1196	0	15403058	0
1197	0	20599273	0
1198	0	19262675	0
1199	1	5931122	3003
