# N1 = 66889
# N2 = 104723
# N  = 7004816747
# Nc = 80000
# Na = 1000
# Fc = 0.997
# kB = 4096
#
# run	success	duration[mus]	usedNa
0	0	20689855	0
1	1	14550125	9488
2	0	19361515	0
3	0	21076304	0
4	0	20000856	0
5	0	19661371	0
6	1	9268256	6039
7	0	22651646	0
8	1	202461	128
9	0	22659509	0
10	0	15442741	0
11	1	523414	340
12	0	15426632	0
13	0	22719412	0
14	0	18864202	0
15	0	22584885	0
16	0	17905806	0
17	1	13800689	9100
18	1	16585630	7962
19	1	6552483	4277
20	0	19710694	0
21	1	4180480	2693
22	0	17341449	0
23	0	19679124	0
24	1	1938786	1258
25	0	18986164	0
26	0	19980582	0
27	1	1903819	702
28	0	20325481	0
29	1	4647342	3010
30	0	19814293	0
31	1	8242281	5364
32	1	13366480	8712
33	0	18942425	0
34	0	19134618	0
35	0	16244693	0
36	0	19220662	0
37	1	5955847	2845
38	0	19211080	0
39	0	19911857	0
40	0	19323738	0
41	0	19225148	0
42	0	16578697	0
43	1	19267461	8967
44	1	6066867	3955
45	0	21742122	0
46	0	15710291	0
47	1	10645951	5400
48	1	3064127	1362
49	0	18753124	0
50	1	16100230	6648
51	1	2966271	1924
52	0	19617204	0
53	0	22169432	0
54	1	5258901	3432
55	0	19766367	0
56	0	19696156	0
57	1	6035178	3933
58	1	8174462	5330
59	0	19132853	0
60	0	19628007	0
61	0	15452872	0
62	0	19486650	0
63	1	998409	495
64	0	19602264	0
65	0	19592614	0
66	0	20052790	0
67	1	9368178	5607
68	0	15423288	0
69	0	20053387	0
70	0	19976090	0
71	0	19366091	0
72	0	15415041	0
73	0	19466208	0
74	1	13098108	8539
75	0	22723784	0
76	0	20686471	0
77	1	13704997	4813
78	0	22720085	0
79	0	22698811	0
80	0	17028461	0
81	0	21051373	0
82	1	273277	177
83	1	10309669	6712
84	1	10346078	6753
85	1	5963362	2906
86	1	5622040	3659
87	1	20091270	9817
88	0	20211394	0
89	1	7261343	4792
90	1	15191674	9912
91	0	22270081	0
92	0	19098548	0
93	1	4886246	3205
94	0	18944696	0
95	1	2866384	1842
96	0	19485911	0
97	0	18725232	0
98	1	5423289	2637
99	1	3045176	1983
100	0	19368529	0
101	0	19049959	0
102	1	4281540	2800
103	1	783245	322
104	1	5522113	3608
105	1	9241415	4747
106	1	3749565	2448
107	0	15440635	0
108	1	3155073	2051
109	1	15009949	9789
110	1	14725084	9587
111	0	19755583	0
112	0	15432733	0
113	0	19586233	0
114	0	15441663	0
115	1	16257841	9144
116	1	6287627	4134
117	0	21744534	0
118	0	21812005	0
119	1	12080221	7862
120	0	15417765	0
121	0	19471678	0
122	0	15489581	0
123	0	20395374	0
124	0	15406385	0
125	0	19754402	0
126	0	21787982	0
127	0	21010281	0
128	0	19357261	0
129	0	15437457	0
130	0	19193969	0
131	0	19678001	0
132	0	19036714	0
133	1	12392382	8081
134	0	19914038	0
135	0	15941407	0
136	0	19543060	0
137	0	20596383	0
138	1	17359213	8478
139	1	16806729	8491
140	1	6694136	4419
141	1	12282367	8100
142	0	19231698	0
143	0	20036518	0
144	0	19042385	0
145	0	19350604	0
146	0	22712254	0
147	0	22722032	0
148	0	19819341	0
149	1	1177357	768
150	0	20939193	0
151	0	20417097	0
152	0	20511287	0
153	0	19855399	0
154	1	3976574	2598
155	1	5220586	3404
156	1	10196809	6601
157	0	19119134	0
158	0	19693585	0
159	1	4496862	2175
160	0	21236005	0
161	0	15488684	0
162	0	20221469	0
163	0	15444178	0
164	0	19510834	0
165	0	15417496	0
166	1	2977580	1942
167	1	551827	358
168	1	3037122	1584
169	0	18927642	0
170	0	15442031	0
171	0	19984639	0
172	1	13107214	8567
173	0	19687953	0
174	1	16055221	9792
175	0	21879634	0
176	1	13982173	4609
177	0	21216607	0
178	0	20300184	0
179	0	15419203	0
180	1	4536224	1951
181	0	20772815	0
182	1	11420704	7451
183	0	22487829	0
184	0	20431805	0
185	0	21732491	0
186	0	20175627	0
187	0	20200550	0
188	0	20633744	0
189	1	2003039	1313
190	0	15411016	0
191	0	19831402	0
192	0	19424890	0
193	0	20160737	0
194	0	21827616	0
195	1	8563277	4378
196	1	5782017	3314
197	1	14871896	9700
198	0	19166223	0
199	1	2296007	1138
200	1	16252284	8877
201	0	18892566	0
202	0	19074393	0
203	0	18784518	0
204	0	19946902	0
205	0	19392100	0
206	0	19057764	0
207	1	4207107	1496
208	0	20103240	0
209	0	20109106	0
210	0	20576086	0
211	1	12032449	6681
212	1	2359309	1536
213	0	22723594	0
214	0	21936263	0
215	1	14901330	9711
216	0	22748826	0
217	0	21262222	0
218	0	19714831	0
219	1	17605454	8996
220	0	19496997	0
221	0	15412060	0
222	1	1573803	819
223	0	20194146	0
224	0	20526540	0
225	0	21025321	0
226	1	12153623	7885
227	0	21455404	0
228	1	128725	74
229	0	20041402	0
230	0	22721951	0
231	0	15426206	0
232	0	15489970	0
233	0	20458014	0
234	0	19249405	0
235	0	20493919	0
236	1	1155548	750
237	0	19425935	0
238	0	19642130	0
239	0	17235424	0
240	1	10476032	4935
241	1	821357	534
242	0	19082848	0
243	0	15450734	0
244	1	3956649	2593
245	1	4999024	3282
246	1	7542585	2453
247	0	15425007	0
248	0	22603086	0
249	0	18956582	0
250	0	21407478	0
251	0	20016673	0
252	0	19195307	0
253	0	18917719	0
254	0	19036521	0
255	0	20444117	0
256	0	20724168	0
257	0	19339580	0
258	1	11550440	4967
259	1	3618797	2340
260	0	20899280	0
261	0	19699261	0
262	0	18816218	0
263	1	4702673	2268
264	0	19994528	0
265	0	19778612	0
266	0	20026497	0
267	1	16726431	8674
268	0	20935883	0
269	0	20082379	0
270	0	19180804	0
271	0	19351066	0
272	0	20476871	0
273	0	18918009	0
274	0	18664394	0
275	0	19643544	0
276	0	18939490	0
277	0	18820828	0
278	0	19132955	0
279	1	2500043	1098
280	0	19666108	0
281	0	21187170	0
282	0	20004179	0
283	0	15431688	0
284	0	19586118	0
285	0	19834809	0
286	0	19155871	0
287	1	18872327	9858
288	0	19074114	0
289	0	22585755	0
290	1	10591360	5953
291	0	22245635	0
292	1	7934697	5219
293	1	10480005	6865
294	0	20185547	0
295	0	18832587	0
296	0	18446642	0
297	0	15421933	0
298	0	22599351	0
299	0	22233682	0
300	0	22671713	0
301	1	11545556	7602
302	0	19976675	0
303	0	20187821	0
304	0	21266179	0
305	0	15415114	0
306	0	21618586	0
307	0	21977287	0
308	1	5260035	3456
309	0	19853381	0
310	0	20613737	0
311	0	19387727	0
312	1	2871267	1881
313	0	20512110	0
314	0	20387631	0
315	0	20662763	0
316	0	18305785	0
317	0	22499487	0
318	0	20752251	0
319	1	5804808	3765
320	1	9739144	6285
321	1	6510413	4201
322	0	22829353	0
323	0	15415399	0
324	0	15460875	0
325	0	22757686	0
326	0	20750326	0
327	0	19897173	0
328	0	21912911	0
329	0	19740927	0
330	0	18457535	0
331	0	15418542	0
332	0	20055554	0
333	1	9464351	6226
334	0	16881803	0
335	0	20538775	0
336	0	22306963	0
337	0	17294515	0
338	0	21462019	0
339	1	2771075	1262
340	1	3897921	2563
341	0	19589334	0
342	0	15429197	0
343	0	20581299	0
344	0	19969095	0
345	0	15474392	0
346	0	20609908	0
347	1	5544656	3127
348	0	19604060	0
349	0	20584155	0
350	1	11455989	7541
351	1	5598507	2635
352	0	16389480	0
353	0	20818486	0
354	0	20698278	0
355	0	22630162	0
356	1	9042297	5859
357	1	10035487	6591
358	1	20574192	8656
359	0	15409816	0
360	0	19781526	0
361	0	21968181	0
362	0	20739552	0
363	1	6073288	3933
364	0	19893936	0
365	1	10074659	6603
366	1	14202789	9219
367	0	20635219	0
368	0	19882871	0
369	0	22844798	0
370	0	20148956	0
371	1	10517959	6910
372	1	13422148	8814
373	0	22837040	0
374	0	21653209	0
375	0	20758372	0
376	0	22824800	0
377	0	19754152	0
378	0	21576636	0
379	0	15425933	0
380	1	15207572	9972
381	0	19602838	0
382	0	18847622	0
383	0	20044860	0
384	0	20560172	0
385	0	20666730	0
386	1	3867308	2463
387	0	21073277	0
388	0	20022742	0
389	0	15414241	0
390	1	561225	180
391	0	22010072	0
392	0	18951059	0
393	1	16415482	9238
394	0	17922613	0
395	0	15415402	0
396	1	309395	99
397	0	22366823	0
398	0	19219078	0
399	0	19184384	0
400	0	22548269	0
401	0	21325205	0
402	1	13540897	6537
403	0	19438714	0
404	1	7055993	3234
405	0	20299113	0
406	0	22788385	0
407	0	21773867	0
408	1	10693748	6947
409	0	19937845	0
410	0	22825671	0
411	1	3256320	2136
412	1	3671763	2413
413	0	18035417	0
414	0	22664406	0
415	0	20804946	0
416	1	9291352	6045
417	0	20278349	0
418	0	19122964	0
419	0	20033204	0
420	0	20931706	0
421	0	19967827	0
422	0	22456599	0
423	0	19320175	0
424	0	15420276	0
425	1	15186998	8824
426	0	20022375	0
427	0	19925328	0
428	0	22285491	0
429	0	15480857	0
430	0	22761733	0
431	1	9383608	6106
432	1	7793012	5079
433	1	4820570	3143
434	0	19195198	0
435	1	11455180	7471
436	0	15432678	0
437	0	19909904	0
438	0	18927975	0
439	0	19341066	0
440	0	18804279	0
441	1	1006145	393
442	0	18849831	0
443	0	19370381	0
444	0	19340914	0
445	0	15422683	0
446	1	8561046	5581
447	0	19571332	0
448	0	15429949	0
449	0	15424425	0
450	0	19393792	0
451	0	20258696	0
452	0	19842937	0
453	1	13905155	9092
454	1	9820185	6448
455	0	19281718	0
456	0	16059383	0
457	0	19828979	0
458	1	8010430	5167
459	1	18577234	9437
460	0	20321868	0
461	0	19908735	0
462	1	12278488	5579
463	0	15469479	0
464	0	20120304	0
465	1	10461461	6885
466	1	5652	1
467	0	19030543	0
468	1	6902878	4525
469	0	21143328	0
470	1	4245096	2180
471	1	9934254	4839
472	0	19000212	0
473	1	7905228	5153
474	1	21227705	9189
475	0	15420918	0
476	0	21175562	0
477	0	20174295	0
478	1	17471240	9753
479	0	19691996	0
480	1	9351735	3237
481	0	20242117	0
482	1	3785427	1707
483	1	15279060	7840
484	0	20303567	0
485	1	2123482	1380
486	0	20270689	0
487	0	15415190	0
488	0	20688489	0
489	1	4877183	2205
490	1	3849252	2056
491	1	1238584	812
492	0	18823434	0
493	0	19380910	0
494	0	19419810	0
495	0	15418103	0
496	0	20376508	0
497	1	15524733	7271
498	1	235513	148
499	0	22253824	0
500	0	19659664	0
501	0	18867491	0
502	0	19781016	0
503	1	5981610	3904
504	1	8450343	5516
505	0	21542793	0
506	0	21997439	0
507	0	21924476	0
508	0	19326167	0
509	0	21783984	0
510	1	13907399	7461
511	1	5555639	2928
512	0	19078569	0
513	1	1256611	545
514	0	19590811	0
515	0	18737127	0
516	1	3472412	2264
517	1	4245973	2768
518	1	10442861	6778
519	1	67815	42
520	1	15275932	9912
521	1	2097098	1369
522	0	20050485	0
523	0	19584646	0
524	0	15437541	0
525	0	19505890	0
526	1	3445090	1513
527	0	18708743	0
528	1	8902669	4681
529	1	12403694	8113
530	0	19799856	0
531	0	22464607	0
532	1	3499431	2283
533	0	19804651	0
534	1	8486506	5532
535	0	19562810	0
536	0	19896035	0
537	1	2020493	1154
538	0	20840790	0
539	0	19124036	0
540	0	22561256	0
541	1	7155164	4688
542	0	15404580	0
543	0	19260169	0
544	0	19292380	0
545	0	15428518	0
546	0	19015590	0
547	1	4743939	2005
548	0	20337353	0
549	1	5151610	2789
550	0	18511319	0
551	0	22416244	0
552	0	19284654	0
553	0	15396839	0
554	1	1161271	754
555	1	3831384	2497
556	1	3955062	2573
557	0	19662977	0
558	0	18962160	0
559	1	6555776	4312
560	1	19676676	9835
561	1	9738863	4460
562	0	18943918	0
563	0	20967545	0
564	1	8402996	5462
565	1	8431950	3416
566	0	19966633	0
567	0	18879498	0
568	0	18737104	0
569	0	19283234	0
570	0	19243856	0
571	1	10788548	5074
572	0	20221785	0
573	1	2363004	1535
574	0	19374636	0
575	0	19194555	0
576	0	15477335	0
577	1	14485279	9454
578	1	9806457	5110
579	1	13883141	7817
580	1	6679699	4366
581	0	19233719	0
582	0	19101722	0
583	0	19260158	0
584	0	15460851	0
585	0	18957613	0
586	1	1120900	731
587	0	19946933	0
588	1	1612145	1052
589	0	19020842	0
590	0	19616131	0
591	0	22069359	0
592	0	21216737	0
593	0	19345837	0
594	0	19654085	0
595	1	5389354	3539
596	1	10737107	7070
597	1	13215480	8705
598	0	20930427	0
599	0	19631346	0
600	0	17093458	0
601	0	19861352	0
602	0	20195518	0
603	1	10607225	6962
604	1	10772367	3510
605	0	22824883	0
606	1	11532744	7573
607	1	223309	142
608	0	22823703	0
609	0	22823421	0
610	0	22807393	0
611	0	15453434	0
612	0	19332934	0
613	1	1962067	1287
614	1	5023387	3297
615	1	3087719	1515
616	0	19558152	0
617	1	11936044	6821
618	0	19394576	0
619	0	20438913	0
620	0	20891235	0
621	1	8607299	4078
622	0	17621347	0
623	0	21436512	0
624	1	3510655	2285
625	1	14702533	9549
626	1	941291	611
627	0	15415038	0
628	1	8934699	4559
629	1	9888201	6495
630	0	20346862	0
631	0	15435809	0
632	1	4098720	2585
633	0	19545763	0
634	1	601244	300
635	0	16662133	0
636	1	17266191	9428
637	0	19688444	0
638	0	22748320	0
639	0	21042573	0
640	0	22457703	0
641	0	15450377	0
642	1	20246981	9780
643	0	19348859	0
644	1	14354174	7371
645	0	19771926	0
646	0	20304794	0
647	0	19478464	0
648	0	18910823	0
649	1	14032602	7156
650	0	19530682	0
651	0	18946996	0
652	0	19199518	0
653	0	15404121	0
654	0	17961133	0
655	1	14946342	9784
656	0	21843087	0
657	1	3963995	2571
658	1	2934867	1921
659	0	18712020	0
660	0	15411842	0
661	1	1506683	724
662	0	20160189	0
663	0	18839480	0
664	0	22750151	0
665	0	21036045	0
666	0	21311582	0
667	0	21140280	0
668	0	19949825	0
669	0	15474398	0
670	0	19564801	0
671	0	19762784	0
672	0	19744433	0
673	0	19218476	0
674	1	8344017	5415
675	0	19006162	0
676	0	17189628	0
677	0	18949338	0
678	0	19214587	0
679	1	12547549	6374
680	0	15419122	0
681	1	12964845	8405
682	0	15422659	0
683	0	15418444	0
684	1	11659515	6335
685	0	19504839	0
686	0	22323364	0
687	0	22290672	0
688	0	22041502	0
689	1	2980063	1941
690	0	15418764	0
691	1	9331983	6075
692	0	18476440	0
693	1	13623201	8875
694	0	22370624	0
695	0	21541570	0
696	0	15409566	0
697	0	20569358	0
698	0	19939191	0
699	1	10777447	6991
700	0	19651961	0
701	1	9114492	5936
702	1	5166999	3347
703	1	5933276	3881
704	1	14054251	4967
705	1	11068226	7227
706	0	20991010	0
707	0	21106443	0
708	0	20666394	0
709	0	20343570	0
710	0	16177780	0
711	0	20645941	0
712	1	2608507	1700
713	0	20494601	0
714	0	20925070	0
715	1	14665507	9567
716	0	18763504	0
717	1	10156629	6616
718	0	15415492	0
719	0	19037750	0
720	1	9593212	6164
721	0	22765628	0
722	1	4375944	2884
723	0	20495989	0
724	1	9198818	4430
725	1	14373857	9378
726	0	16013596	0
727	0	20227042	0
728	0	19836469	0
729	0	20058604	0
730	0	19795357	0
731	1	9525984	4653
732	0	19453439	0
733	0	18663765	0
734	0	19375658	0
735	1	16081736	7722
736	0	15429046	0
737	0	19790477	0
738	1	2529775	1444
739	0	20005102	0
740	0	15446304	0
741	0	19253823	0
742	0	18955311	0
743	0	20774507	0
744	0	20370057	0
745	1	14140877	9181
746	1	13854923	6730
747	0	22730283	0
748	0	21824366	0
749	1	14396773	9395
750	0	15524377	0
751	0	19986728	0
752	0	19356166	0
753	0	21543477	0
754	0	20401334	0
755	0	20297547	0
756	1	3342388	2179
757	0	22741412	0
758	0	19785683	0
759	0	20054234	0
760	0	22741329	0
761	1	14348695	9455
762	0	15428194	0
763	1	1127247	541
764	0	19170590	0
765	1	1618173	1067
766	0	19363219	0
767	0	22243037	0
768	0	17540761	0
769	0	20990528	0
770	0	19602777	0
771	0	21199285	0
772	0	19730419	0
773	0	21088402	0
774	0	17461687	0
775	1	4460517	2924
776	1	10407945	6788
777	0	18969162	0
778	1	12107053	7931
779	0	15624474	0
780	1	13340426	7029
781	1	471028	208
782	0	19287078	0
783	1	111021	70
784	0	19391812	0
785	1	2388101	1404
786	0	18971290	0
787	0	15403307	0
788	1	8981049	5828
789	0	18724689	0
790	1	13473310	8759
791	0	21700249	0
792	1	5212927	3413
793	0	21494932	0
794	0	22108716	0
795	1	13267166	5493
796	0	19302845	0
797	0	21520650	0
798	1	10320171	6718
799	0	19575204	0
800	0	15588404	0
801	0	20234893	0
802	0	15404618	0
803	1	3279162	2133
804	0	20686797	0
805	0	21261817	0
806	0	15408500	0
807	0	19672014	0
808	0	19121213	0
809	0	22214608	0
810	0	22379554	0
811	0	20545800	0
812	1	20603541	9677
813	0	21884614	0
814	0	21302032	0
815	0	15427953	0
816	0	17590593	0
817	0	19964164	0
818	0	22278340	0
819	0	20481374	0
820	0	19492456	0
821	0	20069511	0
822	0	15464834	0
823	1	1702643	1110
824	0	19053030	0
825	0	18948280	0
826	0	19728598	0
827	1	11010907	7169
828	0	19191165	0
829	0	19304770	0
830	0	20420497	0
831	1	6934228	4498
832	1	12823539	8358
833	0	20008976	0
834	0	19746308	0
835	1	13463307	7596
836	0	15435107	0
837	0	20236606	0
838	0	20870966	0
839	0	20841949	0
840	0	19327523	0
841	1	4929722	3216
842	0	19464305	0
843	0	15423255	0
844	1	9198893	5988
845	1	3355281	2203
846	0	20173197	0
847	1	9649734	4608
848	0	19439040	0
849	1	4205873	1994
850	0	19377057	0
851	0	19464750	0
852	1	14107494	6952
853	0	20274030	0
854	1	8957875	5813
855	0	18878521	0
856	0	18708491	0
857	0	18117181	0
858	0	20167276	0
859	1	2333030	1498
860	0	19696202	0
861	1	13693226	8855
862	0	15408925	0
863	1	6823921	4463
864	0	19523950	0
865	1	6173762	4025
866	0	19284878	0
867	1	9375805	6098
868	0	20508336	0
869	0	21022428	0
870	1	8561366	5582
871	0	18802113	0
872	0	18984503	0
873	0	17901078	0
874	0	18690158	0
875	0	19007634	0
876	0	19069249	0
877	1	4067497	2646
878	1	8863987	5763
879	1	5210785	3399
880	0	19812684	0
881	0	18681293	0
882	1	1727185	835
883	0	20537408	0
884	0	20085348	0
885	0	22066341	0
886	0	15438952	0
887	0	21159576	0
888	1	4346069	2837
889	0	20780028	0
890	0	20416726	0
891	1	4233146	2749
892	0	19715515	0
893	0	20838036	0
894	0	20853499	0
895	0	22406259	0
896	0	16003401	0
897	0	20029519	0
898	0	22722145	0
899	0	20463752	0
900	1	16392171	8556
901	0	15412237	0
902	0	18706672	0
903	0	18742743	0
904	0	15421629	0
905	0	20034246	0
906	1	3090201	2015
907	0	19260219	0
908	0	18826498	0
909	0	15486351	0
910	1	1297220	838
911	0	19435550	0
912	0	19505431	0
913	0	22360985	0
914	0	20353662	0
915	0	22197704	0
916	0	22074307	0
917	1	2492298	815
918	0	21148261	0
919	0	20744466	0
920	0	21613243	0
921	1	15836924	7449
922	1	2048411	1334
923	1	284737	185
924	1	3161315	2061
925	1	10807086	7051
926	0	15450852	0
927	0	18559433	0
928	0	15403740	0
929	0	18764121	0
930	0	19404229	0
931	1	544827	357
932	1	3791133	2387
933	0	19003352	0
934	0	19105896	0
935	0	17917333	0
936	0	19630609	0
937	0	22567790	0
938	0	18205926	0
939	1	9930597	5444
940	1	3202687	1729
941	1	5181148	3400
942	0	19087551	0
943	0	15465634	0
944	0	19112912	0
945	1	143243	91
946	0	19185030	0
947	0	22550680	0
948	1	6712574	2289
949	0	20652847	0
950	0	19431671	0
951	0	15452436	0
952	1	4048970	2144
953	0	19236457	0
954	0	18583892	0
955	0	18318122	0
956	0	19401547	0
957	1	13388782	6706
958	0	15433236	0
959	0	16089629	0
960	1	2658374	1408
961	0	18919211	0
962	1	13989343	9111
963	1	3148797	1646
964	1	6754612	3127
965	1	15295888	8555
966	0	18975586	0
967	1	8749744	5757
968	0	19167037	0
969	0	19091734	0
970	0	19034861	0
971	0	21351131	0
972	1	7189588	4689
973	0	21678979	0
974	0	21612004	0
975	0	20364008	0
976	0	20253533	0
977	0	20184163	0
978	1	14803081	7853
979	0	22375408	0
980	0	15413525	0
981	0	20584173	0
982	1	7828590	5111
983	1	5965129	1962
984	0	22702397	0
985	0	22731354	0
986	0	22712588	0
987	0	22687598	0
988	0	15432267	0
989	1	4787845	3119
990	0	19842876	0
991	1	14164766	9187
992	0	20182404	0
993	1	2498504	1635
994	1	15066721	7407
995	1	12565550	6324
996	0	19017029	0
997	1	11129313	5540
998	0	19851168	0
999	0	18432416	0
1000	0	19450352	0
1001	1	13527767	6315
1002	0	20028806	0
1003	0	22712474	0
1004	0	16355222	0
1005	1	4977665	2981
1006	0	19298592	0
1007	0	18918094	0
1008	0	19839545	0
1009	1	4384849	2858
1010	1	1765889	852
1011	1	1639298	1068
1012	1	10750879	5665
1013	0	18452127	0
1014	0	19192258	0
1015	1	1665410	1093
1016	0	20422271	0
1017	1	10151863	6617
1018	0	19904550	0
1019	0	21957299	0
1020	0	15417523	0
1021	0	20413438	0
1022	1	5333344	3482
1023	0	19652445	0
1024	0	20630082	0
1025	0	21183484	0
1026	0	19136480	0
1027	0	18938706	0
1028	1	13355326	6972
1029	0	21231244	0
1030	0	15423140	0
1031	0	19872708	0
1032	0	15945065	0
1033	1	704330	448
1034	1	15215379	9920
1035	0	22636456	0
1036	0	18655146	0
1037	1	17702133	6681
1038	1	16984224	6336
1039	0	21972471	0
1040	0	22701239	0
1041	0	18909340	0
1042	0	19826214	0
1043	0	20000751	0
1044	0	20265236	0
1045	0	15445248	0
1046	0	22823298	0
1047	1	9634862	6269
1048	0	21214091	0
1049	0	20507107	0
1050	1	5617026	3112
1051	0	19485052	0
1052	0	19165701	0
1053	0	19352301	0
1054	1	5309291	3459
1055	0	19541960	0
1056	0	19548996	0
1057	0	18770314	0
1058	0	21564709	0
1059	0	19746733	0
1060	1	7455146	4827
1061	0	19707536	0
1062	0	22470372	0
1063	0	20277556	0
1064	0	19785435	0
1065	1	12604516	8182
1066	0	19204557	0
1067	0	19594335	0
1068	1	323424	204
1069	0	21636818	0
1070	1	12599103	7001
1071	0	18895813	0
1072	1	10133950	6678
1073	1	3364707	1576
1074	1	11250658	6016
1075	1	830446	397
1076	0	21309668	0
1077	0	20419911	0
1078	0	19764433	0
1079	0	15437580	0
1080	0	18971134	0
1081	1	10107648	6541
1082	1	12539820	8201
1083	0	20494021	0
1084	1	14201172	9259
1085	0	22653318	0
1086	1	11941216	7808
1087	1	14400159	8188
1088	1	12639312	5618
1089	0	21699785	0
1090	1	9603645	6251
1091	1	11830601	7745
1092	0	20469048	0
1093	1	2970567	1938
1094	0	15410388	0
1095	1	6874344	4489
1096	1	6068736	3964
1097	1	3603802	1635
1098	0	19568284	0
1099	1	6030975	3924
1100	0	22524984	0
1101	0	21864913	0
1102	0	15421480	0
1103	0	20604756	0
1104	1	18380978	9352
1105	0	19395749	0
1106	1	147746	89
1107	1	15423972	8088
1108	0	19782816	0
1109	1	6127995	4042
1110	0	22636774	0
1111	0	20622244	0
1112	1	2051869	1352
1113	0	18098543	0
1114	0	20850175	0
1115	1	1333654	619
1116	1	1659004	746
1117	0	20416432	0
1118	1	2078739	1365
1119	0	21722436	0
1120	1	6309139	4061
1121	0	22653202	0
1122	1	14024684	9209
1123	0	21380073	0
1124	1	13298284	8712
1125	0	15400703	0
1126	0	21799407	0
1127	0	21173324	0
1128	0	15412660	0
1129	1	13332379	8673
1130	0	18862202	0
1131	0	15459876	0
1132	0	19413794	0
1133	0	15499048	0
1134	0	18750661	0
1135	1	512282	333
1136	0	20132549	0
1137	0	18307329	0
1138	0	15402887	0
1139	1	3954028	1844
1140	0	19880635	0
1141	0	19632718	0
1142	0	20321972	0
1143	0	21928461	0
1144	1	5999650	3767
1145	1	5455931	2587
1146	0	20182437	0
1147	0	19629462	0
1148	0	21401111	0
1149	0	18552893	0
1150	0	18941106	0
1151	1	4893880	2230
1152	1	15470604	7816
1153	1	8172344	5372
1154	1	5541077	3622
1155	0	19213035	0
1156	0	19213443	0
1157	1	2880401	1200
1158	0	16343220	0
1159	1	13500659	6135
1160	1	12150561	7378
1161	1	1159625	751
1162	1	8187704	5386
1163	1	8414788	5452
1164	0	16848384	0
1165	1	442080	279
1166	0	19572536	0
1167	0	22312781	0
1168	1	3077122	2018
1169	1	3040652	1784
1170	0	15406179	0
1171	1	8710938	5658
1172	1	10703475	7048
1173	0	19749657	0
1174	0	19744392	0
1175	0	15424784	0
1176	1	1870480	989
1177	0	18812714	0
1178	0	18526131	0
1179	0	21998483	0
1180	0	21861294	0
1181	1	16048316	7183
1182	0	22627460	0
1183	0	19330882	0
1184	0	17686905	0
1185	0	15419228	0
1186	1	2909241	1909
1187	0	19063487	0
1188	0	19281717	0
1189	1	7869016	3789
1190	1	14788325	8385
1191	1	2352514	1290
1192	1	4935928	2531
1193	0	18889324	0
1194	0	19129842	0
1195	1	3097006	1345
1196	1	16998098	8155
1197	0	19617771	0
1198	0	19990521	0
1199	0	20189025	0
