# N1 = 66889
# N2 = 104723
# N  = 7004816747
# Nc = 80000
# Na = 1000
# Fc = 0.997
# kB = 3007.67
#
# run	success	duration[mus]	usedNa
0	1	1317852	6072
1	1	409557	1887
2	0	19660783	0
3	0	18643726	0
4	1	1155062	5317
5	0	18171847	0
6	1	1219379	5603
7	0	19314009	0
8	0	22392787	0
9	1	1137474	5955
10	0	19888203	0
11	1	749240	3447
12	0	19731747	0
13	1	138036	608
14	0	19383780	0
15	1	2122831	9842
16	1	604941	2794
17	1	1008846	5304
18	1	1302661	6023
19	0	19250358	0
20	0	19101063	0
21	0	19446441	0
22	1	1128678	5198
23	0	19305251	0
24	0	22006829	0
25	1	404121	1851
26	1	788430	3641
27	0	20992374	0
28	0	21851519	0
29	1	513880	2350
30	0	21529366	0
31	1	1065264	4870
32	0	19387092	0
33	1	484028	2221
34	1	993510	4592
35	1	852874	3924
36	0	19538952	0
37	0	19267023	0
38	1	957543	4410
39	1	1182328	5447
40	1	973844	4481
41	1	863298	3991
42	0	19212894	0
43	0	15325374	0
44	1	757412	3700
45	1	889758	4664
46	1	794545	3674
47	0	20133672	0
48	0	20316078	0
49	0	19133046	0
50	1	764389	3510
51	0	19089845	0
52	1	1225327	5647
53	1	823965	3809
54	0	21268933	0
55	0	19418430	0
56	1	1154398	5334
57	1	414746	1903
58	0	22191139	0
59	1	970094	4476
60	0	21334916	0
61	1	1067210	4920
62	1	1553581	7188
63	1	837012	3869
64	0	21165536	0
65	0	22693470	0
66	1	743798	3405
67	0	20550558	0
68	1	365760	1656
69	0	15429723	0
70	1	760476	3501
71	0	19254655	0
72	0	22286745	0
73	0	20693978	0
74	1	2033567	9418
75	0	15249291	0
76	0	19673691	0
77	1	918304	4223
78	0	22227778	0
79	1	1128766	5198
80	0	21196109	0
81	1	1468625	6792
82	1	1602069	7417
83	0	19647892	0
84	1	1068353	4926
85	0	15763150	0
86	1	998837	4605
87	0	19433225	0
88	0	19732114	0
89	1	466809	2107
90	0	20009050	0
91	1	1041024	4820
92	0	20737798	0
93	0	18973053	0
94	0	20271117	0
95	0	15668868	0
96	0	19806700	0
97	0	21162376	0
98	0	19273783	0
99	0	22889721	0
100	0	21377299	0
101	1	955980	4378
102	0	19358876	0
103	1	1094234	5046
104	0	19695754	0
105	0	20590839	0
106	1	2243242	10394
107	1	1850994	8572
108	0	22074519	0
109	0	21098789	0
110	0	21816197	0
111	0	21034574	0
112	0	20487292	0
113	1	405891	1847
114	0	19386826	0
115	1	796768	3683
116	1	1033357	4752
117	0	19198444	0
118	0	22101283	0
119	0	21878096	0
120	1	1446450	6691
121	1	450864	2080
122	0	19478993	0
123	0	15524251	0
124	1	1006104	4648
125	0	20604430	0
126	0	18973192	0
127	1	1123850	5145
128	1	1354392	7132
129	1	952521	4333
130	0	19982224	0
131	0	21779439	0
132	0	21262816	0
133	0	19946132	0
134	0	18744373	0
135	1	657708	3000
136	0	18838038	0
137	0	19509334	0
138	0	19248583	0
139	1	904579	4143
140	1	1649189	7632
141	0	18823614	0
142	1	585756	2692
143	0	19965133	0
144	0	19463111	0
145	1	1341626	6208
146	0	19525505	0
147	0	18403402	0
148	1	949130	4381
149	0	19807014	0
150	1	1068878	4916
151	0	19211745	0
152	0	21040992	0
153	0	15763967	0
154	0	19874035	0
155	1	968361	4453
156	1	1466295	6765
157	1	983743	4514
158	1	652188	3015
159	0	22300092	0
160	0	19969029	0
161	0	15351109	0
162	0	15612057	0
163	1	841402	3880
164	0	21304702	0
165	1	937284	4309
166	0	21995357	0
167	0	19858263	0
168	0	19076648	0
169	1	1203916	5560
170	1	675496	3118
171	0	22448072	0
172	1	782557	3613
173	1	1247273	5767
174	0	20765912	0
175	1	940586	4345
176	0	18866682	0
177	1	737521	3854
178	0	19569908	0
179	0	20555049	0
180	0	19741931	0
181	0	15670213	0
182	0	18997801	0
183	1	813305	3743
184	0	19666286	0
185	0	15512788	0
186	0	20818871	0
187	1	802063	3696
188	1	829759	3832
189	1	1095732	5078
190	1	613748	2831
191	1	1826887	8441
192	0	20100475	0
193	1	933562	4878
194	0	19336544	0
195	0	18927769	0
196	1	674130	3088
197	0	22235113	0
198	1	1972475	9090
199	1	1133970	5238
200	1	68711	307
201	0	19458725	0
202	0	22186815	0
203	0	22282614	0
204	1	1175670	5411
205	1	848193	4436
206	0	21465889	0
207	1	552967	2541
208	0	20014871	0
209	0	20418049	0
210	1	162426	690
211	1	1023522	4731
212	0	20965971	0
213	1	1434853	6601
214	0	20005167	0
215	1	71345	303
216	1	1928201	8945
217	1	811963	3749
218	1	1371431	6346
219	0	19915692	0
220	1	82366	343
221	1	909088	4197
222	0	19707683	0
223	1	443190	2027
224	1	366787	1690
225	1	1223686	5665
226	0	20264489	0
227	0	21675542	0
228	0	15381144	0
229	1	793416	3656
230	0	20287617	0
231	0	22572503	0
232	0	20712015	0
233	1	1202143	5561
234	0	20144799	0
235	0	21900602	0
236	0	21836255	0
237	1	740163	3384
238	1	496735	2276
239	1	1014756	4684
240	1	696526	3216
241	1	673205	3116
242	0	15458461	0
243	1	1095109	5021
244	0	17001287	0
245	0	16026682	0
246	0	16175506	0
247	0	19232032	0
248	1	1127606	5177
249	0	20793510	0
250	0	19312631	0
251	1	626721	2876
252	1	1008887	4654
253	1	2151718	9925
254	1	506453	2319
255	0	19980589	0
256	0	22249549	0
257	0	20091767	0
258	0	21458231	0
259	0	21146276	0
260	0	20856607	0
261	0	22329040	0
262	0	22210398	0
263	1	504078	2296
264	1	1942971	8958
265	0	19230587	0
266	1	1229511	5602
267	1	2086054	9638
268	0	18686621	0
269	0	20917498	0
270	0	22132412	0
271	1	1081894	4968
272	1	1096707	5052
273	0	15552581	0
274	0	19332489	0
275	0	23287827	0
276	0	15614993	0
277	0	19255190	0
278	1	1039055	4801
279	0	18615006	0
280	1	2081872	9598
281	1	1473147	6794
282	0	19254936	0
283	0	20387008	0
284	1	558734	2568
285	0	19444555	0
286	0	15571925	0
287	0	15391895	0
288	0	19506515	0
289	0	20871093	0
290	1	1030006	4711
291	1	529747	2769
292	0	21808429	0
293	0	20715777	0
294	1	1155010	5291
295	0	22077706	0
296	1	1140476	5223
297	1	1151646	5302
298	1	1145789	5263
299	0	18914662	0
300	1	979788	4369
301	0	22925347	0
302	1	2121562	9697
303	1	1184190	5455
304	0	21772429	0
305	1	495669	2230
306	1	1837054	8447
307	1	765873	3468
308	0	21101716	0
309	0	20605040	0
310	1	629668	2811
311	0	20656276	0
312	0	19649648	0
313	0	15936686	0
314	0	21581663	0
315	1	802478	3683
316	0	22341912	0
317	0	20711208	0
318	1	1102278	5067
319	0	22795269	0
320	0	15585844	0
321	1	1478967	6793
322	1	1112466	5147
323	1	1054048	4870
324	0	18737915	0
325	1	1832718	8438
326	1	1052041	4866
327	0	20113080	0
328	1	848910	3911
329	0	18920239	0
330	0	19576043	0
331	1	1278890	5920
332	0	20074505	0
333	0	19818601	0
334	0	19926198	0
335	0	19200114	0
336	0	18823197	0
337	1	1756679	8119
338	0	19647922	0
339	0	19402533	0
340	1	969516	4473
341	0	19366930	0
342	1	757280	3485
343	0	18964760	0
344	1	655948	3020
345	0	19334644	0
346	0	19437550	0
347	0	15554718	0
348	1	1186280	5478
349	1	1057918	4893
350	0	19351397	0
351	1	1100961	5083
352	1	1129273	5217
353	0	18561490	0
354	0	21335473	0
355	0	18370509	0
356	0	19343049	0
357	1	885331	4038
358	1	2132388	9888
359	0	18727919	0
360	0	18730110	0
361	0	21646741	0
362	0	19778911	0
363	0	15301620	0
364	1	1629683	7486
365	0	19265795	0
366	0	19719767	0
367	0	19200847	0
368	0	19023986	0
369	0	20701958	0
370	1	949137	4975
371	0	19632688	0
372	1	371340	1694
373	0	22005911	0
374	0	21669327	0
375	1	295790	1328
376	0	20774555	0
377	1	930495	4266
378	1	1383696	6378
379	1	1053342	4852
380	1	1208728	5565
381	0	22262748	0
382	0	22186814	0
383	0	20471595	0
384	0	21125690	0
385	1	2161073	9926
386	0	19803637	0
387	0	21636589	0
388	0	22786683	0
389	0	20639832	0
390	0	19475518	0
391	0	19576512	0
392	1	1300648	5980
393	1	1105196	5084
394	1	592143	2713
395	1	997082	4593
396	0	19680711	0
397	0	19699400	0
398	1	1131987	5203
399	0	20149534	0
400	1	768471	3999
401	1	1419830	6539
402	1	1008230	4643
403	0	19647922	0
404	1	982963	4494
405	1	854775	3934
406	0	20224751	0
407	0	21902088	0
408	0	19251757	0
409	0	15661825	0
410	1	1504556	6912
411	1	949146	4366
412	0	22249040	0
413	0	20934079	0
414	0	20745263	0
415	0	19663992	0
416	0	19375591	0
417	1	1080884	4937
418	0	21212583	0
419	0	19914343	0
420	0	22690452	0
421	0	15438258	0
422	0	19992595	0
423	0	19780715	0
424	0	22942256	0
425	0	20901134	0
426	1	1675347	7737
427	0	22083278	0
428	1	2042659	9414
429	0	21332661	0
430	0	21481703	0
431	0	21251243	0
432	0	21200623	0
433	1	634174	2879
434	1	2170147	10007
435	0	19279898	0
436	1	341345	1549
437	0	18317086	0
438	0	20801266	0
439	0	21852297	0
440	0	22295195	0
441	0	20120298	0
442	0	19416596	0
443	0	20622508	0
444	1	1079626	4951
445	0	20846900	0
446	1	924144	4237
447	0	21758883	0
448	1	892467	4053
449	0	21304556	0
450	0	15855939	0
451	0	20478212	0
452	0	21500299	0
453	1	796528	3641
454	1	2508374	11512
455	1	1338647	6176
456	0	20172044	0
457	1	878473	4578
458	0	19451788	0
459	1	1064600	4889
460	0	19802599	0
461	0	20098053	0
462	1	1591049	7298
463	0	22041563	0
464	1	604837	2752
465	1	999791	4612
466	0	21585496	0
467	1	889287	4081
468	1	960896	4403
469	0	19481883	0
470	0	22202597	0
471	1	1034829	4755
472	0	20251912	0
473	0	19576199	0
474	1	730785	3360
475	0	19410739	0
476	0	19635271	0
477	0	19801841	0
478	0	18800447	0
479	0	19542118	0
480	1	659441	3012
481	1	1309058	6056
482	1	840720	3882
483	1	1403063	6471
484	0	19938745	0
485	0	18918449	0
486	0	19881622	0
487	0	19587663	0
488	0	20172559	0
489	1	1055315	4880
490	1	980501	4542
491	1	1027924	4747
492	1	32216	124
493	0	20726102	0
494	1	912087	4197
495	1	8039	20
496	0	19697005	0
497	0	22677154	0
498	0	15218747	0
499	0	18438441	0
500	1	764240	3510
501	0	21140872	0
502	0	19272935	0
503	0	19385394	0
504	0	15797933	0
505	0	19339100	0
506	0	21241168	0
507	1	1717526	7957
508	0	19669626	0
509	0	15667424	0
510	1	709588	3700
511	1	565982	2616
512	1	1010198	4672
513	1	668286	3080
514	0	19430386	0
515	1	121971	537
516	0	19593571	0
517	1	729201	3334
518	0	15656269	0
519	0	18692036	0
520	0	19609924	0
521	0	21075938	0
522	0	20617933	0
523	0	20645290	0
524	0	18954272	0
525	0	19287787	0
526	0	20132474	0
527	0	15418175	0
528	0	19434718	0
529	1	877540	4599
530	1	1909888	8825
531	0	19880227	0
532	0	19424570	0
533	0	15940616	0
534	0	20301367	0
535	0	19789273	0
536	0	15897936	0
537	0	20802409	0
538	1	686920	3141
539	1	850198	3901
540	1	1235444	6168
541	1	603979	2769
542	1	1012557	4623
543	1	372758	1712
544	1	798280	3595
545	1	1297125	6008
546	0	20509367	0
547	0	21571313	0
548	0	19669317	0
549	1	1407148	7375
550	1	885220	4083
551	0	15358199	0
552	0	19647109	0
553	1	883320	4071
554	1	854524	3872
555	1	1246718	6553
556	1	1988500	9162
557	1	1148454	5318
558	0	22240702	0
559	0	20260731	0
560	0	19740231	0
561	0	19430155	0
562	0	20639554	0
563	1	1637618	7556
564	0	19580252	0
565	0	15660261	0
566	1	927414	4269
567	1	845215	3908
568	0	19086936	0
569	0	19025638	0
570	0	21535585	0
571	0	22970095	0
572	0	20701536	0
573	1	938792	4900
574	1	843587	3913
575	0	19807732	0
576	0	18308985	0
577	1	1363623	7154
578	1	1094880	5070
579	1	1221945	5632
580	1	956118	4418
581	1	1235321	5718
582	1	1067433	4940
583	0	19237800	0
584	0	19449656	0
585	0	18783595	0
586	0	18807184	0
587	0	19354659	0
588	0	19902719	0
589	0	20180639	0
590	1	1053086	4853
591	0	20397780	0
592	0	19222266	0
593	1	752577	3426
594	1	912037	4213
595	0	20076499	0
596	0	15438042	0
597	0	18659885	0
598	1	863354	3958
599	0	18832199	0
600	0	22534177	0
601	1	697437	3648
602	0	19593262	0
603	1	706923	3686
604	1	2256339	10385
605	1	753941	3479
606	1	804207	3706
607	0	18529631	0
608	0	19821840	0
609	0	21241440	0
610	0	20764847	0
611	1	1049743	4845
612	0	19120803	0
613	1	916688	4788
614	0	19500652	0
615	1	1619307	7457
616	0	22616250	0
617	0	22095781	0
618	0	15514388	0
619	0	19846021	0
620	0	19348758	0
621	0	19204125	0
622	0	19253835	0
623	0	19458981	0
624	1	1372578	6334
625	1	1436532	6588
626	1	913779	4220
627	1	680712	3139
628	1	691760	3189
629	1	708601	3273
630	0	21371544	0
631	0	20639222	0
632	0	19647884	0
633	1	379079	1731
634	1	1379612	6378
635	0	22843750	0
636	0	21419365	0
637	1	1236179	5700
638	1	1560681	7204
639	1	267536	1225
640	0	21323963	0
641	1	1160170	5357
642	1	1106254	5116
643	0	19305671	0
644	0	19141494	0
645	0	18825849	0
646	0	18495318	0
647	0	19720534	0
648	0	22281859	0
649	0	18849702	0
650	1	1153310	5317
651	1	582725	2689
652	1	1203996	5534
653	1	831982	3804
654	1	1335349	6193
655	1	727791	3333
656	1	724028	3335
657	1	796471	3678
658	0	19486120	0
659	0	21780781	0
660	0	21385858	0
661	1	1142486	5272
662	1	782432	3618
663	0	22225902	0
664	0	21919469	0
665	1	951163	4387
666	1	535515	2467
667	0	20188347	0
668	1	1399477	6454
669	0	19851873	0
670	0	20207545	0
671	0	19959596	0
672	0	18900842	0
673	1	962460	4426
674	0	19293249	0
675	0	20880312	0
676	1	1329916	6149
677	0	21626487	0
678	0	20525285	0
679	0	21838489	0
680	0	15652603	0
681	1	884050	4062
682	1	1014056	4685
683	1	1070270	4943
684	0	20979466	0
685	0	19278492	0
686	1	1139893	5276
687	1	1023998	4725
688	0	19151862	0
689	1	1366671	6301
690	1	272891	1248
691	0	22699324	0
692	0	19523137	0
693	0	19578263	0
694	0	18965031	0
695	0	22237350	0
696	0	22401842	0
697	1	669145	3495
698	0	20397095	0
699	1	859581	3963
700	1	753052	3482
701	1	364327	1677
702	0	19099738	0
703	0	18216549	0
704	0	19753927	0
705	0	15469898	0
706	0	19902859	0
707	1	1057341	4878
708	0	18862804	0
709	1	1171012	5407
710	1	825117	3803
711	0	21127583	0
712	0	19661758	0
713	1	703028	3191
714	0	20725320	0
715	0	19304342	0
716	0	19655115	0
717	0	20139403	0
718	1	1118173	5115
719	0	18884237	0
720	1	1376609	6338
721	1	1001045	4596
722	1	1216545	5599
723	0	19190079	0
724	0	21679132	0
725	1	806344	3704
726	0	19869483	0
727	0	19479629	0
728	0	20326714	0
729	0	19513172	0
730	0	19864747	0
731	1	1756306	8071
732	0	20031631	0
733	0	19369038	0
734	1	1268468	5826
735	1	646352	3377
736	0	18956230	0
737	1	568700	2604
738	0	20194703	0
739	1	829273	3698
740	1	2119842	9748
741	1	1002415	4608
742	1	978217	4449
743	1	851422	3817
744	1	106626	542
745	0	21137485	0
746	0	19945135	0
747	1	1037957	4726
748	0	19474361	0
749	1	882259	4605
750	0	18767976	0
751	0	15786164	0
752	1	330948	1484
753	0	15608733	0
754	0	19823694	0
755	0	15744511	0
756	0	21875643	0
757	0	20969780	0
758	0	15616748	0
759	0	18507111	0
760	0	19505205	0
761	0	18850998	0
762	1	800036	3687
763	0	18768127	0
764	0	19544825	0
765	0	18920287	0
766	1	1651089	7623
767	0	18690079	0
768	0	18544856	0
769	0	19264148	0
770	1	1870047	8623
771	1	141654	638
772	0	19853602	0
773	0	19846676	0
774	1	1976878	9069
775	1	1107438	5110
776	0	18987879	0
777	1	1164654	5352
778	1	110517	478
779	1	889015	4092
780	1	1332681	6125
781	0	22431944	0
782	0	18552307	0
783	1	856381	3906
784	1	881063	3996
785	0	19168096	0
786	0	20291755	0
787	0	15553146	0
788	0	19906792	0
789	1	1436860	6597
790	0	18706440	0
791	0	19292328	0
792	1	1258653	6579
793	1	1415139	6508
794	0	21765244	0
795	0	19214794	0
796	1	829173	3793
797	1	657535	3016
798	0	19093301	0
799	0	15767002	0
800	1	699811	3196
801	0	19075442	0
802	0	20131329	0
803	1	886280	4074
804	1	406850	1864
805	1	598439	2739
806	1	930338	4275
807	0	21601832	0
808	0	22401780	0
809	0	21053380	0
810	1	1901903	8761
811	0	21288353	0
812	1	1389160	6375
813	1	331210	1511
814	0	15622610	0
815	0	22396642	0
816	0	20420766	0
817	1	1230500	5643
818	1	783545	3611
819	0	15728405	0
820	0	19787610	0
821	1	1019738	5321
822	0	22848319	0
823	0	19870355	0
824	0	20463009	0
825	0	15906425	0
826	1	1157694	5322
827	0	22574733	0
828	1	1165244	5369
829	1	757063	3508
830	1	1222041	5654
831	0	21309050	0
832	0	19476951	0
833	0	15862119	0
834	0	19319642	0
835	1	1187352	5480
836	0	19609000	0
837	1	960432	4435
838	1	1011441	4683
839	1	938597	4899
840	0	19624857	0
841	0	19022146	0
842	1	761724	3488
843	0	18920583	0
844	0	20264063	0
845	1	635371	2920
846	1	1050892	4860
847	0	19826093	0
848	1	1638693	7590
849	1	780370	3596
850	1	536066	2468
851	1	1408249	6514
852	0	19524454	0
853	1	859484	3971
854	1	1116290	5156
855	0	15688823	0
856	0	18419885	0
857	0	19482718	0
858	1	176664	655
859	0	15828087	0
860	1	664779	3027
861	0	18311659	0
862	0	21467280	0
863	1	692621	3188
864	1	2260644	10487
865	0	22468433	0
866	1	1422745	6579
867	0	21052976	0
868	0	21896904	0
869	0	20625499	0
870	0	21946267	0
871	0	20422548	0
872	0	22037476	0
873	0	18888537	0
874	0	20112627	0
875	0	18898183	0
876	1	742156	3411
877	1	914726	4810
878	1	1180253	5443
879	1	1096231	5077
880	0	18723127	0
881	0	19586929	0
882	0	19537643	0
883	1	439247	2004
884	0	18837858	0
885	0	15740621	0
886	0	19643934	0
887	0	18435107	0
888	0	18680310	0
889	1	2491017	11558
890	0	19901967	0
891	0	19190307	0
892	0	20307753	0
893	0	18771000	0
894	0	18908022	0
895	0	19244611	0
896	1	1339815	6150
897	0	19258157	0
898	1	724066	3316
899	0	18813053	0
900	1	1206318	5533
901	0	18935934	0
902	1	1400245	6447
903	1	875758	4587
904	1	608643	2784
905	1	1120061	5162
906	1	944679	4288
907	1	816780	3732
908	1	702195	3208
909	0	19031428	0
910	0	18853083	0
911	1	705546	3241
912	0	21702395	0
913	1	1083339	4988
914	0	20235331	0
915	0	18704671	0
916	1	523437	2389
917	1	1470118	6747
918	1	1121807	5112
919	1	847376	3894
920	1	1607446	7405
921	1	121608	542
922	1	1016891	4650
923	0	20108755	0
924	1	837598	3849
925	1	449723	2055
926	0	20706951	0
927	1	1161839	5319
928	0	20296623	0
929	1	1509632	6903
930	1	1166985	5749
931	0	22338710	0
932	0	21838584	0
933	0	20260953	0
934	0	15668428	0
935	1	931291	4252
936	1	1411878	6501
937	0	18947486	0
938	0	18992635	0
939	1	1196283	5504
940	0	19367953	0
941	0	21686568	0
942	0	19789748	0
943	0	18586167	0
944	1	1229713	5654
945	0	22427228	0
946	1	838437	3844
947	0	21785488	0
948	1	1027230	4719
949	1	1001747	4614
950	0	22305108	0
951	0	22599861	0
952	0	21377310	0
953	0	19941660	0
954	1	570826	2614
955	0	18741983	0
956	1	1141572	5265
957	1	1011346	4653
958	0	15800222	0
959	0	19481808	0
960	0	19221327	0
961	1	512649	2344
962	1	2387845	11111
963	1	848704	3917
964	1	1752690	8091
965	1	871120	4006
966	0	19162230	0
967	0	20076105	0
968	0	19242249	0
969	0	19278437	0
970	1	62887	239
971	1	1532017	7095
972	0	20158727	0
973	1	1143501	5285
974	0	19501631	0
975	0	15639930	0
976	0	15502991	0
977	0	19194816	0
978	0	20782096	0
979	1	551705	2530
980	0	19246778	0
981	0	18589034	0
982	1	761561	3499
983	0	19663741	0
984	0	15380711	0
985	1	769590	3544
986	0	18643045	0
987	1	967924	4442
988	1	1752853	8138
989	0	18823765	0
990	1	957983	4422
991	0	22040466	0
992	0	22010044	0
993	1	1553775	7180
994	1	366595	1679
995	0	22929785	0
996	1	755382	3458
997	0	21201210	0
998	0	20997912	0
999	0	15796071	0
1000	0	22497554	0
1001	1	1155281	5335
1002	1	574070	2645
1003	0	22369599	0
1004	1	908877	4186
1005	1	1546720	7159
1006	0	19792447	0
1007	0	20603881	0
1008	0	19114671	0
1009	0	21678268	0
1010	1	1164499	5380
1011	0	15575003	0
1012	0	19998006	0
1013	0	18889088	0
1014	0	20633270	0
1015	0	20083773	0
1016	0	18573728	0
1017	1	1594739	7377
1018	0	19339626	0
1019	0	18975578	0
1020	1	1075178	4920
1021	0	18712024	0
1022	0	19055735	0
1023	0	19230150	0
1024	1	1637313	7559
1025	0	18955090	0
1026	0	18946236	0
1027	0	19537696	0
1028	1	896929	4134
1029	0	20628155	0
1030	0	15293480	0
1031	0	15840536	0
1032	1	346810	1592
1033	0	19422436	0
1034	0	20361953	0
1035	1	1189378	5458
1036	0	19375869	0
1037	1	138479	599
1038	0	18505873	0
1039	1	971990	4465
1040	0	15478147	0
1041	0	19561046	0
1042	0	19883768	0
1043	0	18959652	0
1044	1	1125842	5172
1045	0	19062414	0
1046	1	1194999	5484
1047	1	979802	4510
1048	1	1147151	5282
1049	0	19883556	0
1050	1	1230491	5659
1051	1	1073983	4940
1052	0	18865014	0
1053	0	22467490	0
1054	0	22827677	0
1055	0	15749624	0
1056	0	20086187	0
1057	0	17407414	0
1058	0	20834342	0
1059	1	258737	1162
1060	1	2137440	9847
1061	0	19299240	0
1062	1	16692	54
1063	0	18972697	0
1064	0	18614345	0
1065	0	18716787	0
1066	0	22582394	0
1067	0	15837941	0
1068	1	657070	3007
1069	0	15692401	0
1070	1	1331866	6969
1071	0	19927602	0
1072	0	21025111	0
1073	0	19665331	0
1074	1	323577	1457
1075	0	19347257	0
1076	1	565758	2929
1077	0	21972429	0
1078	1	1085553	4989
1079	0	19342916	0
1080	1	802938	3690
1081	0	15430824	0
1082	1	988287	4518
1083	1	2446802	11268
1084	0	22490027	0
1085	0	19649008	0
1086	1	1178830	5425
1087	0	15337629	0
1088	0	20434632	0
1089	0	21907987	0
1090	1	466039	2128
1091	1	2122440	9767
1092	0	20010763	0
1093	0	19449045	0
1094	1	992286	4558
1095	1	760434	3493
1096	0	19032456	0
1097	0	15547942	0
1098	0	19464730	0
1099	1	679159	2865
1100	1	1281409	5925
1101	0	19128005	0
1102	0	18524161	0
1103	0	18303804	0
1104	1	1411867	6504
1105	0	15758922	0
1106	0	19034547	0
1107	1	809703	3690
1108	0	19056780	0
1109	0	15830578	0
1110	0	22063816	0
1111	0	22704353	0
1112	0	20666175	0
1113	0	22032667	0
1114	1	1020373	4670
1115	0	20204104	0
1116	0	19650953	0
1117	1	2683821	12285
1118	1	673905	3083
1119	1	735922	3375
1120	1	1013444	4665
1121	0	15267997	0
1122	1	935869	4288
1123	0	21303236	0
1124	0	19176989	0
1125	1	868519	4551
1126	0	20216982	0
1127	1	976571	4474
1128	1	1527349	7022
1129	0	19851123	0
1130	0	19370783	0
1131	0	20572229	0
1132	0	18493726	0
1133	0	19054894	0
1134	0	19360897	0
1135	0	20784761	0
1136	0	20449413	0
1137	0	19913004	0
1138	1	676043	3081
1139	1	1055756	5547
1140	0	20004421	0
1141	1	130042	568
1142	1	1066913	4938
1143	1	1635616	7499
1144	0	21652074	0
1145	0	19840711	0
1146	0	20119852	0
1147	0	20154282	0
1148	1	1125023	5205
1149	1	305576	1387
1150	1	1041393	4819
1151	0	20336784	0
1152	0	19552067	0
1153	0	18546825	0
1154	1	1247096	5756
1155	0	19509300	0
1156	1	1188723	5473
1157	0	21559135	0
1158	1	331347	1501
1159	0	20280478	0
1160	1	796697	3663
1161	1	634051	2920
1162	1	1314601	6082
1163	1	1004348	4618
1164	0	15778976	0
1165	1	832593	3819
1166	0	19689002	0
1167	0	20394725	0
1168	0	21078572	0
1169	1	1285951	5954
1170	1	651387	2999
1171	1	854745	3927
1172	0	21833213	0
1173	0	20824538	0
1174	0	20877548	0
1175	1	1196075	5522
1176	0	20566572	0
1177	0	22850115	0
1178	0	21893517	0
1179	0	21454779	0
1180	0	20795215	0
1181	1	828207	3788
1182	0	19220036	0
1183	0	22409119	0
1184	0	21340366	0
1185	1	853891	3934
1186	1	1337851	6187
1187	0	18779498	0
1188	0	19540580	0
1189	0	15570970	0
1190	1	870945	4001
1191	0	19105297	0
1192	1	1716063	7936
1193	1	65203	290
1194	1	501885	2314
1195	0	19807152	0
1196	0	18796276	0
1197	1	646252	2974
1198	1	336108	1540
1199	0	19828544	0
