# N1 = 66889
# N2 = 104723
# N  = 7004816747
# Nc = 80000
# Na = 1000
# Fc = 0.997
# kB = 15381.7
#
# run	success	duration[mus]	usedNa
0	1	2374848	12440
1	0	19855794	0
2	0	19505188	0
3	1	3215012	14868
4	1	1806605	8355
5	1	2495667	11577
6	0	19445584	0
7	0	15505707	0
8	0	19885659	0
9	1	2230158	10346
10	0	19013307	0
11	1	1508054	6958
12	1	2071127	9534
13	1	1961623	9093
14	0	19754257	0
15	1	3357971	15548
16	1	1889071	8762
17	0	15880904	0
18	1	1437951	7566
19	1	2535914	11766
20	1	2791171	12874
21	1	1941839	9003
22	1	2109592	9770
23	0	20865433	0
24	1	2432847	11276
25	0	19424644	0
26	1	1609590	7467
27	1	1994721	9248
28	0	18391546	0
29	1	1650524	7641
30	0	20076916	0
31	0	21067979	0
32	1	2177015	10072
33	0	18513984	0
34	0	15492680	0
35	1	2110270	9783
36	0	18748661	0
37	0	19350734	0
38	1	1245478	5710
39	0	21851791	0
40	1	1650753	7630
41	1	421231	1941
42	1	1781097	8258
43	1	3261228	15114
44	0	18871411	0
45	0	19560313	0
46	0	20660275	0
47	1	1643519	8642
48	1	1175631	5453
49	1	1830115	8489
50	0	20297673	0
51	1	1808568	8366
52	0	20088963	0
53	1	1635037	7561
54	1	2120566	9840
55	0	22291296	0
56	0	20575024	0
57	0	21606577	0
58	0	22358399	0
59	0	22277962	0
60	1	1726439	9059
61	1	1728115	7995
62	0	19426293	0
63	1	1349476	6236
64	0	19219904	0
65	1	2902143	13427
66	0	18959391	0
67	0	22003239	0
68	0	15642854	0
69	0	21959694	0
70	0	20693045	0
71	0	15503237	0
72	0	22783665	0
73	1	1770774	8171
74	0	18815718	0
75	1	1045639	4812
76	0	20611005	0
77	0	15934803	0
78	1	1496794	6877
79	0	19325612	0
80	0	20220609	0
81	0	19880269	0
82	0	21858214	0
83	0	22260802	0
84	0	19722129	0
85	0	19216761	0
86	1	1754038	9224
87	1	1364138	6315
88	1	1994303	9253
89	1	1340557	6180
90	0	21782226	0
91	1	2020074	9348
92	1	2360759	10933
93	1	1770569	8203
94	0	19015775	0
95	1	1534958	7040
96	1	1767426	8192
97	0	15227485	0
98	0	19373513	0
99	0	19406588	0
100	0	18871389	0
101	1	2104176	9749
102	1	1792251	8312
103	0	21175216	0
104	0	18890777	0
105	0	19040427	0
106	0	19616413	0
107	1	1564536	7196
108	0	22363674	0
109	0	21692700	0
110	1	2163812	10026
111	0	22198449	0
112	0	20839627	0
113	0	20051168	0
114	1	1604200	8374
115	0	15607906	0
116	0	20409244	0
117	0	21672528	0
118	1	1807692	9492
119	0	15624016	0
120	0	15559503	0
121	1	2676636	12421
122	1	1973613	9147
123	1	1460510	6738
124	1	2199404	10204
125	0	22356084	0
126	0	15667874	0
127	1	2904964	13449
128	1	714347	3298
129	0	19076360	0
130	0	15722526	0
131	0	20384118	0
132	0	18978510	0
133	0	18418649	0
134	0	21402120	0
135	1	2028488	9382
136	0	15709368	0
137	0	15582299	0
138	1	1778389	8233
139	1	1704393	8948
140	1	1881167	8684
141	1	1951465	9034
142	0	20329133	0
143	0	21942619	0
144	0	20746647	0
145	1	1939179	8963
146	1	2990525	13793
147	0	19441071	0
148	0	19225123	0
149	0	15647586	0
150	0	20164252	0
151	0	20978364	0
152	1	1844648	8537
153	1	1586926	7372
154	0	20277540	0
155	0	19212824	0
156	0	20334541	0
157	0	21110712	0
158	1	1916466	8861
159	1	1662654	7710
160	0	18916617	0
161	0	18669448	0
162	1	2303542	10656
163	0	19057070	0
164	0	19978484	0
165	1	2223524	10308
166	0	18610786	0
167	1	1915271	10065
168	0	15726597	0
169	1	2165910	10037
170	0	19251227	0
171	1	1908983	8810
172	0	22113723	0
173	0	21014637	0
174	1	472874	2143
175	0	19658989	0
176	1	2039052	9418
177	1	1783437	8273
178	0	20243685	0
179	0	19428808	0
180	1	553552	2553
181	1	2090505	9678
182	1	1945491	9013
183	0	19075795	0
184	0	20318233	0
185	0	16331535	0
186	0	20148680	0
187	0	19119039	0
188	0	19308858	0
189	1	1839000	8503
190	0	18296790	0
191	0	21978852	0
192	0	15473088	0
193	1	2146459	9956
194	1	1566005	7259
195	1	1875773	9866
196	0	19172989	0
197	0	19090650	0
198	1	1418618	6556
199	0	19246498	0
200	1	1956675	9066
201	1	1768364	8206
202	1	1990711	9222
203	0	18687269	0
204	0	15344110	0
205	1	2009744	9322
206	0	19590008	0
207	1	1356868	6277
208	1	1746837	8052
209	1	2707559	12515
210	1	2367505	12462
211	1	2714004	12589
212	1	1564421	7247
213	1	2299075	10667
214	0	18798580	0
215	1	1555462	7217
216	1	1701286	7884
217	0	20803173	0
218	0	19781443	0
219	1	1835426	8084
220	1	1564432	7152
221	0	20939390	0
222	0	19723767	0
223	1	1848716	8498
224	0	19197180	0
225	0	18830557	0
226	0	20640314	0
227	1	2011961	9228
228	1	2231359	10277
229	1	1865677	8592
230	1	1101646	5019
231	1	1699660	7844
232	1	1628707	7500
233	1	2754620	12687
234	1	1929672	8897
235	0	18945104	0
236	0	15614791	0
237	1	3332220	15330
238	0	15272166	0
239	0	22362339	0
240	1	3360300	15477
241	0	15511508	0
242	0	20929217	0
243	0	15382989	0
244	1	1556160	7148
245	0	20085178	0
246	1	1513167	6939
247	1	2033259	10735
248	0	21379367	0
249	1	1807473	8323
250	0	19055093	0
251	0	20910009	0
252	1	1688880	8867
253	1	2566045	11836
254	1	1583146	7299
255	1	1902415	8774
256	1	1616569	7373
257	0	19314017	0
258	0	18724321	0
259	1	865408	3974
260	0	20683030	0
261	1	1501008	6884
262	0	15579702	0
263	1	1651939	7609
264	0	21068380	0
265	1	1973596	9084
266	1	1526247	7046
267	0	22060248	0
268	0	22354926	0
269	0	20568701	0
270	1	1877913	8625
271	1	2668887	12277
272	1	1773352	8173
273	1	2207614	10177
274	0	18782742	0
275	1	1396371	6430
276	1	797202	3664
277	1	2009202	9269
278	0	22033399	0
279	0	18328612	0
280	0	19264271	0
281	0	20274336	0
282	0	20445248	0
283	1	1738415	8003
284	0	22091534	0
285	1	2506541	11541
286	0	20072442	0
287	0	22162892	0
288	1	3591859	16563
289	0	20832610	0
290	0	21181118	0
291	0	15704463	0
292	0	22071602	0
293	0	21816551	0
294	1	545834	2486
295	0	22150765	0
296	1	2865248	13227
297	1	3562756	16395
298	1	2112620	9742
299	1	1837406	8479
300	1	739706	3407
301	0	20558756	0
302	1	1333159	6125
303	0	20060876	0
304	0	20205082	0
305	0	19853564	0
306	1	1506074	7925
307	1	2219360	10286
308	0	18972851	0
309	0	19189272	0
310	0	20293564	0
311	0	20030978	0
312	0	21681489	0
313	1	1021652	4709
314	1	3204253	14835
315	0	20895710	0
316	0	18694532	0
317	1	1712050	7937
318	0	22247690	0
319	1	1542493	7154
320	0	19887763	0
321	1	1914029	8874
322	1	1237080	5734
323	1	1694023	7856
324	0	15861074	0
325	0	22235972	0
326	1	1454488	6709
327	0	20449294	0
328	1	1976500	9156
329	1	1389922	6437
330	1	1646591	7622
331	0	19768911	0
332	1	1925013	8898
333	1	1804292	8362
334	1	1856975	8603
335	0	15596008	0
336	0	19032378	0
337	1	2377885	11000
338	1	1565320	7253
339	0	19543122	0
340	0	19320416	0
341	0	19080777	0
342	1	1690646	7816
343	0	19475152	0
344	1	1578008	7318
345	0	19252155	0
346	1	1630974	7531
347	0	22183318	0
348	0	20389359	0
349	0	20965927	0
350	0	22391437	0
351	1	1127511	5182
352	1	2610833	12100
353	0	20587208	0
354	0	21209865	0
355	0	20797489	0
356	0	21426910	0
357	1	1695881	7805
358	0	19622140	0
359	0	19063722	0
360	1	1395460	6454
361	0	21727801	0
362	0	21024147	0
363	1	1373038	6337
364	0	18796707	0
365	0	20068390	0
366	1	2073299	9608
367	0	21734209	0
368	0	20940257	0
369	1	1841865	9695
370	0	18994415	0
371	1	1883740	8720
372	1	1921285	8889
373	1	1285770	5954
374	1	1693725	7836
375	0	18885171	0
376	0	19162414	0
377	0	18672081	0
378	0	15472681	0
379	0	18996615	0
380	0	21515220	0
381	0	20647613	0
382	0	19185364	0
383	0	20465286	0
384	0	21835249	0
385	0	20251131	0
386	1	1442804	7594
387	0	19131714	0
388	1	2204986	10156
389	0	19706863	0
390	0	19267409	0
391	1	1798205	8279
392	1	1924346	8874
393	0	22936016	0
394	0	22089597	0
395	1	1595008	7321
396	0	15688048	0
397	0	22403524	0
398	0	19836439	0
399	1	1596388	7309
400	0	22085861	0
401	1	1931873	10182
402	0	22838381	0
403	1	1967842	9087
404	0	19695062	0
405	1	1734369	7984
406	1	3542290	16400
407	0	19562538	0
408	0	15169467	0
409	1	738655	3366
410	0	19970034	0
411	0	19880491	0
412	1	1776937	8164
413	0	19309008	0
414	0	19710994	0
415	0	22968080	0
416	1	1172953	5388
417	1	1127476	5198
418	0	21159753	0
419	1	125263	556
420	0	20033930	0
421	1	1434004	7520
422	1	1782487	8251
423	0	22175400	0
424	1	1612137	7456
425	1	260444	1190
426	1	387743	1759
427	0	18929025	0
428	1	1901520	8825
429	0	20422716	0
430	1	1636846	7571
431	1	2238199	10329
432	1	1934487	8955
433	0	19450433	0
434	0	20384854	0
435	1	1307564	6053
436	1	1472707	6810
437	1	1414361	6541
438	1	2189174	10155
439	0	19119656	0
440	1	2737522	12670
441	0	22490419	0
442	1	1729189	7946
443	0	19575009	0
444	1	1480002	6711
445	0	18647338	0
446	0	18670627	0
447	0	22009638	0
448	0	20580746	0
449	0	19087400	0
450	1	1650015	7624
451	0	22610424	0
452	0	20955196	0
453	0	15536003	0
454	1	2583578	11962
455	0	20189550	0
456	1	1474123	6812
457	0	19432202	0
458	1	4083167	18924
459	1	1858150	8612
460	0	21975063	0
461	1	996286	5199
462	0	21914752	0
463	0	22408415	0
464	1	1648294	7571
465	1	2043100	9428
466	1	1449948	6693
467	1	1509717	6989
468	1	1972517	9133
469	1	3016697	14010
470	0	18937962	0
471	1	1708278	7873
472	0	19257696	0
473	0	19305370	0
474	0	20104588	0
475	1	1453591	6714
476	1	2171411	10054
477	1	2103184	9731
478	1	1777829	8233
479	1	1571987	7273
480	1	349458	1584
481	0	18629614	0
482	1	2198027	10157
483	0	19985371	0
484	0	19324022	0
485	0	15868599	0
486	1	1832030	9643
487	0	20081669	0
488	1	1817767	8409
489	0	18892027	0
490	0	21156334	0
491	1	2629668	12121
492	1	2714334	12604
493	1	1882880	8708
494	1	3250114	15072
495	0	22056543	0
496	1	2019141	9346
497	1	1841056	9706
498	1	1817959	8419
499	1	1592117	8364
500	1	1437776	6663
501	0	22369053	0
502	1	3430919	15863
503	0	21293181	0
504	0	19775318	0
505	0	19972164	0
506	1	1627432	7539
507	0	19455914	0
508	1	1479513	6834
509	0	15491866	0
510	1	2078123	10928
511	0	19205680	0
512	0	20459171	0
513	1	2659671	12338
514	1	1142057	5288
515	1	2181916	10120
516	0	18725937	0
517	1	1509376	6999
518	0	15901523	0
519	0	19357312	0
520	1	1854866	9764
521	0	19846488	0
522	0	18633437	0
523	1	1876835	8698
524	0	20005591	0
525	0	18860453	0
526	1	1488000	6877
527	0	19945861	0
528	0	20155923	0
529	0	15604519	0
530	1	1262137	5820
531	1	1549108	7193
532	1	2469425	11448
533	1	1418131	6567
534	0	15643745	0
535	0	19364338	0
536	0	19061993	0
537	0	18804229	0
538	0	19105720	0
539	1	546552	2504
540	1	1867466	8601
541	1	1792665	9447
542	0	20287996	0
543	0	15656943	0
544	0	20208837	0
545	1	1503438	6923
546	1	1127431	5215
547	0	20547589	0
548	0	19908992	0
549	1	1947675	9019
550	1	840439	3880
551	0	18771752	0
552	0	20767485	0
553	0	19846772	0
554	0	19301369	0
555	0	19110547	0
556	0	16118083	0
557	0	19316103	0
558	0	18912379	0
559	1	1949510	10235
560	0	19936466	0
561	0	19696719	0
562	1	3101544	14315
563	1	1735933	8048
564	1	1716603	7943
565	1	1903401	8824
566	0	18347277	0
567	0	20761013	0
568	1	1767508	8181
569	0	20296695	0
570	0	19562623	0
571	1	1838660	8515
572	0	19985608	0
573	0	21937848	0
574	0	15612462	0
575	1	1788633	8269
576	0	20908228	0
577	0	19175275	0
578	0	19591830	0
579	1	2540403	11776
580	0	20430250	0
581	1	2181467	10115
582	0	20065978	0
583	0	20096001	0
584	1	2184124	11437
585	1	812526	4264
586	0	19328826	0
587	1	1868595	8663
588	1	1158146	5363
589	0	18346468	0
590	1	1654970	7641
591	0	18531119	0
592	1	1257092	5809
593	0	15900098	0
594	1	1961237	9074
595	1	1066127	4928
596	0	22035472	0
597	1	794598	3668
598	1	603906	2781
599	1	1512933	7013
600	1	2333955	10790
601	1	1727719	8007
602	0	20348053	0
603	0	18322987	0
604	0	19793432	0
605	0	15672538	0
606	1	2442761	11287
607	0	18607021	0
608	1	1622359	7515
609	1	1555821	7203
610	1	1588854	7363
611	1	1948800	9032
612	0	15657208	0
613	1	1778256	8151
614	1	1392826	6449
615	0	21754281	0
616	0	15465297	0
617	0	19158906	0
618	1	2177835	10070
619	1	2824047	13086
620	0	19900360	0
621	1	2804066	12977
622	1	2021591	9383
623	0	15554298	0
624	0	18480446	0
625	0	19379282	0
626	0	15536333	0
627	1	2716756	12560
628	1	1492249	6879
629	0	19268723	0
630	0	15610712	0
631	0	18747056	0
632	1	2104799	9751
633	0	22951737	0
634	1	1276924	6710
635	1	1654036	7669
636	1	1637558	7592
637	0	20241469	0
638	1	1925126	8918
639	0	21278954	0
640	1	2610301	12090
641	0	20028076	0
642	0	15515147	0
643	1	2000523	9255
644	0	18386740	0
645	0	22171451	0
646	0	20138773	0
647	0	15756111	0
648	0	19394351	0
649	0	19866805	0
650	1	1418005	7453
651	0	20293402	0
652	1	313412	1412
653	1	3229475	14970
654	1	1309022	6078
655	1	2731805	12645
656	0	18971421	0
657	1	2827421	13093
658	1	1694976	7863
659	0	19972454	0
660	1	2205651	10204
661	1	1908741	8837
662	0	21493242	0
663	1	1951012	9021
664	1	2187258	10129
665	0	19595386	0
666	1	1348281	6228
667	1	918158	4248
668	1	1568444	7253
669	0	20055805	0
670	1	1780846	9364
671	0	19520950	0
672	0	19877078	0
673	0	19472082	0
674	0	19172135	0
675	0	20467602	0
676	1	2745430	12740
677	0	18793798	0
678	1	2002815	10546
679	0	18380536	0
680	1	1037105	5434
681	1	1661123	7688
682	1	1641315	7604
683	1	3261981	15168
684	0	21954898	0
685	0	20153149	0
686	1	1556214	8169
687	1	2369230	10950
688	0	19526883	0
689	0	19414625	0
690	1	2580969	11991
691	0	18905390	0
692	1	3439847	15882
693	1	1386721	6427
694	1	1701936	7854
695	1	2150492	11332
696	1	2223809	10323
697	1	2310296	10703
698	1	1900831	8831
699	0	18906264	0
700	0	18533433	0
701	1	2711854	12539
702	0	20121532	0
703	1	1620419	7501
704	1	2066825	9572
705	1	1744738	8083
706	0	21862524	0
707	0	19676535	0
708	0	20169781	0
709	0	22324872	0
710	0	20827559	0
711	0	20379761	0
712	1	2021521	9360
713	0	22366625	0
714	1	1699107	7879
715	0	19828458	0
716	0	15630992	0
717	1	1712661	7920
718	1	2205129	10206
719	0	18702952	0
720	0	15659821	0
721	1	1598381	8380
722	0	19961890	0
723	0	15503454	0
724	0	21119150	0
725	1	1829882	8469
726	0	20016845	0
727	1	1910117	8844
728	0	18934618	0
729	1	2105300	11078
730	1	1751019	8099
731	0	15609076	0
732	1	2095556	9696
733	1	1633546	7527
734	0	18570163	0
735	0	22101425	0
736	0	20210932	0
737	1	251887	1136
738	0	19358563	0
739	1	2507156	11596
740	1	1704741	7880
741	0	22137091	0
742	0	18234635	0
743	1	2287371	10580
744	1	1017873	4698
745	1	1642483	7619
746	0	19791251	0
747	0	21447069	0
748	0	21051216	0
749	1	1090552	5010
750	1	629077	2896
751	1	469147	2109
752	0	21089834	0
753	1	1767701	8159
754	1	2321461	10715
755	0	22994797	0
756	0	21442423	0
757	1	1807854	8328
758	1	3180527	14722
759	1	5079915	23435
760	0	21640090	0
761	0	20124739	0
762	1	1455426	6680
763	0	19850890	0
764	1	2366668	10935
765	1	2355622	10848
766	0	19841193	0
767	1	1475147	6753
768	1	1281636	5904
769	1	2189076	10088
770	0	19053148	0
771	1	1695797	7807
772	0	20871469	0
773	0	21852352	0
774	0	21085772	0
775	1	1950793	10257
776	0	22940504	0
777	1	402364	1826
778	1	2825159	12998
779	0	20359132	0
780	0	19747702	0
781	1	1717512	7897
782	0	18442117	0
783	0	19307302	0
784	0	19620217	0
785	0	19875480	0
786	0	15778867	0
787	0	19264140	0
788	0	22027272	0
789	0	20574343	0
790	0	19707904	0
791	1	1528915	7082
792	1	2019382	10643
793	1	1518290	7043
794	1	1890379	8753
795	1	2110959	9785
796	1	1389837	6441
797	0	19962988	0
798	1	2921964	13496
799	0	21393089	0
800	0	19962599	0
801	0	19632459	0
802	1	1839643	8520
803	0	22594858	0
804	1	2824938	13107
805	0	19330953	0
806	0	20394439	0
807	1	1107296	5010
808	1	2804378	12991
809	0	19833044	0
810	0	20770943	0
811	0	19922546	0
812	1	1311041	6885
813	0	22093619	0
814	1	1595014	7366
815	1	1475880	7770
816	1	1384016	6419
817	0	20284526	0
818	1	2054513	9496
819	1	2050137	9513
820	0	18805799	0
821	1	2101222	11036
822	1	1403059	6510
823	1	1920923	8898
824	0	19959965	0
825	1	1125918	5204
826	0	19186324	0
827	1	3302613	15240
828	0	20066723	0
829	0	19290088	0
830	0	18968731	0
831	0	21780425	0
832	0	21072158	0
833	1	1859886	8589
834	1	2081427	10956
835	0	18749038	0
836	0	19770971	0
837	0	22112987	0
838	1	1874379	8622
839	0	19868420	0
840	1	1499269	6951
841	0	19401276	0
842	0	15706808	0
843	0	18648245	0
844	0	15399801	0
845	0	19676158	0
846	0	20480410	0
847	1	3055283	14170
848	1	1871958	8664
849	1	1846326	8558
850	1	1876476	8682
851	1	2193318	10173
852	0	19090112	0
853	1	2109892	9756
854	1	1874523	8633
855	0	19562834	0
856	1	1833472	8451
857	1	1687684	7791
858	0	19783802	0
859	0	19463705	0
860	0	19894620	0
861	1	1940047	8964
862	1	63726	279
863	1	2920421	13481
864	0	22612393	0
865	0	22067833	0
866	0	22382632	0
867	0	20743942	0
868	0	19971866	0
869	0	19883307	0
870	0	19923365	0
871	1	2035118	9440
872	1	1711125	7897
873	0	20181313	0
874	1	1808288	8370
875	1	1816792	8423
876	1	1541283	7128
877	0	22325342	0
878	0	22114313	0
879	1	1945368	10241
880	0	20015289	0
881	1	1838913	8523
882	0	19318179	0
883	1	1747447	8088
884	1	2946596	13626
885	0	19967303	0
886	1	1954253	9053
887	0	18741032	0
888	0	19017632	0
889	1	1328438	6148
890	0	20130977	0
891	1	1659094	8716
892	1	1382745	6380
893	0	19073800	0
894	1	2206063	10151
895	0	19327650	0
896	0	18793944	0
897	1	1663358	7660
898	1	2342104	10815
899	0	20252553	0
900	0	15679869	0
901	0	15893544	0
902	0	18886683	0
903	0	20833826	0
904	1	1552874	7148
905	1	1863494	9321
906	0	15601315	0
907	0	19813914	0
908	0	22421152	0
909	0	20910719	0
910	1	1578024	7273
911	0	22831227	0
912	0	20867415	0
913	0	22965566	0
914	1	2912537	13464
915	0	19184142	0
916	0	19904188	0
917	1	2869557	13234
918	1	1702052	7844
919	0	19493695	0
920	1	1158420	6066
921	0	22845063	0
922	1	1605049	7402
923	0	21877119	0
924	0	15180410	0
925	0	15528607	0
926	0	22472679	0
927	0	20558178	0
928	1	2476486	11383
929	1	1565320	7232
930	1	1240797	5711
931	1	1719428	9056
932	1	2845872	13162
933	1	1923555	8874
934	0	19580415	0
935	1	1751973	9227
936	0	22384620	0
937	0	15730332	0
938	1	2215704	10256
939	0	19616079	0
940	0	15833487	0
941	1	1971879	9136
942	1	1853673	8584
943	0	15600738	0
944	0	18113254	0
945	1	1092655	5060
946	1	2120641	11168
947	0	22186750	0
948	0	20276523	0
949	0	20326269	0
950	0	20201308	0
951	1	3111617	14452
952	0	20173800	0
953	1	1447341	6704
954	1	1675723	7765
955	1	1792886	9386
956	0	20133809	0
957	0	19508631	0
958	0	19103339	0
959	1	298775	1539
960	1	1285965	5961
961	1	2370782	10980
962	1	2084160	9604
963	1	1193105	5499
964	0	19382001	0
965	0	19134832	0
966	0	20431433	0
967	1	1490042	6865
968	0	21518388	0
969	1	1887638	8744
970	0	21816181	0
971	0	19609351	0
972	0	15400596	0
973	1	1846900	8555
974	0	19104227	0
975	0	19482651	0
976	1	1915576	8837
977	1	2173225	10083
978	1	3071867	14263
979	0	19391653	0
980	0	21981776	0
981	0	15339819	0
982	1	1347948	6236
983	0	19750144	0
984	1	314014	1407
985	1	1924609	8926
986	1	2186856	10131
987	1	1917836	8892
988	0	15847114	0
989	0	19372317	0
990	0	20090497	0
991	0	15664544	0
992	1	659098	3029
993	0	19059294	0
994	1	677257	3103
995	0	20021788	0
996	0	15229299	0
997	0	19793238	0
998	0	20097328	0
999	0	19835682	0
1000	0	19881268	0
1001	1	1940911	10142
1002	1	1502105	6965
1003	0	19310929	0
1004	1	2658891	12276
1005	1	2026811	9388
1006	1	1889947	8748
1007	0	18427168	0
1008	1	2701838	12522
1009	0	19052061	0
1010	0	15539330	0
1011	0	18849517	0
1012	0	18869902	0
1013	0	20133990	0
1014	0	19416357	0
1015	0	15688113	0
1016	0	20319219	0
1017	0	21271896	0
1018	1	1688526	8876
1019	1	2052325	9501
1020	0	18811408	0
1021	1	1520087	7024
1022	1	1150141	5323
1023	0	22118254	0
1024	1	1711934	7910
1025	1	1991912	9232
1026	0	21583268	0
1027	0	22230198	0
1028	1	1929774	8926
1029	1	1363770	6312
1030	1	1953032	9050
1031	0	22506526	0
1032	0	20119844	0
1033	1	2039581	9440
1034	0	20481863	0
1035	1	1082619	5004
1036	0	20233381	0
1037	0	20520162	0
1038	1	1795073	8298
1039	0	20537526	0
1040	0	20242942	0
1041	1	951585	4356
1042	0	15335827	0
1043	0	20239972	0
1044	1	1238152	5715
1045	1	1809922	8388
1046	0	20235670	0
1047	1	1518488	7045
1048	1	1816133	8421
1049	0	20208571	0
1050	1	2104002	9724
1051	1	2151477	9964
1052	0	22640026	0
1053	0	22578249	0
1054	0	22525924	0
1055	0	15556958	0
1056	1	2352464	10857
1057	1	1779608	8247
1058	0	22079492	0
1059	1	3938215	18273
1060	0	21849409	0
1061	0	21031911	0
1062	1	2782901	12904
1063	0	21133527	0
1064	1	1075642	4959
1065	0	20699250	0
1066	0	22050473	0
1067	0	21169411	0
1068	0	20324301	0
1069	1	1539127	8080
1070	0	19940301	0
1071	0	22162934	0
1072	0	20830434	0
1073	1	1603762	8409
1074	0	21482811	0
1075	0	20462966	0
1076	0	21558952	0
1077	0	22318368	0
1078	1	1437831	7569
1079	1	1269137	5884
1080	0	22348115	0
1081	1	1850154	8572
1082	0	22427148	0
1083	1	1841781	8520
1084	0	20142523	0
1085	1	1758882	9234
1086	1	3207851	14914
1087	0	15596755	0
1088	1	1302823	5931
1089	0	19831148	0
1090	0	19793345	0
1091	1	2688480	12462
1092	0	18841775	0
1093	1	1901652	8818
1094	1	2160955	10013
1095	1	1327910	6150
1096	0	20091468	0
1097	0	21313571	0
1098	0	15539291	0
1099	1	2135415	9883
1100	1	2053243	9525
1101	0	20867957	0
1102	1	18187	46
1103	0	20818257	0
1104	0	21471078	0
1105	0	15696525	0
1106	0	19462132	0
1107	1	1391133	6432
1108	0	19024140	0
1109	0	20359926	0
1110	0	20588689	0
1111	0	20848832	0
1112	1	2592861	11988
1113	0	15346611	0
1114	1	2155113	11273
1115	1	1913923	8885
1116	0	22758141	0
1117	1	2577177	11951
1118	1	2009981	9320
1119	0	19646631	0
1120	1	1737092	8021
1121	1	1391298	6458
1122	1	1900725	8808
1123	1	1317773	6094
1124	1	2152923	9968
1125	0	19625401	0
1126	1	1582342	7284
1127	1	1656935	7594
1128	1	2364033	10886
1129	1	1202330	6327
1130	1	1708747	7880
1131	1	2340981	10787
1132	0	19163569	0
1133	0	19467991	0
1134	1	1346330	6200
1135	1	348361	1603
1136	0	19794021	0
1137	1	1750982	8070
1138	1	2485079	11462
1139	0	23045116	0
1140	0	21374372	0
1141	1	2723521	12531
1142	0	19252966	0
1143	0	21365588	0
1144	1	1459731	7672
1145	0	19515280	0
1146	0	20182406	0
1147	1	2405055	11120
1148	0	19925109	0
1149	1	2104861	9736
1150	1	1099119	5097
1151	1	1737512	8049
1152	1	1475926	6843
1153	0	18897660	0
1154	1	2327936	10756
1155	0	16147190	0
1156	0	19796123	0
1157	1	2189434	10136
1158	1	1667002	7734
1159	1	2852092	13172
1160	0	21474980	0
1161	1	1337247	6179
1162	1	1933990	8957
1163	1	2655169	12326
1164	0	19501261	0
1165	1	2018236	9337
1166	0	19569186	0
1167	0	20839123	0
1168	1	1532512	7063
1169	0	19654652	0
1170	1	1693907	7853
1171	1	2905215	13450
1172	1	2226813	10305
1173	0	19494726	0
1174	1	2131447	9878
1175	0	19826707	0
1176	1	2288312	10605
1177	0	20205840	0
1178	0	19560368	0
1179	1	1977956	9157
1180	0	19239004	0
1181	0	20611359	0
1182	1	1751799	8126
1183	0	19809620	0
1184	1	2059965	9513
1185	1	2390767	11101
1186	1	1032441	4748
1187	0	19687608	0
1188	0	18892954	0
1189	0	15446789	0
1190	1	2490241	11527
1191	1	2425718	11249
1192	1	692431	3199
1193	0	19822875	0
1194	0	18650229	0
1195	1	1798260	8274
1196	0	18628981	0
1197	0	19564140	0
1198	0	19056969	0
1199	0	19037701	0
