200
154
228
189
203
133
195
237
217
129
196
182
195
133
193
133
233
159
239
191
410
486
483
424
370
475
385
507
453
437
401
493
314
304
328
493
502
374
346
319
613
624
994
745
816
856
1000
643
667
735
732
709
549
809
869
921
920
696
853
564
1944
1745
1619
1812
1238
1763
1697
1417
1274
2003
1979
1124
1546
1958
1703
1655
1889
1818
1061
1805
3051
3361
2956
2263
3330
2570
3920
3006
2170
3076
2172
2223
2209
3345
3916
2101
2475
2479
2060
3615
4622
4905
5758
6434
6522
7119
7292
6806
4375
7339
7219
6152
4975
7305
5300
4707
6429
6376
5300
7344
8905
11220
11682
14298
8798
15650
14829
16331
9794
14866
11517
8984
9800
15946
15686
15068
9946
8933
10461
8497
23069
25142
17024
23614
20894
24552
24875
21142
26768
30470
27757
24705
23398
24409
18794
29053
16865
31713
18274
21181
61774
60326
61897
41829
40577
55863
34670
50707
44316
39553
63092
38189
50960
56850
39715
39241
33365
54106
38289
42932
100349
129504
86557
72569
95943
111555
71290
122051
76570
73437
118363
129821
66883
113080
125924
104670
85552
90716
79187
111239
136959
157253
197254
189422
158189
231038
168490
215626
189010
201025
226289
175107
167568
230697
223275
193862
253633
177663
227514
184285
359882
278919
357154
364039
297098
470275
482574
445083
347696
346614
388063
276779
453361
285999
516637
469592
294566
464533
387954
412646
640734
758484
941258
880674
582499
765542
907399
882321
835694
699968
749995
794028
1013196
1011800
623676
641356
762889
784314
596159
856722
1055603
2080565
1487950
1184241
1234522
1809028
1380809
1245862
1088222
1126743
1442236
1523769
1245223
1685206
1826482
2027691
1902779
1113222
1519782
1375809
3758170
3974008
3023043
2135888
2780738
3411696
3428047
2161659
2638084
3555480
2631694
3373969
3497673
2418280
4181838
2327100
4001826
3142793
2401974
2984162
4378042
7505303
6909433
5601008
4224567
8185729
7726831
8339399
7696819
5349092
5538975
5844929
7033916
5030261
4759931
4999852
6532162
4995713
5061568
6847109
13739512
9903981
8908427
12614490
12131007
9145973
11997343
11450530
14911597
11358979
8417543
8550940
12012206
13846644
8887781
15499083
8581235
14376757
9520175
15700531
27956963
33528086
27146857
21350852
30834447
17005194
20984533
26522643
31572680
25806704
24897663
23080698
26327001
22350515
23150418
23337789
26177776
28636626
18254354
31097366
63281247
46138256
55698104
38196359
59309941
46908314
50163009
46455276
45007222
48647419
51784543
40550645
58849653
63645844
66846403
60175624
37822766
51255536
35719070
64865122
84291364
74195417
72183690
89830190
97029347
69904691
75946943
132110238
90170806
93026387
113704281
75553957
103762704
86067241
120117915
111143818
107701608
131741280
106425131
67304296
267827430
238425282
188601580
138959119
231459918
205100034
262667230
244944544
148776967
214447617
201741322
197083496
207430138
265951336
156779342
244435999
221599119
235577726
167818776
167590509
380526505
330935690
424505055
523815311
454315961
492843112
367794310
273023894
271213119
419358857
276948088
293938738
494889623
275149753
535278055
465514543
341418673
338160777
358532065
403820676
1011245827
981087419
776957376
943615126
605519436
1013450086
753012906
758358756
904975243
948983625
837628090
963648202
710832949
698831089
624255590
769456414
889589477
825265554
865252523
585682797
1822226626
1811654390
1460720404
1784211906
2038851651
2062466240
1933418670
1170435896
1554838305
1415617711
1405377327
1399157410
1748445753
1151270783
1252253008
1964002534
1711952336
2146769430
1505406885
1490995930
3323945008
3732357393
3800877044
3998619339
4192269816
2412911426
4022141327
4028669470
2991111481
3481583424
2544780122
3624805247
3461384058
3887388388
3643040963
3351674007
2547443771
2953059380
4098589709
3631779695
