# N1 = 66889
# N2 = 104723
# N  = 7004816747
# Nc = 100000
# Na = 1000
# Fc = 100000
# kB = 614.125
#
# run	success	duration[mus]
0	1	780558	
1	1	3857131	
2	1	8710812	
3	1	15899720	
4	0	16531689	
5	0	16572648	
6	1	4129830	
7	1	2212276	
8	1	7754876	
9	1	11688456	
10	0	16508972	
11	0	16581294	
12	0	16509430	
13	1	7475589	
14	1	7795577	
15	1	3999881	
16	1	14586648	
17	1	984833	
18	1	10625999	
19	0	16542637	
20	1	4863917	
21	1	15098952	
22	1	2968195	
23	1	870840	
24	1	3584764	
25	1	6656484	
26	1	13781509	
27	1	218132	
28	0	16503165	
29	1	290410	
30	1	15464773	
31	1	106009	
32	1	9288802	
33	1	4161811	
34	1	16291694	
35	1	2605914	
36	0	16574893	
37	1	14012803	
38	0	16516407	
39	1	2390547	
40	0	16538181	
41	1	5173128	
42	1	14125698	
43	0	16543954	
44	1	14525734	
45	1	7655726	
46	1	402396	
47	0	16528445	
48	1	10812288	
49	1	1289845	
50	1	15026544	
51	0	16550432	
52	1	761211	
53	1	10326072	
54	1	12028665	
55	1	8300419	
56	1	3612447	
57	1	3314913	
58	1	3777593	
59	0	16557416	
60	1	1567932	
61	0	16559933	
62	0	16509097	
63	1	6612690	
64	1	11461231	
65	1	16097050	
66	0	16575091	
67	1	5660395	
68	1	15464122	
69	0	16506288	
70	1	3560922	
71	1	14313224	
72	0	16509010	
73	1	9433998	
74	0	16503144	
75	1	3231063	
76	1	8818892	
77	1	6834028	
78	0	16536871	
79	0	16510156	
80	0	16510896	
81	0	16506288	
82	0	16575426	
83	1	5818604	
84	1	2655280	
85	1	2990273	
86	1	1011749	
87	0	16537390	
88	1	5787362	
89	1	5828547	
90	1	5707596	
91	1	5970115	
92	1	2478634	
93	0	16531839	
94	0	16572970	
95	0	16526030	
96	1	14902536	
97	1	14427284	
98	1	10772103	
99	0	16504399	
100	1	829247	
101	1	10940028	
102	1	5340959	
103	1	3272074	
104	1	6461901	
105	1	2519530	
106	1	7636461	
107	0	16539923	
108	1	2682409	
109	1	1628445	
110	1	2346786	
111	1	4226120	
112	0	16532544	
113	1	13040023	
114	1	529980	
115	0	16524491	
116	1	11918514	
117	1	1982608	
118	1	7097195	
119	1	12186360	
120	1	110749	
121	0	16508713	
122	1	5942076	
123	1	111295	
124	1	3915122	
125	1	3898510	
126	1	16434609	
127	1	2750313	
128	1	4971441	
129	1	1332328	
130	0	16529253	
131	1	10501711	
132	0	16564849	
133	0	16545565	
134	1	14066686	
135	1	12409359	
136	1	3613413	
137	0	16528338	
138	1	5693550	
139	1	13293016	
140	1	6405363	
141	0	16497601	
142	1	4921249	
143	1	803547	
144	0	16504737	
145	1	3225137	
146	0	16514646	
147	1	3020513	
148	0	16544502	
149	1	6336267	
150	1	10431306	
151	1	12619268	
152	1	6814391	
153	0	16542128	
154	0	16569504	
155	1	9897183	
156	1	8902923	
157	1	8685800	
158	1	12695490	
159	1	12798177	
160	1	1825032	
161	1	1270084	
162	1	6992671	
163	1	7625823	
164	0	16531903	
165	1	200275	
166	0	16528230	
167	0	16522437	
168	1	12376831	
169	1	12549444	
170	1	3939125	
171	1	5566831	
172	1	16091896	
173	0	16521615	
174	1	3542601	
175	1	1982049	
176	1	2528475	
177	1	1221186	
178	1	975925	
179	1	7230767	
180	0	16559859	
181	1	8946505	
182	1	13677365	
183	1	4695651	
184	1	2960091	
185	0	16513916	
186	1	10270222	
187	1	7581834	
188	1	2278286	
189	1	5454135	
190	1	2549388	
191	0	16509814	
192	1	309518	
193	1	3580275	
194	1	1475733	
195	1	10081955	
196	1	15046351	
197	1	15072607	
198	1	4363891	
199	1	3894424	
200	1	2816416	
201	0	16484950	
202	1	2765350	
203	1	9058336	
204	0	16523676	
205	0	16486475	
206	0	16511051	
207	1	1682413	
208	0	16516108	
209	1	3234163	
210	1	3126332	
211	1	8105628	
212	1	12911625	
213	1	6762851	
214	1	9483146	
215	1	16166440	
216	1	5342005	
217	1	5420454	
218	1	14123043	
219	1	103244	
220	1	2384743	
221	1	2420877	
222	1	1618297	
223	1	4588422	
224	1	4025348	
225	0	16567750	
226	1	4482255	
227	1	10307960	
228	1	1312695	
229	1	8821790	
230	0	16559907	
231	0	16497877	
232	1	10402415	
233	1	2149862	
234	0	16496086	
235	1	15997706	
236	1	2790601	
237	1	8897158	
238	1	1899186	
239	0	16563660	
240	1	800548	
241	0	16562423	
242	1	14970750	
243	1	4224411	
244	1	1525314	
245	1	61160	
246	1	4632586	
247	1	1536886	
248	0	16513312	
249	0	16552667	
250	0	16549871	
251	0	16513605	
252	0	16521383	
253	0	16509777	
254	0	16534352	
255	0	16521049	
256	1	8263284	
257	0	16505741	
258	1	1702087	
259	0	16574061	
260	0	16523276	
261	1	9299946	
262	1	895700	
263	1	8343776	
264	0	16561382	
265	1	12185380	
266	1	991069	
267	1	11289864	
268	1	2586938	
269	1	1754590	
270	1	7688030	
271	0	16488706	
272	1	13507624	
273	0	16544185	
274	0	16518336	
275	0	16506216	
276	1	11650170	
277	0	16509440	
278	1	1074455	
279	1	2592888	
280	0	16505309	
281	1	6448339	
282	1	8571677	
283	0	16530549	
284	1	924376	
285	1	13909503	
286	1	14205879	
287	0	16549344	
288	0	16507137	
289	1	4421569	
290	1	437315	
291	0	16513291	
292	0	16498695	
293	0	16524414	
294	1	7648184	
295	1	8669201	
296	1	11979407	
297	1	725678	
298	1	294767	
299	1	3264323	
300	1	15801160	
301	0	16502143	
302	0	16510294	
303	1	1090600	
304	0	16527491	
305	0	16537381	
306	1	9443409	
307	0	16581104	
308	0	16585689	
309	0	16518466	
310	0	16531632	
311	0	16540795	
312	0	16523249	
313	1	11577118	
314	0	16534368	
315	1	1739357	
316	1	12366063	
317	1	879432	
318	1	287652	
319	0	16514796	
320	0	16554608	
321	1	6997456	
322	1	5870782	
323	1	12424736	
324	1	6672083	
325	0	16527091	
326	0	16555873	
327	1	12200833	
328	0	16491070	
329	0	16523109	
330	1	16012914	
331	1	12426002	
332	1	9100494	
333	1	4457580	
334	1	5176284	
335	1	15057193	
336	1	1969707	
337	0	16488350	
338	0	16522472	
339	0	16542143	
340	1	8704977	
341	0	16518380	
342	1	14052771	
343	1	4243861	
344	1	9339497	
345	1	5212513	
346	0	16525359	
347	1	2226764	
348	1	1139345	
349	1	153298	
350	1	1510930	
351	0	16811444	
352	0	16561464	
353	1	5427155	
354	0	16509474	
355	1	5705329	
356	0	16539392	
357	0	16521651	
358	1	13526763	
359	0	16509195	
360	1	2242396	
361	1	16312801	
362	0	16510129	
363	1	1882268	
364	0	16544109	
365	0	16523365	
366	1	9220154	
367	1	1644294	
368	1	3652106	
369	0	16493597	
370	0	16562198	
371	0	16535763	
372	1	13729308	
373	1	2355791	
374	1	8401148	
375	1	7771368	
376	1	4094028	
377	1	3545185	
378	1	1482553	
379	1	1281345	
380	0	16532802	
381	0	16497891	
382	1	13716984	
383	0	16553796	
384	0	16502974	
385	1	6343152	
386	0	16519198	
387	0	16516007	
388	1	272051	
389	1	13013149	
390	1	10234583	
391	0	16502063	
392	0	16531725	
393	1	9156575	
394	1	3453731	
395	1	9680390	
396	1	3293434	
397	1	10922157	
398	1	3272099	
399	1	15902811	
400	0	16555782	
401	1	5848084	
402	1	15436135	
403	1	9384388	
404	1	8100909	
405	1	5140463	
406	0	16514489	
407	0	16509461	
408	1	4980492	
409	1	15471793	
410	1	8389104	
411	0	16498578	
412	0	16552506	
413	0	16486734	
414	1	2510830	
415	0	16501485	
416	0	16492847	
417	1	6117004	
418	1	4896357	
419	1	6718521	
420	1	6883014	
421	1	6217931	
422	1	9666739	
423	1	218946	
424	1	14640565	
425	1	7331085	
426	1	4215092	
427	1	9744146	
428	0	16519549	
429	0	16499254	
430	1	9782113	
431	0	16505801	
432	0	16508849	
433	0	16503523	
434	1	1034019	
435	0	16517896	
436	0	16494939	
437	1	11619052	
438	0	16498622	
439	0	16522643	
440	1	14272843	
441	1	12538052	
442	0	16524604	
443	0	16511632	
444	1	13587185	
445	1	1616177	
446	1	3110606	
447	0	16529495	
448	1	13536495	
449	1	8344011	
450	1	1752927	
451	0	16511311	
452	1	2571710	
453	1	6493461	
454	1	2857404	
455	1	6628600	
456	1	2261588	
457	0	16496952	
458	1	596168	
459	1	1160677	
460	0	16491775	
461	0	16500156	
462	1	9279839	
463	1	324877	
464	0	16488693	
465	0	16489943	
466	1	9715468	
467	1	8645300	
468	0	16529861	
469	0	16512487	
470	1	2915817	
471	1	3291932	
472	0	16504318	
473	1	3824521	
474	1	7831119	
475	1	4789198	
476	1	16027851	
477	1	1010545	
478	0	16530109	
479	0	16497966	
480	1	2279489	
481	1	6264444	
482	0	16509775	
483	1	13904362	
484	1	940373	
485	0	16575496	
486	1	6564486	
487	1	507902	
488	1	186535	
489	1	15295835	
490	1	1160363	
491	0	16542470	
492	1	3398132	
493	0	16525578	
494	1	15104205	
495	0	16516495	
496	1	9955723	
497	0	16496258	
498	1	4196598	
499	0	16497570	
500	1	12166804	
501	1	14731625	
502	1	7433296	
503	1	3402430	
504	1	8538175	
505	0	16484089	
506	1	11483039	
507	1	2952151	
508	0	16493362	
509	0	16514378	
510	1	9146941	
511	0	16486012	
512	1	9021232	
513	1	4298640	
514	1	3938292	
515	0	16506194	
516	0	16534953	
517	1	6886396	
518	0	16511232	
519	0	16534129	
520	1	8075057	
521	1	1872331	
522	1	5346006	
523	0	16561677	
524	1	15072367	
525	1	7509317	
526	1	799365	
527	1	5012867	
528	0	16509553	
529	1	2715339	
530	1	4872527	
531	0	16535206	
532	1	13968752	
533	0	16511462	
534	1	8965366	
535	0	16523338	
536	0	16491888	
537	1	900895	
538	0	16543619	
539	0	16536563	
540	1	2237975	
541	1	1102763	
542	1	9511722	
543	1	9522842	
544	1	12356677	
545	0	16522727	
546	1	13444205	
547	1	2955796	
548	1	2524678	
549	1	2572225	
550	0	16525084	
551	1	277159	
552	1	5690487	
553	1	1270254	
554	1	5632941	
555	1	6724079	
556	1	14885701	
557	0	16529212	
558	0	16525642	
559	0	16520535	
560	1	5017743	
561	1	1594053	
562	1	12981174	
563	1	2774100	
564	1	2258364	
565	1	14248592	
566	0	16559781	
567	1	7894416	
568	1	9546219	
569	0	16513476	
570	1	14961742	
571	1	6245017	
572	0	16507160	
573	0	16549157	
574	0	16539737	
575	1	13631553	
576	1	62303	
577	1	12775211	
578	0	16530996	
579	1	9376962	
580	1	13394920	
581	1	7012274	
582	1	9747048	
583	0	16546288	
584	1	6293555	
585	0	16512423	
586	1	15945825	
587	1	5936466	
588	0	16584648	
589	1	11482396	
590	0	16556185	
591	1	3198621	
592	1	858780	
593	0	16512897	
594	1	12575716	
595	1	1886361	
596	0	16485652	
597	1	15898905	
598	0	16531775	
599	1	5445024	
600	1	3268686	
601	0	16584907	
602	1	8545369	
603	0	16509987	
604	0	16518492	
605	0	16550425	
606	1	16191700	
607	1	11284142	
608	1	7326714	
609	1	2054853	
610	1	13914174	
611	0	16485043	
612	1	11027924	
613	1	2509176	
614	0	16500201	
615	1	12603294	
616	0	16505820	
617	1	13734133	
618	1	12697779	
619	0	16494143	
620	0	16504003	
621	1	4277079	
622	1	3185982	
623	1	7271812	
624	1	1298307	
625	1	11273854	
626	1	3853881	
627	0	16519378	
628	0	16528507	
629	1	466380	
630	0	16523645	
631	1	5253057	
632	1	11753798	
633	1	3229539	
634	0	16510505	
635	1	5057459	
636	0	16518483	
637	0	16520250	
638	1	13277668	
639	1	1280062	
640	1	4114222	
641	0	16522378	
642	1	10135529	
643	1	6944527	
644	1	6636224	
645	1	15369658	
646	0	16517633	
647	0	16508958	
648	1	3662800	
649	0	16495209	
650	1	6520623	
651	0	16512040	
652	0	16539262	
653	1	12478155	
654	0	16539862	
655	0	16567993	
656	0	16567282	
657	1	7793120	
658	1	9034315	
659	0	16501575	
660	1	4531644	
661	0	16524070	
662	0	16515492	
663	0	16553113	
664	0	16528556	
665	1	9115186	
666	1	9706742	
667	0	16500165	
668	0	16550994	
669	1	8212657	
670	0	16519577	
671	0	16501933	
672	1	3604740	
673	0	16514598	
674	1	3105860	
675	0	16526600	
676	1	14413350	
677	1	2649402	
678	1	5818240	
679	0	16489347	
680	1	12119473	
681	1	456661	
682	0	16493560	
683	0	16557558	
684	1	158021	
685	1	9445812	
686	1	14572307	
687	1	12722585	
688	0	16524469	
689	1	2838507	
690	1	2805976	
691	0	16509267	
692	1	2361966	
693	1	5640089	
694	0	16510095	
695	1	5752997	
696	0	16529957	
697	1	8888625	
698	1	10024968	
699	1	15823080	
700	1	3432448	
701	0	16526477	
702	1	2198310	
703	1	7122687	
704	0	16497444	
705	1	16247503	
706	0	16505322	
707	1	2412399	
708	0	16497273	
709	0	16516324	
710	1	4607974	
711	1	1430277	
712	0	16565681	
713	1	15817149	
714	0	16508206	
715	0	16527445	
716	1	374426	
717	0	16533044	
718	0	16538241	
719	1	15318546	
720	1	5354919	
721	1	1992519	
722	1	1824929	
723	1	1513738	
724	0	16553212	
725	1	13328423	
726	0	16500237	
727	1	13922818	
728	1	3942666	
729	0	16510010	
730	0	16502208	
731	1	14069065	
732	1	5966509	
733	1	640162	
734	0	16507134	
735	1	11213736	
736	0	16573125	
737	1	2077397	
738	1	9526088	
739	1	9722693	
740	1	5322356	
741	1	1229343	
742	1	5211077	
743	1	8555828	
744	1	14768472	
745	1	4373093	
746	1	7482225	
747	1	3492098	
748	0	16488804	
749	0	16503339	
750	1	3133914	
751	1	3407818	
752	1	16280406	
753	0	16485128	
754	0	16500784	
755	0	16501478	
756	0	16510333	
757	1	11591028	
758	0	16515894	
759	1	2691203	
760	0	16563443	
761	0	16544703	
762	1	7369296	
763	1	2101718	
764	0	16534635	
765	1	4049151	
766	1	1547153	
767	0	16532305	
768	0	16488059	
769	1	7015011	
770	0	16543624	
771	0	16558285	
772	1	13084491	
773	1	14313202	
774	1	2300101	
775	1	10970066	
776	1	2386596	
777	0	16495667	
778	1	1542482	
779	1	5952059	
780	1	13578956	
781	1	607258	
782	0	16525207	
783	1	13522767	
784	0	16516237	
785	0	16535944	
786	1	1206458	
787	1	4848046	
788	0	16519774	
789	1	4875489	
790	1	13451810	
791	1	8170380	
792	0	16519947	
793	1	3356583	
794	0	16528741	
795	1	5766861	
796	1	1538765	
797	1	6066438	
798	1	8000077	
799	1	825628	
800	1	4693359	
801	1	1273592	
802	1	3139596	
803	0	16544652	
804	1	14130502	
805	0	16556518	
806	1	743847	
807	1	12797590	
808	1	1934549	
809	0	16497939	
810	1	1601325	
811	1	1540716	
812	1	6384406	
813	1	7233249	
814	0	16563496	
815	1	308348	
816	1	7035948	
817	0	16518081	
818	0	16514127	
819	0	16540250	
820	1	14384612	
821	1	4080550	
822	0	16534699	
823	1	2262563	
824	0	16554689	
825	0	16506922	
826	1	9651938	
827	0	16523650	
828	1	8963855	
829	1	9633769	
830	1	8492212	
831	1	1701871	
832	1	3931822	
833	0	16519661	
834	1	2165801	
835	0	16524107	
836	1	5420577	
837	0	16498708	
838	1	2878169	
839	0	16538071	
840	1	10469800	
841	1	10323848	
842	1	238678	
843	1	3466096	
844	1	2109682	
845	1	11244218	
846	1	7982392	
847	1	2806282	
848	1	85343	
849	0	16505639	
850	0	16540508	
851	1	4020331	
852	0	16507521	
853	0	16523304	
854	0	16491397	
855	1	7921897	
856	1	1304872	
857	1	8156678	
858	0	16523045	
859	1	3789071	
860	1	12296307	
861	0	16526962	
862	0	16530828	
863	1	7450478	
864	0	16522646	
865	1	9931276	
866	0	16519427	
867	1	7245422	
868	1	4041709	
869	0	16502207	
870	1	5107336	
871	1	5051814	
872	0	16502772	
873	1	5946710	
874	1	2596836	
875	0	16538173	
876	1	8447433	
877	0	16546800	
878	0	16572931	
879	0	16552786	
880	1	1489251	
881	1	8721048	
882	0	16517588	
883	1	7020874	
884	1	16063576	
885	0	16527616	
886	0	16556808	
887	1	1982762	
888	1	2576926	
889	0	16511836	
890	0	16511427	
891	1	560229	
892	1	16109617	
893	0	16513357	
894	1	7731830	
895	0	16478815	
896	1	10990833	
897	1	3919600	
898	0	16515762	
899	1	903739	
900	0	16535209	
901	1	14695010	
902	1	3241684	
903	1	4608545	
904	1	7841867	
905	1	6760956	
906	1	4698014	
907	0	16488901	
908	1	9969783	
909	0	16505586	
910	0	16542809	
911	1	12474908	
912	0	16537307	
913	0	16518862	
914	1	4186252	
915	1	8812039	
916	1	7086092	
917	1	8300932	
918	0	16537240	
919	1	13175330	
920	1	7187671	
921	1	2307547	
922	0	16536406	
923	1	7465728	
924	0	16605274	
925	0	16601925	
926	0	16520865	
927	0	16540864	
928	0	16499044	
929	0	16543769	
930	0	16526505	
931	1	4797992	
932	0	16491546	
933	1	3249755	
934	0	16510228	
935	1	5089693	
936	1	4208133	
937	0	16532357	
938	0	16542479	
939	0	16518176	
940	1	604887	
941	0	16506155	
942	1	2304097	
943	1	3466786	
944	1	15220397	
945	1	6213435	
946	0	16529867	
947	1	1294545	
948	0	16552445	
949	1	10274682	
950	0	16539285	
951	0	16538817	
952	0	16527168	
953	0	16504172	
954	0	16522194	
955	0	16491128	
956	1	6836657	
957	1	868759	
958	1	5886046	
959	0	16502320	
960	1	10369612	
961	0	16538333	
962	0	16527283	
963	1	8918044	
964	1	1201778	
965	1	12165818	
966	0	16542647	
967	1	15315874	
968	1	6408942	
969	1	1682510	
970	0	16501194	
971	1	3337509	
972	0	16504839	
973	1	12453521	
974	0	16513308	
975	1	2756688	
976	1	9356928	
977	0	16539602	
978	0	16537405	
979	1	13871163	
980	1	2560599	
981	0	16513765	
982	1	7884813	
983	1	14474954	
984	1	16087449	
985	1	12097889	
986	0	16544157	
987	1	10720857	
988	0	16520746	
989	1	4821857	
990	1	4131943	
991	1	1213755	
992	1	3452241	
993	1	12725968	
994	1	7056505	
995	1	12583157	
996	0	16536645	
997	1	10705128	
998	1	8058308	
999	0	16493627	
