203
210
178
175
226
200
214
213
231
235
191
209
132
236
209
389
369
347
484
494
256
490
385
358
359
433
410
414
338
315
929
702
954
585
859
640
595
834
909
781
674
743
597
937
592
1933
1970
1050
1243
2002
1912
1052
1631
1692
1880
1912
1501
1956
1883
1598
3262
2256
3996
2791
2680
3875
2784
2212
3942
2313
2861
3091
3009
3217
3014
8171
6419
7526
4979
6096
5678
4916
7322
7826
5128
4860
4708
4208
6598
7823
11755
13310
11069
13265
15895
9557
14413
13744
11827
8730
11742
15814
9558
13661
15331
28770
29321
18832
18162
27260
23969
30728
29002
27321
31609
24054
29565
20754
24688
17650
42176
46508
34916
46956
38152
53525
35272
58964
46094
60303
59479
51317
63144
54444
33443
83020
72994
85564
86636
101808
114431
118451
111674
78822
66047
67481
117038
73930
110978
121838
162593
193661
197247
204252
239584
163891
242251
258182
180797
227355
134196
245884
219040
151909
138523
289269
323645
308471
338856
365507
336045
357145
301218
358405
299898
308729
274719
374915
268186
316633
622810
836947
581748
536644
540850
665664
809034
552531
562234
700559
993702
665405
669352
926107
624192
1449110
1996832
1553138
1996567
1537782
1273924
1196750
1276018
1079685
1903797
1550479
1603116
1826493
1702369
1752769
2409758
3194408
3876781
3269366
4076987
2451651
3459291
2385468
3222812
3982757
2707728
4156854
3240531
4147953
3667735
4554744
8268683
8244395
6092109
5202289
6396020
6570027
7019028
7621654
7454169
5377452
7981334
5617499
5479164
5945967
12979639
8474589
10873581
16309111
16161867
12122131
8791881
16026299
10880994
13224275
8977666
11719816
16461670
8628192
13234637
29633542
25375820
31389967
28973590
27471562
21997103
30883947
21663558
26950899
22214583
20600037
32163629
25195271
24801269
18490836
62411152
62273188
43295137
47110772
57405923
35506135
49372653
56203475
35971269
57898895
44926174
55328967
48625830
41609629
35727550
115069838
116472017
96680086
123920758
111159929
92723500
111563701
120790952
87494982
130539621
84067140
84471814
85742971
131904643
110134768
184624637
151364471
240055909
164751478
228883184
255691621
157471105
265762860
262603873
176181029
144077924
222197900
261562379
241629682
195210668
388160948
496947343
352674369
446910732
440848828
446626177
271990679
336914366
331202631
373770399
327336288
417865775
464606800
429484495
365044335
956330049
814375795
818116854
918404057
743242559
1070930788
742957588
1028093546
861914221
806183153
1002197212
902826808
989531261
680099420
1046184240
1494520963
1195622960
1584353002
1971825701
1081966309
1418748177
1458448160
1314638025
2025739736
