8.000000 0.900000 0.014572 1948260.906667 30386.136458 15670638.460000 421135.442475 1856761.088148  nan 16987344.211852  nan
9.000000 0.760000 0.013333 3073720.620000 1841.595884 16169402.353333 69142.491160 3076054.766667  nan 16169402.353333  nan
10.000000 0.753333 0.014907 3984442.186667 35780.284489 18577529.340000 347967.341590 3953419.523704  nan 18924726.291852  nan
11.000000 0.933333 0.009428 3256762.506667 49873.746656 37728518.460000 508515.833249 3209966.205926  nan 38219794.665926  nan
12.000000 0.813333 0.013333 5131673.313333 74641.596855 28857923.660000 443791.940074 5071269.006667  nan 29284825.132593  nan
13.000000 0.880000 0.009428 5389318.280000 31359.389508 43291043.506667 346151.711538 5434725.140000  nan 43291043.506667  nan
14.000000 0.813333 0.013333 9747191.180000 104053.997944 59630712.386667 1472155.156024 9630908.896296  nan 60618626.861481  nan
15.000000 1.000000 0.000000 4310068.380000 80261.137377 69472064.386667 719624.177305 4310068.380000 80261.137377 69472064.386667 719624.177305
16.000000 0.993333 0.006667 4984410.946667 148915.606325 69382173.246667 1621835.098608 4841202.366667 41167.433095 70821426.342963 781609.388031
17.000000 0.880000 0.009428 26311509.826667 154833.693628 136802693.446667 1374580.585126 26218527.526667  nan 136802693.446667  nan
18.000000 0.813333 0.013333 24115071.813333 558933.351916 142349976.500000 2089890.690959 23972726.414074  nan 143997315.373333  nan
19.000000 0.860000 0.014572 40314830.633333 505641.399483 192686637.153333 3172414.035599 39331314.293704  nan 196480047.623519  nan
20.000000 0.993333 0.006667 34328573.640000 611020.080341 204984548.720000 2567538.183984 33755786.908148 212747.039799 206337542.293333 2184092.035566
21.000000 0.900000 0.016480 49322870.606667 1105119.537205 282804281.986667 6025044.065660 47266563.907275  nan 297081524.450185  nan
22.000000 0.760000 0.019373 69129289.126667 1066468.638108 251258518.086667 7427903.686446 64835754.190794  nan 299802219.187619  nan
23.000000 0.860000 0.020245 73991836.980000 1917394.313386 353603965.386667 11453651.406626 69370808.528889  nan 392260009.254074  nan
24.000000 0.826667 0.025337 102882711.326667 3159687.524245 415357792.213333 15686310.939031 90794925.890370 2186723.325779 507023536.652037 10247276.178863
25.000000 0.700000 0.027307 136681533.840000 3578315.600570 404616502.840000 18751778.568263 119931683.434444  nan 513981815.922593  nan
26.000000 0.533333 0.031427 194810770.446667 4633639.968739 303817692.153333 20278075.547151 162981198.698995  nan 483000479.273810  nan
27.000000 0.466667 0.033993 252059687.980000 6422428.351457 302642534.146667 25030053.189375 210510980.982063  nan 486775227.405926  nan
28.000000 0.466667 0.033110 278831186.346667 8012630.309691 290325045.006667 24164270.895270 231826355.081587  nan 465870804.271376  nan
29.000000 0.380000 0.031817 374411968.680000 7798022.101126 292129392.960000 28756506.766941 327588738.252116  nan 501604913.157936  nan
30.000000 0.246667 0.031348 436401446.793333 7809358.623047 123289531.180000 21976296.134636 374630341.113333  nan 328939914.780000  nan
31.000000 0.386667 0.033407 466285674.173333 11276546.283271 341002353.793333 39989532.137855 383863703.705238  nan 664202391.919921  nan
