# N1 = 66889
# N2 = 104723
# N  = 7004816747
# Nc = 80000
# Na = 1000
# Fc = 0.997
# kB = 4096
#
# run	success	duration[mus]	usedNa
0	0	19108898	0
1	0	18537527	0
2	0	20913932	0
3	0	19709552	0
4	0	19242730	0
5	0	20571400	0
6	0	19870609	0
7	0	19686721	0
8	1	64289	37
9	0	19620744	0
10	0	20628435	0
11	0	22324962	0
12	0	22744722	0
13	1	7993868	5206
14	0	15439359	0
15	1	8056942	5264
16	0	19606334	0
17	0	19387287	0
18	0	18841975	0
19	0	19588634	0
20	1	11936377	6279
21	0	19899060	0
22	0	19072010	0
23	1	7074068	4539
24	0	19650045	0
25	0	19173212	0
26	1	2996798	1953
27	1	907946	582
28	0	21419225	0
29	0	19035304	0
30	0	15433340	0
31	0	19450508	0
32	0	19982782	0
33	0	19333078	0
34	0	19517033	0
35	0	19854664	0
36	1	6957147	4540
37	1	12199251	6406
38	1	13598691	8876
39	0	19072514	0
40	0	18598006	0
41	0	22157988	0
42	0	20436752	0
43	1	2865647	1882
44	0	20487815	0
45	0	20701650	0
46	0	16092413	0
47	1	6297298	4114
48	1	14532472	9492
49	0	15408883	0
50	0	21452551	0
51	0	20646462	0
52	1	2514285	1632
53	0	20136064	0
54	1	3343085	2077
55	1	1694275	670
56	0	15427753	0
57	0	20324943	0
58	0	22432931	0
59	0	15478111	0
60	0	22781776	0
61	0	21568739	0
62	1	3328093	2167
63	0	20441436	0
64	0	22575401	0
65	0	21514156	0
66	0	15423367	0
67	1	3801046	2499
68	0	15394635	0
69	0	20098892	0
70	0	22283953	0
71	0	21723167	0
72	1	12397732	6410
73	0	21669359	0
74	0	22271975	0
75	0	22700467	0
76	1	1458464	954
77	0	15404551	0
78	1	3032836	1986
79	0	21254766	0
80	1	3345794	2196
81	0	22784292	0
82	0	21602512	0
83	1	15121515	9922
84	0	20316687	0
85	1	3559601	2312
86	0	20637895	0
87	1	11244894	7377
88	0	20307599	0
89	0	22513668	0
90	0	22867107	0
91	0	22824238	0
92	1	2522551	816
93	0	22748217	0
94	0	15446393	0
95	0	21556152	0
96	0	22664909	0
97	0	21675705	0
98	0	21076277	0
99	0	21593998	0
100	0	20753797	0
101	1	1770527	1148
102	0	19851611	0
103	0	19782595	0
104	0	19065216	0
105	0	19565223	0
106	0	20373780	0
107	0	22608144	0
108	0	19877127	0
109	0	20587365	0
110	0	15487831	0
111	1	12060616	7881
112	0	15436130	0
113	0	19764629	0
114	0	15477871	0
115	0	18952979	0
116	0	18851061	0
117	0	20984719	0
118	1	7572476	4923
119	0	19001651	0
120	1	1733933	914
121	0	18623325	0
122	1	1093436	713
123	1	10820307	7036
124	0	21111511	0
125	1	3156755	1443
126	1	2838042	1853
127	0	18645190	0
128	0	20508053	0
129	1	11096157	7229
130	1	10112744	5119
131	0	19634841	0
132	0	19913447	0
133	0	19905205	0
134	0	20038291	0
135	1	2998633	1955
136	1	9893631	6454
137	0	22689291	0
138	1	8094086	3663
139	0	19294530	0
140	0	15435730	0
141	1	1322106	858
142	1	9247238	5818
143	0	19441418	0
144	0	22540936	0
145	0	19607163	0
146	1	10436417	5505
147	1	9177355	5987
148	0	19554881	0
149	0	15501872	0
150	0	19487492	0
151	1	3453878	1576
152	0	20670146	0
153	0	15483139	0
154	0	19731446	0
155	0	19852308	0
156	0	20945296	0
157	0	18880767	0
158	0	18830030	0
159	1	2525922	1180
160	1	6526648	4247
161	0	20110088	0
162	0	19286547	0
163	1	10100448	6598
164	1	10732996	4949
165	0	19632123	0
166	0	15440872	0
167	0	19268650	0
168	0	21185157	0
169	1	1588022	1040
170	0	19799506	0
171	1	16540939	8958
172	0	20351907	0
173	0	21347996	0
174	0	19697598	0
175	0	20735874	0
176	0	19228415	0
177	0	19807948	0
178	0	20672462	0
179	0	19570893	0
180	0	15421319	0
181	1	16037190	8638
182	1	16573123	8858
183	0	19405628	0
184	1	4852538	2563
185	0	19893084	0
186	0	22245517	0
187	1	13888535	9063
188	0	22371333	0
189	1	16605144	8857
190	0	20504547	0
191	1	11725527	6031
192	1	16686217	8904
193	0	20166508	0
194	1	646900	420
195	0	19275819	0
196	0	20915628	0
197	0	19474951	0
198	0	21910186	0
199	0	19794896	0
200	1	12433545	6327
201	0	19839866	0
202	0	20087525	0
203	0	19633796	0
204	0	19777434	0
205	0	19770461	0
206	0	19845192	0
207	0	15417336	0
208	1	486052	315
209	0	19526965	0
210	1	3215543	1961
211	0	19110804	0
212	0	22028397	0
213	0	22029337	0
214	0	20395822	0
215	0	15428102	0
216	0	19758508	0
217	0	18883201	0
218	0	18983700	0
219	0	20117032	0
220	0	20949539	0
221	0	22648504	0
222	0	21142560	0
223	1	13047814	8571
224	0	15414093	0
225	1	10236908	5394
226	0	19169645	0
227	0	22223180	0
228	0	15429055	0
229	0	22007149	0
230	0	22138882	0
231	0	22825511	0
232	0	20817771	0
233	0	22550427	0
234	1	2816281	1823
235	0	19635535	0
236	0	15439992	0
237	0	19477621	0
238	0	19333822	0
239	0	20167066	0
240	1	12049336	7932
241	0	15409910	0
242	0	20164923	0
243	1	6481445	3887
244	0	20749604	0
245	0	22270835	0
246	0	22309574	0
247	1	16042865	7462
248	0	19858201	0
249	0	19062754	0
250	0	19069134	0
251	0	19578050	0
252	0	19076813	0
253	0	19695767	0
254	0	21751439	0
255	0	20737847	0
256	0	21934485	0
257	0	15420615	0
258	1	2989351	1944
259	0	20436904	0
260	0	19724800	0
261	0	19654208	0
262	1	5703681	3008
263	0	19925877	0
264	0	19989387	0
265	0	19828146	0
266	0	21000493	0
267	0	20886960	0
268	0	19254757	0
269	0	19616542	0
270	0	19703093	0
271	1	4485286	2928
272	0	19393818	0
273	0	19352309	0
274	0	19373926	0
275	0	19257334	0
276	0	20033543	0
277	0	15433539	0
278	0	19214165	0
279	0	19211975	0
280	0	18630224	0
281	1	3194712	2087
282	1	8221783	4555
283	0	18993308	0
284	0	15492811	0
285	0	19692030	0
286	0	22696432	0
287	1	1604716	1045
288	0	20941982	0
289	1	2499346	1628
290	0	22683830	0
291	0	21482712	0
292	0	21017097	0
293	0	15424598	0
294	0	19718174	0
295	0	15452511	0
296	0	18488320	0
297	1	4091204	2665
298	0	22576889	0
299	0	21220601	0
300	0	19821541	0
301	0	19420840	0
302	1	13163369	7825
303	0	19605898	0
304	0	19405978	0
305	1	12587108	8202
306	1	8943838	4257
307	0	19630477	0
308	0	18944743	0
309	0	20153133	0
310	1	6251640	4058
311	0	18680900	0
312	1	7825943	3784
313	0	22522286	0
314	1	3317389	1932
315	0	19304692	0
316	0	22551107	0
317	0	20835304	0
318	0	19780504	0
319	1	3164194	2070
320	0	21741621	0
321	0	15461130	0
322	0	20513679	0
323	0	19812462	0
324	0	22653529	0
325	0	22706324	0
326	0	20990175	0
327	1	4536580	2895
328	0	21460352	0
329	0	19701058	0
330	0	19531957	0
331	0	18816393	0
332	0	20068339	0
333	0	20001471	0
334	0	20209309	0
335	1	3236300	2115
336	1	6708750	3357
337	0	18624927	0
338	0	19642226	0
339	0	19024944	0
340	1	651830	300
341	0	19999785	0
342	0	19937950	0
343	0	21984825	0
344	0	19701103	0
345	1	10633874	6935
346	1	9765278	4792
347	0	20539395	0
348	0	15408189	0
349	0	20590896	0
350	1	2837851	1869
351	0	22441056	0
352	0	21180442	0
353	0	21791297	0
354	1	6004562	3942
355	0	18990511	0
356	0	19239506	0
357	0	19114647	0
358	0	22275943	0
359	1	9184772	3508
360	1	514946	332
361	0	18382938	0
362	1	6130652	3577
363	0	22481340	0
364	0	19158207	0
365	0	20120744	0
366	0	19646604	0
367	1	12433627	4036
368	1	14416853	9097
369	0	19522853	0
370	0	15404414	0
371	0	20746704	0
372	1	5988503	3223
373	0	20057449	0
374	0	15412932	0
375	0	15400564	0
376	1	1960918	1281
377	0	20837500	0
378	0	19871663	0
379	0	19401340	0
380	0	21009278	0
381	1	1116920	725
382	0	22439412	0
383	1	1570235	635
384	1	6649381	4356
385	0	21507788	0
386	0	15410708	0
387	0	22640647	0
388	1	10115603	6658
389	0	20419181	0
390	1	5952036	3907
391	0	21840219	0
392	1	5064715	2503
393	1	14500418	5462
394	0	21663721	0
395	1	19781194	8384
396	0	18594051	0
397	0	15402697	0
398	1	8543419	3583
399	0	22813147	0
400	0	22846245	0
401	0	22788236	0
402	1	6828285	4347
403	0	20736281	0
404	0	20468816	0
405	0	20960051	0
406	0	19689616	0
407	1	16644745	7526
408	0	20253748	0
409	1	3431045	1658
410	1	13342643	8714
411	0	18983244	0
412	1	3705309	1781
413	1	4558361	2687
414	1	8727571	5694
415	0	18419108	0
416	0	22541283	0
417	0	15467413	0
418	0	19168973	0
419	1	13231837	8615
420	0	22713674	0
421	1	19622639	9440
422	0	18195260	0
423	0	22614728	0
424	1	679064	441
425	0	19085959	0
426	0	21274065	0
427	0	15432864	0
428	0	20858183	0
429	0	20515627	0
430	0	15408049	0
431	0	20446184	0
432	0	19820272	0
433	0	22614611	0
434	0	22545635	0
435	1	948640	607
436	0	21779922	0
437	0	19572962	0
438	0	22728261	0
439	0	22010815	0
440	1	8691926	5695
441	0	20578888	0
442	0	21404746	0
443	1	14723432	7679
444	0	19464674	0
445	0	22791359	0
446	0	21962502	0
447	0	19083485	0
448	1	10317205	6780
449	1	830464	543
450	0	15726899	0
451	0	19221064	0
452	1	5809189	3813
453	0	22769860	0
454	0	20534241	0
455	1	9637859	6325
456	0	22166021	0
457	0	21007906	0
458	0	19619616	0
459	0	20109156	0
460	0	21406701	0
461	0	22822045	0
462	0	21314583	0
463	1	2550578	1109
464	0	20303561	0
465	0	22311886	0
466	0	21888332	0
467	0	22071779	0
468	1	1705598	1102
469	1	5130091	2100
470	0	22804517	0
471	1	9946019	6440
472	0	19738380	0
473	0	19715595	0
474	0	22807846	0
475	1	14928586	9814
476	0	19409869	0
477	1	1098647	711
478	0	20342529	0
479	1	6723335	4294
480	1	2546969	1677
481	0	20482880	0
482	0	19236728	0
483	0	21349031	0
484	0	15408079	0
485	0	22843864	0
486	1	1243250	806
487	0	21581914	0
488	0	20006201	0
489	0	22404746	0
490	0	19799022	0
491	0	20135042	0
492	0	19978774	0
493	0	22154591	0
494	0	19976706	0
495	0	18944313	0
496	1	13705009	7921
497	1	14343097	7740
498	0	15902520	0
499	0	19361951	0
500	1	12336362	8122
501	0	22402307	0
502	1	17052047	7825
503	1	17206382	8227
504	0	20135385	0
505	0	18612068	0
506	0	20156196	0
507	0	19091322	0
508	0	22315445	0
509	0	21405171	0
510	0	20000607	0
511	1	10173353	5433
512	0	20031011	0
513	0	22411049	0
514	1	10842560	7064
515	0	19240323	0
516	0	15429733	0
517	0	19493705	0
518	0	19548465	0
519	1	6369338	4160
520	0	21490032	0
521	0	19765401	0
522	1	10759109	7068
523	0	18820946	0
524	0	21871412	0
525	0	15427090	0
526	0	20851025	0
527	0	20997442	0
528	0	22697559	0
529	0	18430906	0
530	0	19808708	0
531	0	20218834	0
532	0	20623773	0
533	0	20133845	0
534	0	22007248	0
535	1	6040477	3940
536	0	19690289	0
537	0	18849004	0
538	0	19512236	0
539	1	13658396	8910
540	0	19119070	0
541	1	45410	23
542	0	15411262	0
543	0	19607106	0
544	0	19070238	0
545	1	12103222	7885
546	0	19807598	0
547	1	14845055	9675
548	0	21303877	0
549	1	4963634	3243
550	1	4156913	2712
551	0	18676528	0
552	0	20131258	0
553	0	19406723	0
554	1	11094377	5836
555	0	20723141	0
556	0	19091017	0
557	1	11657852	5741
558	0	18960334	0
559	0	22053798	0
560	0	20437648	0
561	1	5060626	3306
562	0	22629932	0
563	0	22503060	0
564	0	21797904	0
565	0	20557758	0
566	1	1611215	830
567	0	19255525	0
568	0	15410452	0
569	0	19623193	0
570	1	3485348	2261
571	0	19327321	0
572	1	11597352	7567
573	0	19571106	0
574	0	19608594	0
575	1	19215362	9092
576	1	3482394	2276
577	0	19708231	0
578	0	21888601	0
579	1	16050242	9282
580	1	11796290	3951
581	0	22670062	0
582	0	22704382	0
583	0	18867621	0
584	1	3704388	1979
585	1	4004407	1975
586	1	3781690	2485
587	0	19046051	0
588	0	21892240	0
589	0	20741740	0
590	0	21404965	0
591	0	19862274	0
592	0	21691521	0
593	0	19943209	0
594	1	8843915	5747
595	0	20247512	0
596	0	19328399	0
597	0	19449779	0
598	1	5454005	2807
599	1	16174256	6748
600	0	20865541	0
601	0	19531749	0
602	0	15475619	0
603	0	18759704	0
604	1	3249299	2135
605	0	20038308	0
606	1	14928155	7702
607	1	16592851	8753
608	0	20490761	0
609	1	1778093	1147
610	0	19419517	0
611	0	20824759	0
612	0	19084978	0
613	0	19483964	0
614	0	15474210	0
615	0	19409843	0
616	0	18905457	0
617	0	20022594	0
618	1	6802485	4436
619	0	18926546	0
620	0	15400416	0
621	1	15452444	5184
622	0	22649205	0
623	0	22602335	0
624	0	20312348	0
625	0	19949741	0
626	0	19459651	0
627	1	4992168	2677
628	0	20066801	0
629	0	22633358	0
630	1	1016190	650
631	1	18718136	8099
632	1	9074481	5965
633	0	22647977	0
634	0	22825596	0
635	0	22847546	0
636	1	5557908	1796
637	1	15702554	9537
638	0	20264964	0
639	0	19248723	0
640	0	18758230	0
641	0	15427765	0
642	0	20173500	0
643	1	5534788	3613
644	0	20126482	0
645	0	18350408	0
646	0	20129444	0
647	0	19503734	0
648	0	19936989	0
649	1	11254488	7359
650	0	18759465	0
651	0	22211284	0
652	0	22728638	0
653	0	21506287	0
654	0	15435489	0
655	1	8989479	3671
656	1	19189005	8822
657	0	19873478	0
658	0	21335401	0
659	0	15422794	0
660	1	14395260	6990
661	0	19246405	0
662	0	19369317	0
663	0	20589489	0
664	1	2740112	1795
665	1	11271376	3674
666	0	21646795	0
667	1	86697	50
668	0	19610756	0
669	1	17811702	6870
670	0	21280865	0
671	0	20511832	0
672	1	10752975	5108
673	0	19683382	0
674	1	1757796	757
675	0	20221103	0
676	0	19016005	0
677	1	861857	335
678	1	11244504	7392
679	1	9374668	6165
680	1	7283714	4786
681	1	13742617	9051
682	0	19644412	0
683	1	16086567	7499
684	0	22625629	0
685	1	7217158	3481
686	0	19536957	0
687	0	21874255	0
688	1	13343069	8677
689	1	15652000	7984
690	0	18993281	0
691	0	21604625	0
692	0	22823306	0
693	0	21062673	0
694	0	22597733	0
695	0	22061845	0
696	0	21030598	0
697	0	19865302	0
698	0	15414685	0
699	0	20494591	0
700	0	20947732	0
701	0	20297481	0
702	0	19869135	0
703	0	21718243	0
704	1	6541176	4164
705	0	20137708	0
706	0	21231040	0
707	0	20826702	0
708	0	20556127	0
709	1	4024086	2407
710	0	21686437	0
711	1	9147612	3857
712	0	22739423	0
713	0	20768570	0
714	1	550957	355
715	0	19038106	0
716	0	22830732	0
717	0	20590486	0
718	1	7596341	2463
719	0	20595782	0
720	1	7500651	4864
721	0	20719396	0
722	1	9940631	5180
723	0	19406839	0
724	1	12185274	8020
725	0	21527274	0
726	0	22652211	0
727	0	22701418	0
728	0	22695320	0
729	1	10322411	6717
730	0	22581848	0
731	0	21329078	0
732	0	21421313	0
733	0	22651273	0
734	1	10726897	5875
735	0	15420404	0
736	0	19544751	0
737	1	5585286	3668
738	0	21315276	0
739	0	21523498	0
740	0	21094023	0
741	1	994858	643
742	0	22308236	0
743	0	19966955	0
744	0	20772616	0
745	0	20327098	0
746	1	564542	364
747	0	19427987	0
748	0	19514443	0
749	0	20337114	0
750	0	21789906	0
751	0	20304169	0
752	1	15051162	9763
753	0	22844496	0
754	0	22709300	0
755	1	13017940	8566
756	0	15437643	0
757	1	22765341	9978
758	0	21325146	0
759	1	415352	267
760	0	19719956	0
761	1	229601	141
762	1	17266103	7892
763	0	19538507	0
764	1	9217625	5473
765	0	18831651	0
766	1	6038520	3977
767	1	5932621	3903
768	0	20437091	0
769	0	19643475	0
770	0	22677275	0
771	0	22818193	0
772	0	21353264	0
773	0	20561021	0
774	0	22851393	0
775	0	15443948	0
776	1	16703980	7656
777	0	20800908	0
778	1	4667969	2215
779	0	20289756	0
780	0	18992275	0
781	1	6115101	1983
782	0	21157108	0
783	1	16578089	8729
784	1	2136528	1400
785	0	19157942	0
786	1	130576	81
787	1	3688703	2421
788	0	19358950	0
789	1	6297755	4111
790	0	22596694	0
791	1	12563560	8183
792	0	19933696	0
793	0	19363542	0
794	1	12749287	7186
795	0	15526630	0
796	0	22696621	0
797	1	12355232	5759
798	0	17932044	0
799	0	19717552	0
800	0	15454442	0
801	1	2230535	1350
802	0	19203467	0
803	0	19707979	0
804	1	10475081	4930
805	0	19502539	0
806	0	20220168	0
807	1	286255	184
808	0	22662905	0
809	0	21428869	0
810	1	1956144	1253
811	0	21158287	0
812	1	10055408	6553
813	0	19920644	0
814	1	6602930	4273
815	0	20613712	0
816	1	1190217	779
817	0	22262862	0
818	0	19908207	0
819	1	2497998	1629
820	1	12885501	8510
821	0	22416277	0
822	0	21402283	0
823	0	19033633	0
824	1	6683743	3848
825	1	10066456	6559
826	0	21558643	0
827	1	5530254	3622
828	0	19350874	0
829	0	19079820	0
830	1	15330422	8246
831	0	21166938	0
832	0	22722518	0
833	1	9289070	6078
834	0	21142214	0
835	0	15454632	0
836	1	2874992	1872
837	0	18959277	0
838	1	13398639	8743
839	0	21992785	0
840	0	19474830	0
841	1	11791123	6162
842	0	19853231	0
843	1	17647509	9206
844	0	19794010	0
845	0	19729083	0
846	0	18947154	0
847	0	21400690	0
848	0	19828817	0
849	0	22352235	0
850	0	21177263	0
851	1	10723391	6999
852	0	19684731	0
853	1	3198554	2091
854	0	19246041	0
855	0	22634304	0
856	0	22422982	0
857	0	19359156	0
858	0	19906108	0
859	0	22581220	0
860	0	20253945	0
861	0	21068037	0
862	1	9424009	4018
863	1	2539803	1652
864	0	19311213	0
865	0	20377369	0
866	0	22624044	0
867	0	20372822	0
868	0	20431797	0
869	1	13368975	8681
870	1	1889618	986
871	0	22192897	0
872	1	12554824	8249
873	0	22700804	0
874	0	22691670	0
875	0	22704856	0
876	0	22700900	0
877	0	22697682	0
878	0	22569160	0
879	0	22673525	0
880	1	9319408	3067
881	0	22733935	0
882	0	22491338	0
883	0	22482994	0
884	0	15495351	0
885	1	10532758	6879
886	0	19976591	0
887	0	19157427	0
888	0	21088614	0
889	1	10997954	7141
890	0	19528817	0
891	0	17372419	0
892	1	2652047	1175
893	0	19621626	0
894	1	477943	236
895	0	19629777	0
896	0	20701641	0
897	0	20999187	0
898	1	948729	609
899	0	19433385	0
900	0	20644339	0
901	0	21942066	0
902	0	19162843	0
903	1	10851044	7077
904	0	19081375	0
905	0	21881498	0
906	0	20442390	0
907	0	19801954	0
908	1	13934705	9171
909	1	5412155	2964
910	0	19349413	0
911	0	20177784	0
912	0	20768993	0
913	1	19940007	9817
914	0	19143110	0
915	1	14873624	9696
916	1	13566849	8855
917	1	2078325	1329
918	0	19148489	0
919	0	18864446	0
920	0	22491577	0
921	0	21126163	0
922	1	6798157	4094
923	0	20243052	0
924	0	20438589	0
925	0	19504424	0
926	1	4617838	2748
927	1	1663670	922
928	1	12534576	7777
929	1	8780700	4099
930	1	17705499	8114
931	0	20226895	0
932	1	12365800	8118
933	0	22151739	0
934	1	12659925	8285
935	0	19219782	0
936	0	20971270	0
937	1	2573507	1565
938	0	15451802	0
939	0	19036384	0
940	0	19284553	0
941	0	22448926	0
942	0	19472403	0
943	0	19984457	0
944	0	21685392	0
945	0	20079526	0
946	1	10802365	3684
947	0	22742069	0
948	0	15423553	0
949	0	22500758	0
950	0	17996542	0
951	0	19751876	0
952	0	19819993	0
953	0	21346117	0
954	0	15434311	0
955	1	1797674	1173
956	0	19973890	0
957	0	19835659	0
958	1	6598561	4239
959	0	22317650	0
960	0	22399388	0
961	1	11995219	7804
962	1	1410051	594
963	1	13091036	8562
964	1	10211362	6672
965	1	18156142	9968
966	1	12692823	7675
967	1	7227356	4234
968	1	8193554	5350
969	0	19315369	0
970	1	20219360	8368
971	0	15419228	0
972	0	20231116	0
973	0	18925081	0
974	1	5896820	3806
975	0	20534330	0
976	1	14395998	4800
977	0	22687213	0
978	1	13415465	8349
979	1	6046630	3940
980	0	19510600	0
981	0	18944510	0
982	0	19554500	0
983	1	11888451	6276
984	0	19472706	0
985	1	210325	135
986	1	6056168	3326
987	1	10068510	6627
988	0	18574730	0
989	1	1378927	892
990	0	19026647	0
991	1	9348213	6121
992	1	12416042	8128
993	1	210957	136
994	0	19724092	0
995	1	17674209	9219
996	1	7276504	3591
997	1	12496864	8209
998	0	19801029	0
999	0	19112149	0
1000	0	19387297	0
1001	0	22328851	0
1002	0	21118602	0
1003	0	20108311	0
1004	1	4549711	2960
1005	0	20663663	0
1006	0	20603840	0
1007	0	20303231	0
1008	0	21080931	0
1009	0	20493259	0
1010	0	21215506	0
1011	0	19214588	0
1012	0	15429218	0
1013	0	21468356	0
1014	1	6676943	3748
1015	0	19730649	0
1016	0	22819740	0
1017	0	21693149	0
1018	1	4219559	1709
1019	0	21172891	0
1020	0	19685458	0
1021	0	22697632	0
1022	0	21088327	0
1023	0	21071928	0
1024	0	19885757	0
1025	0	19226415	0
1026	0	20376121	0
1027	0	19975710	0
1028	0	20039958	0
1029	1	4543402	2945
1030	0	22182273	0
1031	0	22463902	0
1032	1	6625991	4291
1033	1	12430549	7964
1034	1	13214324	8604
1035	0	22589936	0
1036	0	20964136	0
1037	0	22780409	0
1038	0	21126780	0
1039	1	12834381	8316
1040	0	22805927	0
1041	0	20333969	0
1042	1	15257201	5159
1043	0	20043599	0
1044	0	20076436	0
1045	0	19699695	0
1046	0	20708716	0
1047	0	19265039	0
1048	0	20690435	0
1049	0	20255526	0
1050	0	22242542	0
1051	0	20996736	0
1052	0	21008119	0
1053	0	19484750	0
1054	0	15398687	0
1055	1	7377221	4172
1056	0	20487971	0
1057	0	19040903	0
1058	0	18977309	0
1059	0	20111295	0
1060	1	3709299	2426
1061	1	3458054	2253
1062	1	15314304	8003
1063	1	2906838	1891
1064	0	19312246	0
1065	0	19049199	0
1066	1	12904111	6459
1067	0	19865891	0
1068	0	19878784	0
1069	0	20473833	0
1070	0	19949178	0
1071	1	3453953	2256
1072	0	21071863	0
1073	0	20391198	0
1074	0	22587487	0
1075	0	22254625	0
1076	1	9519523	6225
1077	1	11520631	7166
1078	0	19259895	0
1079	1	5714166	3727
1080	1	4660347	3030
1081	0	21877991	0
1082	1	14930334	9790
1083	1	17526691	8004
1084	0	19898642	0
1085	0	20010294	0
1086	0	18999744	0
1087	1	4603759	3005
1088	0	19205804	0
1089	0	19142844	0
1090	0	21054390	0
1091	0	19289690	0
1092	0	19281355	0
1093	0	22328728	0
1094	1	11316019	6743
1095	0	22606795	0
1096	1	9230263	6073
1097	0	20224324	0
1098	0	18548306	0
1099	0	19137859	0
1100	0	20822285	0
1101	1	9053064	4304
1102	0	19063940	0
1103	0	19418511	0
1104	1	5530721	3581
1105	0	19836854	0
1106	0	19693701	0
1107	0	15477657	0
1108	0	19607399	0
1109	0	19380100	0
1110	0	15432491	0
1111	1	17566749	9025
1112	0	15411686	0
1113	0	19876830	0
1114	0	22523777	0
1115	0	18837662	0
1116	0	22331428	0
1117	0	21622958	0
1118	0	20553795	0
1119	0	21398710	0
1120	0	20803581	0
1121	0	20491733	0
1122	0	20910768	0
1123	0	20584662	0
1124	1	6165450	4022
1125	0	15455898	0
1126	1	12241105	8087
1127	1	8304549	5426
1128	0	19966603	0
1129	1	546958	354
1130	0	18542093	0
1131	1	4097848	2672
1132	1	16791519	9075
1133	0	18775224	0
1134	1	10360704	6742
1135	0	18793522	0
1136	0	21113534	0
1137	0	19683968	0
1138	1	2900235	1263
1139	1	2427232	1562
1140	0	19319695	0
1141	1	15505187	9410
1142	0	19190645	0
1143	0	19520908	0
1144	0	20069814	0
1145	1	15011396	7942
1146	1	6247703	4070
1147	1	7927311	4215
1148	1	5598548	3251
1149	1	6234689	3155
1150	1	10953904	6015
1151	0	19097571	0
1152	0	15414772	0
1153	0	19798921	0
1154	0	20500484	0
1155	0	15423485	0
1156	1	2843603	1357
1157	0	18872781	0
1158	1	10623681	6236
1159	0	19228380	0
1160	0	18976201	0
1161	1	10485137	6854
1162	0	20228885	0
1163	0	20643360	0
1164	0	19822951	0
1165	0	19777790	0
1166	0	18555519	0
1167	1	17230679	9628
1168	0	15454461	0
1169	0	19096752	0
1170	0	20805076	0
1171	0	15436351	0
1172	0	19584194	0
1173	0	20048328	0
1174	0	19623112	0
1175	1	1704323	1101
1176	1	2022551	1318
1177	0	19573128	0
1178	0	22585282	0
1179	0	20375108	0
1180	1	29189	13
1181	1	12838014	8377
1182	1	15529846	8776
1183	0	19255367	0
1184	0	20346295	0
1185	0	20204280	0
1186	0	19709258	0
1187	0	21118644	0
1188	0	19318674	0
1189	0	19692813	0
1190	0	19760928	0
1191	0	18768126	0
1192	0	15430395	0
1193	0	19780829	0
1194	1	9587684	6067
1195	0	20407728	0
1196	0	19675575	0
1197	1	8192531	3684
1198	0	22060951	0
1199	0	18964952	0
