# N1 = 66889
# N2 = 104723
# N  = 7004816747
# Nc = 80000
# Na = 1000
# Fc = 0.997
# kB = 729
#
# run	success	duration[mus]	usedNa
0	0	20606887	0
1	1	11314665	7445
2	0	19925615	0
3	0	21022442	0
4	1	9464822	4527
5	0	20142790	0
6	0	22720687	0
7	0	20888206	0
8	0	22710191	0
9	0	21947022	0
10	1	1779965	1152
11	0	20358475	0
12	0	20512896	0
13	0	20611331	0
14	1	1629893	1054
15	0	19590431	0
16	1	11546783	7568
17	0	20567077	0
18	0	19473656	0
19	0	19602075	0
20	0	21292937	0
21	0	19833051	0
22	1	13689273	8952
23	0	19970246	0
24	0	19522894	0
25	1	2382676	1557
26	0	22579517	0
27	0	15484463	0
28	0	21558829	0
29	0	15411133	0
30	0	20730754	0
31	0	20003449	0
32	0	19400507	0
33	1	60141	36
34	0	20265218	0
35	0	22748635	0
36	1	12222724	7964
37	0	20470775	0
38	1	15016408	9827
39	0	19621518	0
40	0	18833843	0
41	0	19434536	0
42	0	15435414	0
43	0	19665499	0
44	1	274682	89
45	0	19143906	0
46	0	19967212	0
47	0	19297288	0
48	0	19868639	0
49	0	21963327	0
50	0	21262171	0
51	0	15470372	0
52	1	15604300	8095
53	0	19225159	0
54	0	15468090	0
55	0	15462098	0
56	0	19833672	0
57	0	19014594	0
58	0	21896023	0
59	0	19824562	0
60	0	20165606	0
61	0	20720955	0
62	0	20928651	0
63	0	15441323	0
64	0	18218054	0
65	0	15445581	0
66	1	8273690	5434
67	0	20631403	0
68	0	20403817	0
69	0	22279621	0
70	1	2401338	1575
71	0	15432572	0
72	0	22406634	0
73	0	22619029	0
74	0	21167984	0
75	0	20488725	0
76	0	19274649	0
77	0	19282271	0
78	0	19176225	0
79	0	19879131	0
80	0	19734636	0
81	0	20396563	0
82	1	5536321	3188
83	0	21960409	0
84	0	15413588	0
85	1	7524790	4899
86	1	16099324	7443
87	1	9951322	4785
88	0	19060293	0
89	0	20442981	0
90	0	19511375	0
91	0	15443001	0
92	1	6777556	3541
93	0	18679243	0
94	1	9667816	5422
95	1	7500396	4882
96	1	1195548	586
97	0	15426670	0
98	0	15444870	0
99	0	22067018	0
100	1	7453405	4891
101	0	21576085	0
102	0	21080394	0
103	1	8657567	4815
104	0	19228270	0
105	1	9155054	4630
106	0	16507206	0
107	1	12250018	5828
108	1	16854249	8811
109	0	15417370	0
110	1	8254882	4692
111	1	20375282	9699
112	0	19942393	0
113	0	15474151	0
114	0	22441376	0
115	0	15408330	0
116	1	1337066	879
117	0	18975340	0
118	1	418140	270
119	1	18399830	9933
120	1	162099	103
121	1	4612116	3014
122	0	20315114	0
123	0	19149474	0
124	1	7587911	4478
125	0	15418368	0
126	0	18929112	0
127	1	9928933	6476
128	0	15496307	0
129	0	20041119	0
130	1	4683571	3058
131	0	19430955	0
132	0	19745641	0
133	0	19419083	0
134	1	7384031	4667
135	1	4441405	2901
136	0	22452095	0
137	0	20040219	0
138	1	11449583	7457
139	0	19598368	0
140	0	20446660	0
141	0	20236747	0
142	0	22793590	0
143	1	2285851	1497
144	0	22745698	0
145	1	11905824	6059
146	0	21601824	0
147	0	16628108	0
148	0	19709349	0
149	1	17047	8
150	1	532112	344
151	0	19370498	0
152	0	20027257	0
153	0	15432343	0
154	0	19585429	0
155	0	21746604	0
156	0	18887044	0
157	1	2995334	1937
158	0	20008987	0
159	1	6107543	3965
160	0	19641017	0
161	1	6043382	2927
162	0	18694930	0
163	0	22716003	0
164	0	20287347	0
165	1	11751387	7669
166	0	19159707	0
167	0	19894860	0
168	1	10004999	5491
169	1	7053040	4610
170	0	15438507	0
171	0	19651840	0
172	0	21201544	0
173	1	3345133	2177
174	1	14494100	7270
175	0	19573045	0
176	0	21167405	0
177	1	6712137	4268
178	0	19200621	0
179	0	19036831	0
180	0	20534306	0
181	0	22013722	0
182	0	20221078	0
183	0	15406461	0
184	0	18640353	0
185	0	19699652	0
186	0	20972616	0
187	1	9961311	6462
188	1	7263675	4739
189	0	20498018	0
190	0	21725195	0
191	0	20835365	0
192	0	20925591	0
193	1	15693845	5321
194	0	15420689	0
195	0	19948212	0
196	0	15425852	0
197	0	19431507	0
198	0	19864366	0
199	0	21511643	0
200	0	20238074	0
201	0	15434980	0
202	0	20256598	0
203	1	10701239	7046
204	1	529179	347
205	0	22722606	0
206	0	21196170	0
207	0	22708533	0
208	0	15414545	0
209	0	21846386	0
210	0	22691042	0
211	1	14799702	8309
212	0	15486544	0
213	0	21212038	0
214	0	15706668	0
215	0	20533175	0
216	1	12611972	8206
217	1	14079504	7922
218	1	2702788	1475
219	1	6246706	4107
220	1	3277078	2138
221	1	5107774	3328
222	0	19867012	0
223	1	566958	362
224	1	2455409	1105
225	0	19474723	0
226	0	19370158	0
227	0	20073958	0
228	0	15458235	0
229	1	13819237	9064
230	0	19145192	0
231	1	7577504	4947
232	0	15446134	0
233	1	9293114	6067
234	1	12125255	7904
235	1	6342454	4140
236	0	19175031	0
237	1	11222449	7376
238	0	22086978	0
239	0	19242834	0
240	0	19124930	0
241	0	19114883	0
242	1	196273	126
243	0	19315076	0
244	0	19415101	0
245	0	19986266	0
246	0	18653053	0
247	0	19258445	0
248	0	19528546	0
249	0	15463916	0
250	0	19000004	0
251	0	19496032	0
252	0	18623097	0
253	0	18689247	0
254	0	19440296	0
255	1	10062685	5448
256	0	19093675	0
257	0	19277550	0
258	1	2930870	1927
259	1	818384	501
260	0	19057855	0
261	0	19851273	0
262	0	20030665	0
263	0	18960215	0
264	0	22685850	0
265	0	15427778	0
266	0	21740597	0
267	1	9592500	6269
268	1	2409541	1579
269	0	19198316	0
270	0	20891454	0
271	0	19596925	0
272	1	7049102	4560
273	0	21042907	0
274	0	15408376	0
275	0	18811377	0
276	1	5387398	3516
277	0	19786140	0
278	0	19402455	0
279	1	1965860	1267
280	1	14523916	9445
281	0	15489293	0
282	0	19507473	0
283	0	19907691	0
284	0	19481536	0
285	0	15430615	0
286	1	14737999	9614
287	0	19006930	0
288	1	5957000	3881
289	0	19985506	0
290	0	21443957	0
291	1	9546844	5974
292	0	20693641	0
293	1	7864043	5129
294	0	18854988	0
295	0	19117003	0
296	0	20413733	0
297	0	19035914	0
298	0	19361708	0
299	0	19255540	0
300	0	15409109	0
301	0	19035664	0
302	0	19593024	0
303	1	13304481	7028
304	0	15468736	0
305	0	20037027	0
306	0	15462406	0
307	0	19141510	0
308	0	20292311	0
309	1	2899112	1577
310	0	18112211	0
311	0	20645186	0
312	1	800761	309
313	0	21162749	0
314	0	22062558	0
315	1	12641141	8259
316	0	20606671	0
317	0	20321391	0
318	0	22701762	0
319	0	20658573	0
320	0	15474395	0
321	0	19426210	0
322	0	21366743	0
323	0	20755778	0
324	0	19648350	0
325	1	16286835	7530
326	0	19466400	0
327	0	19724086	0
328	1	7906575	5162
329	0	20030745	0
330	0	22727204	0
331	0	20420930	0
332	0	19384483	0
333	1	12770590	6952
334	0	18519220	0
335	0	19220434	0
336	0	19674429	0
337	0	22480575	0
338	1	2964908	1951
339	0	19969958	0
340	0	20411384	0
341	0	19412579	0
342	1	13955970	9121
343	0	21845598	0
344	1	15564921	6918
345	1	11093571	7246
346	1	8912405	5820
347	0	18934246	0
348	1	7716818	5071
349	0	15451833	0
350	1	4965518	2720
351	1	3837501	2487
352	1	17345997	8275
353	1	12367757	8062
354	1	7473518	4766
355	0	22659277	0
356	1	2687678	1754
357	0	19704764	0
358	0	20298108	0
359	0	20478646	0
360	0	20363696	0
361	0	15500057	0
362	0	19208017	0
363	0	19943889	0
364	0	20480900	0
365	0	15432909	0
366	0	19155944	0
367	0	18653287	0
368	0	15434033	0
369	0	19444949	0
370	0	15417482	0
371	0	20631611	0
372	0	15412376	0
373	0	19094166	0
374	1	10996107	6052
375	1	12411957	8142
376	0	15438755	0
377	0	15418733	0
378	0	19008280	0
379	0	19479860	0
380	1	9055316	5925
381	0	18659711	0
382	0	19519405	0
383	0	19189789	0
384	0	18751470	0
385	1	269152	124
386	1	12230929	5758
387	0	15468527	0
388	1	3547952	2333
389	1	7632713	5012
390	0	19708073	0
391	0	21164112	0
392	1	1538158	826
393	0	19479060	0
394	0	15443978	0
395	0	15440756	0
396	1	18586530	9592
397	1	12146436	7996
398	0	19583724	0
399	0	19965949	0
400	0	19146819	0
401	0	19244848	0
402	1	7060970	3690
403	0	18962387	0
404	1	4534433	2020
405	0	19332317	0
406	0	15429105	0
407	1	11373042	7401
408	1	5310886	3460
409	1	11506188	7384
410	0	20001992	0
411	1	1571008	1025
412	0	18773563	0
413	0	20736278	0
414	0	19861102	0
415	1	13426474	8771
416	1	1703601	1120
417	0	15518859	0
418	0	18932991	0
419	0	19666430	0
420	1	5765032	2890
421	0	20657175	0
422	0	22666422	0
423	1	11061122	7206
424	0	19286843	0
425	1	3156161	2061
426	1	4413968	2381
427	1	6184789	4035
428	0	19948140	0
429	0	19219112	0
430	0	21153450	0
431	1	8826281	4481
432	0	19691260	0
433	0	21786740	0
434	0	19580649	0
435	1	6614265	4324
436	0	19890055	0
437	0	19595982	0
438	0	20340990	0
439	0	19246058	0
440	1	19241487	9394
441	1	2971311	1937
442	0	22423846	0
443	1	9412470	6179
444	0	20473150	0
445	0	19201758	0
446	0	19947101	0
447	0	20410907	0
448	1	10779852	5710
449	0	19269791	0
450	1	382002	246
451	1	7965915	3162
452	0	19752336	0
453	0	20006062	0
454	1	1008447	655
455	0	19354924	0
456	0	18516297	0
457	0	19331148	0
458	0	18551136	0
459	0	15475361	0
460	1	13763388	8921
461	0	19319778	0
462	1	8693909	5666
463	0	15487714	0
464	0	19803902	0
465	1	2643314	1727
466	0	19400092	0
467	0	20287782	0
468	0	18717455	0
469	0	19811116	0
470	0	19918476	0
471	1	6458453	2854
472	0	19648215	0
473	0	20733295	0
474	0	22592071	0
475	0	20228733	0
476	0	20316978	0
477	1	9474768	5647
478	0	19861127	0
479	0	19529553	0
480	1	2799056	1826
481	0	22739901	0
482	1	18784125	8586
483	1	68675	37
484	0	20694993	0
485	0	21286556	0
486	0	15429676	0
487	0	20988175	0
488	0	19307060	0
489	1	8035640	5261
490	0	19577361	0
491	1	14135381	6997
492	0	19336745	0
493	0	18783762	0
494	1	10435117	6802
495	0	22644066	0
496	0	20807041	0
497	0	19927914	0
498	0	19301741	0
499	0	21233569	0
500	0	20718013	0
501	0	20066934	0
502	1	1154606	746
503	0	20922765	0
504	0	19587689	0
505	0	19455076	0
506	1	15259789	9963
507	0	21154075	0
508	0	18967113	0
509	0	20364039	0
510	0	21965080	0
511	0	20791342	0
512	0	20917747	0
513	0	15436984	0
514	1	2254856	1009
515	0	19506104	0
516	0	22702634	0
517	0	21221242	0
518	0	19485268	0
519	0	15457054	0
520	1	7139475	4703
521	0	19923011	0
522	0	19274678	0
523	0	18871760	0
524	0	22034493	0
525	1	4793812	3127
526	0	20139040	0
527	0	19335363	0
528	1	4300434	2822
529	0	19177405	0
530	0	15484841	0
531	1	4972490	3228
532	1	10862793	5342
533	1	7598758	3447
534	0	18952777	0
535	0	19441607	0
536	0	19037099	0
537	1	15810412	9588
538	0	19468097	0
539	0	19054285	0
540	1	10643703	5044
541	1	18580713	9769
542	1	10476583	3937
543	0	22263920	0
544	1	14380699	7676
545	1	10652190	6964
546	0	22100415	0
547	0	20076164	0
548	0	19258305	0
549	0	19159775	0
550	0	19253287	0
551	1	1487948	969
552	1	12206126	8035
553	0	20826418	0
554	1	742388	478
555	0	19267590	0
556	0	19449776	0
557	0	19118973	0
558	0	22615547	0
559	0	15444726	0
560	0	20375262	0
561	1	10362152	6744
562	0	19429495	0
563	0	19106055	0
564	0	20046329	0
565	0	19409168	0
566	0	15429521	0
567	1	1980140	943
568	1	7493519	4931
569	0	19697108	0
570	0	21805099	0
571	0	15429867	0
572	0	20660311	0
573	1	3271434	1692
574	1	11660664	7679
575	0	19663653	0
576	0	20475658	0
577	0	21985095	0
578	0	19986773	0
579	0	20577723	0
580	0	20076567	0
581	0	15451093	0
582	0	20368197	0
583	0	19434406	0
584	0	19966147	0
585	1	13685619	8970
586	0	21942287	0
587	1	3247486	2134
588	1	6909416	2329
589	0	20462236	0
590	0	21886270	0
591	0	22150779	0
592	0	20565534	0
593	0	22105172	0
594	0	22578822	0
595	0	22050223	0
596	1	1435157	507
597	0	20813410	0
598	0	21727540	0
599	0	19949131	0
600	0	22560577	0
601	0	22241663	0
602	1	3537749	2325
603	1	11077121	5825
604	0	19428569	0
605	1	4096699	1748
606	0	22516311	0
607	0	21825972	0
608	0	22533662	0
609	1	11297538	7346
610	0	22472814	0
611	0	15411963	0
612	0	22793123	0
613	0	22852737	0
614	1	12670093	8216
615	1	2479407	1038
616	0	20949802	0
617	0	21315951	0
618	1	18434657	8461
619	0	20450965	0
620	1	9028458	5899
621	0	19730833	0
622	1	10719553	7004
623	0	19860238	0
624	0	19513502	0
625	0	19373047	0
626	0	18788169	0
627	0	21944610	0
628	0	22382135	0
629	1	7159977	4714
630	1	3137568	2036
631	0	22855065	0
632	1	16271386	9693
633	1	9950775	4696
634	0	22855014	0
635	1	14506309	9532
636	0	21242075	0
637	0	19552973	0
638	0	15437147	0
639	0	20241430	0
640	0	15422566	0
641	0	18967067	0
642	0	19470950	0
643	0	19323300	0
644	0	19556169	0
645	0	15441723	0
646	0	19469451	0
647	1	4237522	2370
648	0	19475805	0
649	0	19550024	0
650	0	19652097	0
651	1	4213053	2687
652	0	20118395	0
653	0	21208375	0
654	1	7857400	5121
655	1	8151097	5338
656	0	15461929	0
657	0	19757507	0
658	0	20819055	0
659	0	20178431	0
660	0	20704992	0
661	0	20625687	0
662	1	10855316	7051
663	0	19777585	0
664	0	19379735	0
665	1	2629388	1727
666	1	8029391	5247
667	1	2999187	1965
668	1	9739320	5568
669	1	2995059	1946
670	1	17726731	8712
671	0	19319361	0
672	0	20174353	0
673	0	20041428	0
674	0	21270759	0
675	0	19878056	0
676	0	19416631	0
677	0	19729721	0
678	0	20687925	0
679	1	4166681	2715
680	1	3602532	2369
681	0	15488726	0
682	1	8877958	5745
683	0	19495659	0
684	0	15415890	0
685	0	15458765	0
686	0	20185075	0
687	1	8075424	5277
688	1	1058892	691
689	0	19766918	0
690	1	10457018	6874
691	0	19556659	0
692	0	19706964	0
693	1	12046658	7843
694	0	19633500	0
695	1	5902679	3383
696	0	19938336	0
697	0	15433500	0
698	0	20519562	0
699	0	15417777	0
700	0	20857123	0
701	1	954238	621
702	0	20731210	0
703	0	19891117	0
704	0	21803120	0
705	0	20959059	0
706	0	22553814	0
707	0	19708003	0
708	0	22309161	0
709	1	6694283	2214
710	0	22836654	0
711	0	22818960	0
712	0	22750978	0
713	0	22827556	0
714	1	20920190	8845
715	0	22813014	0
716	0	20381960	0
717	0	15423632	0
718	1	2210228	1451
719	0	20204762	0
720	0	18496547	0
721	0	15435539	0
722	1	11476495	5246
723	0	18954196	0
724	0	19691870	0
725	0	19316528	0
726	0	15424313	0
727	1	14414178	4949
728	0	22378403	0
729	0	20180513	0
730	1	12933015	8128
731	0	22849244	0
732	0	15433693	0
733	0	15427774	0
734	1	6381921	4126
735	0	20404176	0
736	1	4404289	2290
737	1	13535708	8899
738	1	5158615	3394
739	0	19041926	0
740	0	20478016	0
741	0	18987716	0
742	0	18876726	0
743	0	20550823	0
744	0	19131974	0
745	0	21637803	0
746	0	20149452	0
747	0	21690324	0
748	0	22268466	0
749	1	243403	152
750	0	20039274	0
751	1	5299406	3473
752	0	19697813	0
753	0	22493678	0
754	0	19181435	0
755	0	15414595	0
756	1	3382651	1704
757	0	20127899	0
758	1	74607	41
759	0	19628187	0
760	0	19377968	0
761	0	19534870	0
762	0	15419666	0
763	1	11463344	6718
764	0	20646017	0
765	0	15452679	0
766	0	21063253	0
767	0	19063350	0
768	1	10148967	5408
769	1	13110811	5782
770	0	19699222	0
771	0	19504572	0
772	1	13719244	8040
773	1	17181368	8930
774	0	20493216	0
775	0	20790491	0
776	0	22718931	0
777	1	1269973	670
778	0	20801554	0
779	0	15447294	0
780	0	19974801	0
781	0	15443333	0
782	0	19563736	0
783	0	15501204	0
784	1	2236664	1458
785	0	19497218	0
786	1	7021365	3308
787	1	8660605	4757
788	0	20268679	0
789	1	6695497	4381
790	0	20180380	0
791	0	15415131	0
792	0	20286684	0
793	1	15194197	9886
794	0	22637659	0
795	0	22647723	0
796	0	21763702	0
797	0	20782139	0
798	0	21210704	0
799	0	22409791	0
800	1	114754	38
801	0	19147564	0
802	0	19798581	0
803	0	19059231	0
804	1	181530	115
805	1	6257813	4083
806	1	11195215	5381
807	1	787647	319
808	0	20081686	0
809	0	15433285	0
810	0	19194144	0
811	0	19348429	0
812	1	6418199	4212
813	1	5938527	3878
814	0	18926800	0
815	0	19637893	0
816	0	20237654	0
817	1	5911587	3853
818	0	20667450	0
819	0	20752896	0
820	1	9558255	6222
821	0	18900517	0
822	1	5677435	3741
823	0	15457411	0
824	0	16031532	0
825	0	19241359	0
826	0	21697407	0
827	1	13023844	8427
828	0	21846825	0
829	1	96189	34
830	0	17248519	0
831	0	15494906	0
832	0	20146277	0
833	1	9716216	4634
834	0	18965505	0
835	1	5801862	3789
836	0	19277165	0
837	0	20352009	0
838	0	19134558	0
839	0	15478573	0
840	1	17460252	9246
841	0	15431120	0
842	0	19068687	0
843	1	3982632	2588
844	0	22589563	0
845	1	10194490	6652
846	1	11243358	7342
847	0	20150953	0
848	1	9599795	6270
849	1	13360152	8701
850	0	15438380	0
851	0	19520026	0
852	0	18732382	0
853	0	22040807	0
854	0	22048665	0
855	1	13813844	8955
856	0	19330632	0
857	0	19549852	0
858	0	21323514	0
859	1	7768075	5077
860	0	15441599	0
861	0	17469141	0
862	1	6897166	4494
863	1	4035176	2226
864	1	1334773	866
865	0	19743218	0
866	0	22722847	0
867	0	19779922	0
868	1	11421847	5934
869	0	18894173	0
870	0	21581057	0
871	0	19550963	0
872	1	14232474	9069
873	1	8650933	3705
874	0	17018742	0
875	1	1742386	805
876	0	19399496	0
877	1	10146481	5456
878	0	19716854	0
879	0	18926274	0
880	1	12048047	7930
881	0	18948620	0
882	1	6510791	4248
883	1	550058	357
884	1	9428505	4444
885	0	18679293	0
886	0	19336810	0
887	1	13492860	6138
888	0	19576504	0
889	0	20754031	0
890	0	20824429	0
891	0	19929860	0
892	0	19239947	0
893	0	20974464	0
894	0	19636878	0
895	0	20835431	0
896	0	19444294	0
897	0	19685899	0
898	1	3860574	2502
899	0	19189115	0
900	0	20112785	0
901	1	8392739	5503
902	0	21619115	0
903	1	2781535	1828
904	1	5759267	2203
905	0	18810563	0
906	0	18918961	0
907	0	19249793	0
908	0	15423217	0
909	1	19288738	9874
910	0	19612244	0
911	1	6693952	4347
912	0	22659460	0
913	1	14404735	9470
914	0	20614181	0
915	0	20355483	0
916	0	19876855	0
917	0	15470054	0
918	1	351125	227
919	0	15451238	0
920	0	22594725	0
921	0	15427888	0
922	0	20169087	0
923	0	15431553	0
924	1	3693839	2426
925	0	19095295	0
926	0	22793681	0
927	0	21717831	0
928	0	22541304	0
929	1	18104225	9500
930	0	22043962	0
931	1	2035171	1325
932	0	19574122	0
933	0	21829220	0
934	0	20275203	0
935	1	9524524	4537
936	0	20016098	0
937	0	21217073	0
938	0	21369676	0
939	0	22823191	0
940	1	6538996	4228
941	1	1275374	807
942	1	12639129	8304
943	0	20845537	0
944	1	2483015	1628
945	0	21027059	0
946	0	20250515	0
947	0	15432938	0
948	1	19891881	9423
949	0	20483898	0
950	0	19514457	0
951	0	19587873	0
952	0	20390233	0
953	0	22265582	0
954	1	4869772	3159
955	0	22708288	0
956	1	5993461	3890
957	0	19873950	0
958	1	13928725	9137
959	0	20329670	0
960	1	17065637	8275
961	0	19088030	0
962	0	20887781	0
963	0	15441789	0
964	1	9720702	6379
965	0	20030127	0
966	0	20088153	0
967	0	20702536	0
968	0	19152863	0
969	0	21852842	0
970	0	21596148	0
971	1	5415448	3534
972	0	20058538	0
973	1	17267749	9506
974	0	19654253	0
975	0	18654062	0
976	1	2937375	1914
977	0	20423997	0
978	0	18862686	0
979	0	18923794	0
980	0	21088704	0
981	1	8364135	5455
982	0	19394974	0
983	1	7670563	4951
984	0	19401839	0
985	0	18555387	0
986	1	1503236	974
987	0	22502436	0
988	0	20916445	0
989	0	19699049	0
990	1	4546937	2394
991	1	15130621	9885
992	1	10207789	6663
993	1	18012487	9704
994	0	20607677	0
995	0	19838067	0
996	0	19953037	0
997	0	19974895	0
998	0	15443361	0
999	0	20080592	0
1000	0	22606667	0
1001	1	16660626	8238
1002	0	20668495	0
1003	0	19934718	0
1004	0	20724846	0
1005	0	15457210	0
1006	0	20242533	0
1007	1	11324631	5590
1008	0	18865035	0
1009	1	3506944	2276
1010	0	19616280	0
1011	1	6453675	4215
1012	1	162647	103
1013	0	19693430	0
1014	1	13599744	8883
1015	1	11467588	7052
1016	0	15431806	0
1017	0	19147184	0
1018	0	19848439	0
1019	0	15433075	0
1020	0	19339379	0
1021	0	20731304	0
1022	0	15438158	0
1023	0	20410413	0
1024	1	12361544	7992
1025	0	22842293	0
1026	1	11446618	7527
1027	0	19451225	0
1028	0	21887044	0
1029	0	19765935	0
1030	0	20033912	0
1031	1	14526259	7327
1032	1	3014040	1039
1033	0	21348302	0
1034	0	21648582	0
1035	0	15459973	0
1036	1	14442920	9510
1037	0	19413788	0
1038	1	9843389	6382
1039	0	15459248	0
1040	1	13754498	9067
1041	0	15439313	0
1042	1	11648879	7671
1043	0	19201710	0
1044	1	7385779	4836
1045	0	19593036	0
1046	0	20276526	0
1047	1	7128722	4682
1048	1	299593	192
1049	0	19678798	0
1050	0	19874727	0
1051	0	22432277	0
1052	0	22509597	0
1053	0	21336415	0
1054	1	1254883	812
1055	1	18447619	8306
1056	1	15953239	7837
1057	1	12076740	7942
1058	0	19102142	0
1059	0	22569354	0
1060	0	21626731	0
1061	0	22305498	0
1062	0	19664858	0
1063	1	11514679	6037
1064	1	4917619	2295
1065	0	19087508	0
1066	0	20395145	0
1067	0	15427778	0
1068	1	4821016	2857
1069	0	18919051	0
1070	0	19595996	0
1071	0	22303051	0
1072	1	4323517	2845
1073	0	20107187	0
1074	0	15461649	0
1075	0	20035935	0
1076	1	4819022	3174
1077	1	9249391	6070
1078	1	10332128	6777
1079	0	15454811	0
1080	0	19351781	0
1081	0	19404426	0
1082	0	22445463	0
1083	0	20328330	0
1084	0	19733207	0
1085	0	22585260	0
1086	0	15478970	0
1087	0	19982394	0
1088	0	18825416	0
1089	1	854964	316
1090	1	8553712	5534
1091	1	7474739	4885
1092	1	7462279	3644
1093	0	18929740	0
1094	1	3727175	2432
1095	1	12873615	5176
1096	0	22720250	0
1097	0	22705847	0
1098	1	4291943	2799
1099	0	21623247	0
1100	0	15423051	0
1101	0	19456190	0
1102	0	21380876	0
1103	0	21274641	0
1104	1	7633154	5022
1105	0	20149851	0
1106	1	8667723	3437
1107	0	19124004	0
1108	0	21958329	0
1109	0	19922328	0
1110	1	18589307	8076
1111	0	21942724	0
1112	1	13847297	9058
1113	0	19813235	0
1114	1	1932750	1272
1115	0	20436837	0
1116	0	15421303	0
1117	0	19561802	0
1118	0	20018479	0
1119	0	20046819	0
1120	0	20627420	0
1121	1	15120774	9952
1122	0	19809829	0
1123	0	20621351	0
1124	0	15435749	0
1125	0	15452545	0
1126	0	19522470	0
1127	0	15430348	0
1128	0	19475287	0
1129	1	2372646	1559
1130	0	21218884	0
1131	0	21017450	0
1132	0	18947769	0
1133	1	3759700	2423
1134	0	19700763	0
1135	1	6913801	4535
1136	1	3396715	1471
1137	1	9497809	5424
1138	0	19673381	0
1139	0	20496047	0
1140	0	19765577	0
1141	0	19102172	0
1142	0	15659510	0
1143	1	1475407	943
1144	0	19321163	0
1145	0	19086143	0
1146	0	15486338	0
1147	0	20474705	0
1148	0	19727090	0
1149	0	19797658	0
1150	0	19083241	0
1151	1	17400407	8757
1152	0	19343049	0
1153	1	1495496	976
1154	0	20077396	0
1155	0	22819208	0
1156	1	7951561	5178
1157	1	11059374	7247
1158	0	19930621	0
1159	0	18883935	0
1160	1	8811206	5800
1161	0	21417074	0
1162	0	19672743	0
1163	1	8345057	4197
1164	0	19245948	0
1165	0	19115014	0
1166	0	18864364	0
1167	0	19021776	0
1168	0	15455160	0
1169	1	3640148	2373
1170	1	13965083	6183
1171	1	17246575	8891
1172	1	11408856	4795
1173	0	19706823	0
1174	0	22680892	0
1175	1	5074150	2000
1176	0	22566767	0
1177	1	4339955	2817
1178	0	22868028	0
1179	1	610432	386
1180	0	15429243	0
1181	1	9501541	6122
1182	0	22129585	0
1183	1	840017	429
1184	0	19284789	0
1185	0	20988614	0
1186	1	2390927	1566
1187	1	12573866	6398
1188	0	19624783	0
1189	0	22829512	0
1190	1	7632887	3117
1191	0	20230032	0
1192	0	15436307	0
1193	0	22158142	0
1194	0	15401511	0
1195	0	19711818	0
1196	1	417003	267
1197	0	21187780	0
1198	0	20015331	0
1199	0	22788958	0
