0 0 19615687 0
1 0 20065308 0
2 0 19457432 0
3 0 19771129 0
4 0 20011705 0
5 0 15627204 0
6 0 18639616 0
7 0 19212392 0
8 0 21421045 0
9 0 19514201 0
10 0 15785840 0
11 0 19168572 0
12 0 18974483 0
13 0 20910496 0
14 0 22234563 0
15 0 21757872 0
16 0 20849587 0
17 0 21041492 0
18 0 20163062 0
19 0 21287465 0
20 0 20502070 0
21 0 22950938 0
22 0 19883860 0
23 0 19128245 0
24 0 22889722 0
25 0 19954909 0
26 0 20212055 0
27 0 21957028 0
28 0 15858873 0
29 0 19392113 0
30 0 21904885 0
31 0 20932207 0
32 0 20963532 0
33 0 18996966 0
34 0 22484102 0
35 0 15530121 0
36 0 19745505 0
37 0 22643167 0
38 0 15410848 0
39 0 20576013 0
40 0 19835851 0
41 0 18586665 0
42 0 20892921 0
43 0 18653147 0
44 0 22264620 0
45 0 19899798 0
46 0 21558982 0
47 0 19771327 0
48 0 21619324 0
49 0 22165506 0
50 0 21058809 0
51 0 19326166 0
52 0 21795531 0
53 0 20034511 0
54 0 19882557 0
55 0 18882995 0
56 1 16123 52
57 0 19924797 0
58 0 20816492 0
59 0 18744869 0
60 0 19256116 0
61 0 19187367 0
62 0 19636994 0
63 0 19182823 0
64 0 19735215 0
65 0 22168325 0
66 0 18468667 0
67 0 20662920 0
68 0 20528340 0
69 0 20349838 0
70 0 20255946 0
71 0 19482313 0
72 0 19074999 0
73 0 19380336 0
74 0 15552831 0
75 0 19280751 0
76 0 18393614 0
77 0 20316145 0
78 0 18775280 0
79 0 19211830 0
80 0 19494522 0
81 0 20622950 0
82 0 19371474 0
83 0 22792119 0
84 0 20783505 0
85 0 22906374 0
86 0 21731917 0
87 0 21985555 0
88 0 22161626 0
89 0 20194587 0
90 0 18889744 0
91 0 15783347 0
92 0 21191687 0
93 0 19077673 0
94 0 15891726 0
95 0 20625777 0
96 0 19660762 0
97 0 15376984 0
98 0 19231489 0
99 0 22135979 0
100 0 19959223 0
101 0 20942261 0
102 0 20562138 0
103 0 19123549 0
104 0 20103332 0
105 0 20105777 0
106 0 18794196 0
107 0 19980571 0
108 0 19783649 0
109 0 18941417 0
110 0 19143089 0
111 0 20676726 0
112 0 21890769 0
113 0 22275572 0
114 0 21495631 0
115 0 21015780 0
116 0 21327529 0
117 0 19162814 0
118 0 21726013 0
119 0 21007637 0
120 0 22451954 0
121 0 15618466 0
122 0 19426218 0
123 0 22716548 0
124 0 21220120 0
125 0 20032268 0
126 0 22509484 0
127 0 22638611 0
128 0 20970018 0
129 0 20901888 0
130 0 20779637 0
131 0 18652360 0
132 0 19955699 0
133 0 22380855 0
134 0 20196491 0
135 0 19667269 0
136 0 21783000 0
137 0 19058374 0
138 0 15679304 0
139 0 19207932 0
140 0 19428972 0
141 0 18993783 0
142 0 21560845 0
143 0 21912510 0
144 0 19073685 0
145 0 15846655 0
146 0 19235204 0
147 0 19175071 0
148 0 20555170 0
149 0 21254735 0
150 0 19654716 0
151 0 20331108 0
152 0 19518995 0
153 0 18485298 0
154 0 19809090 0
155 0 18781081 0
156 0 19221446 0
157 0 18651563 0
158 0 22508078 0
159 0 15311769 0
160 0 19894886 0
161 0 21029953 0
162 0 15832142 0
163 0 19430787 0
164 0 20227819 0
165 0 19340163 0
166 0 15268821 0
167 0 20281561 0
168 0 18884673 0
169 0 18767949 0
170 0 20715425 0
171 0 15521836 0
172 0 18432431 0
173 0 19673064 0
174 0 15647508 0
175 0 18442413 0
176 0 20504624 0
177 0 20023079 0
178 0 20104535 0
179 0 21634743 0
180 0 18869501 0
181 0 20649081 0
182 0 19084611 0
183 0 20250978 0
184 0 18832711 0
185 0 19325625 0
186 0 22334472 0
187 0 15670889 0
188 0 15522915 0
189 0 21379004 0
190 0 21878652 0
191 0 15686841 0
192 0 21068664 0
193 0 19358974 0
194 0 19647536 0
195 0 21033185 0
196 0 19281111 0
197 0 20149028 0
198 0 21819625 0
199 0 21487423 0
200 0 21625070 0
201 0 21435767 0
202 0 20042987 0
203 0 18805729 0
204 0 21765814 0
205 0 22930718 0
206 0 23089028 0
207 0 15542229 0
208 0 19559477 0
209 0 15544632 0
210 0 22132756 0
211 0 20109920 0
212 0 22480041 0
213 0 21815221 0
214 0 22163521 0
215 0 22734539 0
216 0 15612033 0
217 0 22277115 0
218 0 22426612 0
219 0 22539521 0
220 0 22147056 0
221 0 15800475 0
222 0 20368660 0
223 0 22151344 0
224 0 21495091 0
225 0 21498688 0
226 0 22346023 0
227 0 21356819 0
228 0 22500073 0
229 0 19896936 0
230 0 22762536 0
231 0 21475489 0
232 0 20773259 0
233 0 15654374 0
234 0 19921157 0
235 0 19615583 0
236 0 20027968 0
237 0 20019446 0
238 0 18437150 0
239 0 15671808 0
240 0 15466145 0
241 0 18691909 0
242 0 22101705 0
243 0 20790987 0
244 0 18527235 0
245 0 21090047 0
246 0 15287312 0
247 0 19318516 0
248 0 18519440 0
249 0 19475761 0
250 0 18873672 0
251 0 19361529 0
252 0 15465793 0
253 0 18332426 0
254 0 19405320 0
255 0 15651350 0
256 0 20160929 0
257 0 18847634 0
258 0 20147489 0
259 0 19213094 0
260 0 21019112 0
261 0 19989662 0
262 0 20879442 0
263 0 20046787 0
264 0 20473363 0
265 1 34452 131
266 0 19312204 0
267 0 20940448 0
268 0 23106156 0
269 0 22746801 0
270 0 15793105 0
271 0 15658338 0
272 0 19518969 0
273 0 15752560 0
274 0 22342596 0
275 0 20769555 0
276 0 21384545 0
277 0 21449294 0
278 0 20582377 0
279 0 22090821 0
280 0 22624584 0
281 0 18978423 0
282 0 21883352 0
283 0 21202327 0
284 0 22309019 0
285 0 22268504 0
286 0 22475947 0
287 0 15442967 0
288 0 19325020 0
289 0 18550285 0
290 0 19365937 0
291 0 19238081 0
292 0 19901991 0
293 0 20567460 0
294 0 19430484 0
295 0 19275917 0
296 0 15348339 0
297 0 19480160 0
298 0 22691530 0
299 0 15764086 0
300 0 22875042 0
301 0 22157201 0
302 0 22808377 0
303 0 21532109 0
304 0 20970963 0
305 0 19733274 0
306 0 15603086 0
307 0 19937818 0
308 0 19037701 0
309 0 19350165 0
310 0 15346423 0
311 0 15518010 0
312 0 20233740 0
313 0 19029062 0
314 0 19601833 0
315 0 21722617 0
316 0 20192584 0
317 0 20911467 0
318 0 15420872 0
319 0 18561098 0
320 0 15687729 0
321 0 19279808 0
322 0 21607096 0
323 0 20551057 0
324 0 18486471 0
325 0 18673650 0
326 0 18594178 0
327 0 18835262 0
328 0 21879920 0
329 0 18416959 0
330 0 15606473 0
331 0 15225643 0
332 0 19159080 0
333 0 19310734 0
334 0 19158267 0
335 0 19503225 0
336 0 21156551 0
337 0 22239935 0
338 0 19904659 0
339 0 20878265 0
340 0 19772047 0
341 0 19095396 0
342 0 18909951 0
343 0 15830556 0
344 0 19618671 0
345 0 21932376 0
346 0 15884854 0
347 0 20692060 0
348 0 21764553 0
349 0 18602572 0
350 0 19135289 0
351 0 21611697 0
352 0 15495936 0
353 0 20945806 0
354 0 19551650 0
355 0 19218347 0
356 0 19291489 0
357 0 21295169 0
358 0 20423142 0
359 0 18332464 0
360 0 21818130 0
361 0 20812606 0
362 0 18907860 0
363 0 20304376 0
364 0 19740191 0
365 0 19650956 0
366 0 19227992 0
367 0 19725133 0
368 0 19674695 0
369 0 18106667 0
370 0 19231235 0
371 0 19462312 0
372 0 15712592 0
373 0 19094188 0
374 0 19207110 0
375 0 18912202 0
376 0 19652901 0
377 0 19415215 0
378 0 21412152 0
379 0 19872218 0
380 0 19283976 0
381 0 21494500 0
382 0 19552441 0
383 0 15468454 0
384 0 19358668 0
385 0 20762987 0
386 0 19424304 0
387 0 15751545 0
388 0 20231619 0
389 0 19624377 0
390 0 20995393 0
391 0 21013668 0
392 0 21742489 0
393 0 19660804 0
394 0 20829621 0
395 0 19596707 0
396 0 21972222 0
397 0 16673551 0
398 0 19696603 0
399 0 20805068 0
400 0 19887569 0
401 0 21569284 0
402 0 20669707 0
403 0 20323199 0
404 0 19786367 0
405 0 19854288 0
406 0 16443936 0
407 0 19041272 0
408 0 21232865 0
409 0 15724028 0
410 0 19509691 0
411 0 18816661 0
412 0 20638065 0
413 0 21093412 0
414 0 21403696 0
415 0 19576550 0
416 0 19858339 0
417 0 15712669 0
418 0 19302489 0
419 0 20070605 0
420 0 22858268 0
421 0 22524969 0
422 0 20733504 0
423 0 20502381 0
424 0 20430543 0
425 0 20995071 0
426 0 22064223 0
427 0 20154896 0
428 0 20854244 0
429 0 15761200 0
430 0 22985752 0
431 0 20142164 0
432 0 20435148 0
433 0 15866592 0
434 0 19111158 0
435 0 19627312 0
436 0 20496597 0
437 0 19847528 0
438 0 15506437 0
439 0 18840895 0
440 0 21750601 0
441 0 15688877 0
442 0 19915519 0
443 0 20581785 0
444 0 19879105 0
445 0 19330875 0
446 0 21166337 0
447 0 15496485 0
448 0 19081044 0
449 0 21293490 0
450 0 22206131 0
451 0 19190763 0
452 0 19199737 0
453 0 19906900 0
454 0 15811614 0
455 0 19293205 0
456 0 20949966 0
457 0 15513906 0
458 0 19941616 0
459 0 21257583 0
460 0 15441054 0
461 0 23119304 0
462 0 15527537 0
463 0 20611881 0
464 0 21115659 0
465 0 19968588 0
466 0 15588163 0
467 0 19810698 0
468 0 19226086 0
469 0 18813957 0
470 0 21972715 0
471 0 20308728 0
472 0 15478877 0
473 0 21746974 0
474 0 21056309 0
475 0 20934308 0
476 0 15830372 0
477 0 20508952 0
478 0 19793371 0
479 0 20239256 0
480 0 19476205 0
481 0 20374693 0
482 0 22614719 0
483 0 22004861 0
484 0 19161381 0
485 0 18947249 0
486 0 19411418 0
487 0 19720457 0
488 0 20720454 0
489 0 19220279 0
490 0 19791725 0
491 0 22182267 0
492 0 19108498 0
493 0 15555262 0
494 0 19128783 0
495 0 19313271 0
496 0 19613354 0
497 0 18782116 0
498 0 22091172 0
499 0 20310679 0
500 0 20036113 0
501 0 19122786 0
502 0 19790349 0
503 0 19506769 0
504 0 17032745 0
505 0 20667602 0
506 0 19166989 0
507 0 20544153 0
508 0 22086759 0
509 0 22560887 0
510 0 20670477 0
511 0 20860248 0
512 0 21992252 0
513 0 21467374 0
514 0 15563533 0
515 0 15998872 0
516 0 15793655 0
517 0 15617840 0
518 0 22441480 0
519 0 21276268 0
520 0 19025593 0
521 0 18897433 0
522 0 19941141 0
523 0 15411201 0
524 0 20722821 0
525 0 15813910 0
526 0 21421819 0
527 0 19176292 0
528 0 19237845 0
529 0 20317607 0
530 0 20643192 0
531 0 20755104 0
532 0 19890546 0
533 0 15780846 0
534 0 20565873 0
535 0 21469572 0
536 0 20588961 0
537 0 20173598 0
538 0 21093338 0
539 0 19642604 0
540 0 20211425 0
541 0 20510869 0
542 0 22513888 0
543 0 16064923 0
544 0 21451288 0
545 0 15547927 0
546 0 19043952 0
547 0 21175827 0
548 0 18915707 0
549 0 19947127 0
550 0 19558267 0
551 0 15569421 0
552 0 19224600 0
553 0 20421771 0
554 0 19245758 0
555 0 22225712 0
556 0 15748928 0
557 0 19319156 0
558 0 18704774 0
559 0 18772953 0
560 0 18828551 0
561 0 21758455 0
562 0 19092680 0
563 0 22006765 0
564 0 19238488 0
565 0 15409860 0
566 0 19128225 0
567 0 15634773 0
568 0 19184430 0
569 0 21879033 0
570 0 15375729 0
571 0 19123719 0
572 0 18060541 0
573 0 20006289 0
574 0 21680151 0
575 0 22040166 0
576 0 22334407 0
577 0 15347789 0
578 0 22440980 0
579 0 22835362 0
580 0 21437052 0
581 0 15811657 0
582 0 20973825 0
583 0 20736759 0
584 0 21901727 0
585 0 20631787 0
586 0 20650336 0
587 0 15934126 0
588 0 20346135 0
589 0 21551096 0
590 0 22086971 0
591 0 22659751 0
592 0 22386479 0
593 0 19767950 0
594 0 15496355 0
595 0 18916980 0
596 0 22864306 0
597 0 23010894 0
598 0 22238958 0
599 0 15429253 0
600 0 20685954 0
601 0 22353418 0
602 0 15527165 0
603 0 19404657 0
604 0 18970708 0
605 0 22486922 0
606 0 19425632 0
607 0 19008048 0
608 0 19727926 0
609 0 19041991 0
610 0 15582386 0
611 0 20329517 0
612 0 19503115 0
613 0 20296088 0
614 0 20686456 0
615 0 19613605 0
616 0 21277918 0
617 0 20897955 0
618 0 15754028 0
619 0 20826052 0
620 0 21059105 0
621 0 21502471 0
622 0 20481252 0
623 0 15394972 0
624 0 19609941 0
625 0 19184313 0
626 0 15571604 0
627 0 19921569 0
628 0 18530111 0
629 0 18823263 0
630 0 18254619 0
631 0 18753500 0
632 0 15850868 0
633 0 19182805 0
634 0 22272141 0
635 0 22653845 0
636 0 21386530 0
637 0 15499766 0
638 0 21965707 0
639 0 21579892 0
640 0 20477069 0
641 0 22131822 0
642 0 15409454 0
643 0 19406600 0
644 0 19080739 0
645 0 20334053 0
646 0 20161142 0
647 0 19554662 0
648 0 19706700 0
649 0 18887727 0
650 0 20508635 0
651 0 17125735 0
652 0 21439426 0
653 0 15449085 0
654 0 22059325 0
655 0 21150765 0
656 0 15403109 0
657 0 22953331 0
658 0 20715523 0
659 0 22172270 0
660 0 21426509 0
661 0 20981740 0
662 0 19118961 0
663 0 15729481 0
664 0 19577208 0
665 0 15675989 0
666 0 20312841 0
667 0 20087473 0
668 0 21653526 0
669 0 22657819 0
670 0 15555402 0
671 0 21021091 0
672 0 19554562 0
673 0 22609242 0
674 1 31699 109
675 0 21124650 0
676 0 20545644 0
677 0 21307632 0
678 0 15512867 0
679 0 21087608 0
680 0 15600157 0
681 0 18373648 0
682 0 21493404 0
683 0 15772921 0
684 0 19524666 0
685 0 19484504 0
686 0 19454690 0
687 0 19920423 0
688 0 20914127 0
689 0 15365805 0
690 0 19428169 0
691 0 19992850 0
692 0 15592663 0
693 0 19253619 0
694 0 15713140 0
695 0 19246329 0
696 0 19562481 0
697 0 18992011 0
698 0 20311206 0
699 0 19331986 0
700 0 19257546 0
701 0 19121628 0
702 0 19593992 0
703 0 15445951 0
704 0 19462748 0
705 0 21086403 0
706 0 15724182 0
707 0 20208813 0
708 0 15298266 0
709 0 18714488 0
710 0 18866457 0
711 0 20018676 0
712 0 20167771 0
713 0 19505744 0
714 0 19994134 0
715 1 27797 99
716 0 19657568 0
717 0 19446068 0
718 0 19139240 0
719 0 18855199 0
720 0 20026803 0
721 0 19408448 0
722 0 19229624 0
723 0 20071663 0
724 0 20548230 0
725 0 15980271 0
726 0 21510552 0
727 0 21391896 0
728 0 15222077 0
729 0 21027699 0
730 0 19765764 0
731 0 15610206 0
732 0 22043912 0
733 0 22745945 0
734 0 20114442 0
735 0 21040592 0
736 0 15342154 0
737 0 19875583 0
738 0 15899838 0
739 0 18935348 0
740 0 20563557 0
741 0 19057297 0
742 0 20517956 0
743 0 19470415 0
744 0 19641072 0
745 0 18522841 0
746 0 20822572 0
747 0 19464601 0
748 0 22143917 0
749 0 20437821 0
750 0 19947095 0
751 0 19911949 0
752 0 22089786 0
753 0 15471379 0
754 0 18805611 0
755 0 21126296 0
756 0 18482064 0
757 0 20000490 0
758 0 19114066 0
759 0 19691644 0
760 0 18999072 0
761 0 21120505 0
762 0 22166607 0
763 0 15663342 0
764 0 22424447 0
765 0 22574063 0
766 0 22452560 0
767 0 15913309 0
768 0 21691428 0
769 0 22409651 0
770 0 20052836 0
771 0 19219228 0
772 0 19582919 0
773 0 19419961 0
774 0 19697463 0
775 0 19523595 0
776 0 19597450 0
777 0 15516187 0
778 0 18839912 0
779 0 15524278 0
780 0 19584744 0
781 0 19606694 0
782 0 19883014 0
783 0 15288431 0
784 0 19616916 0
785 0 22297280 0
786 0 15415372 0
787 0 19640724 0
788 0 15986305 0
789 0 19807937 0
790 0 18893848 0
791 0 19936486 0
792 0 18323430 0
793 0 20611539 0
794 0 20397219 0
795 0 19331169 0
796 0 19603860 0
797 0 15606708 0
798 0 19469673 0
799 0 22337019 0
800 0 20124761 0
801 0 18876178 0
802 0 16681331 0
803 0 19374596 0
804 0 19228096 0
805 0 19673020 0
806 0 18566498 0
807 0 21322093 0
808 0 21047965 0
809 0 19081690 0
810 0 22461661 0
811 0 20637320 0
812 0 18079530 0
813 0 20084081 0
814 0 19333536 0
815 0 20612242 0
816 0 19472099 0
817 0 19461426 0
818 0 19247258 0
819 0 15914536 0
820 0 19541270 0
821 0 20434301 0
822 0 22193279 0
823 0 21146808 0
824 0 22147969 0
825 0 21922119 0
826 0 15402652 0
827 0 21383229 0
828 0 20731778 0
829 0 20968201 0
830 0 22943116 0
831 0 21180425 0
832 0 15774174 0
833 0 20335666 0
834 0 18842089 0
835 0 19633195 0
836 0 19632316 0
837 0 19121126 0
838 0 19784983 0
839 0 22059786 0
840 0 18909932 0
841 0 20229423 0
842 0 19434029 0
843 0 21498924 0
844 0 21471527 0
845 0 15676383 0
846 0 19232589 0
847 0 19676768 0
848 0 21224221 0
849 0 20049463 0
850 0 21666335 0
851 0 20010138 0
852 0 15573613 0
853 0 20528548 0
854 0 15559023 0
855 0 19624395 0
856 0 15536799 0
857 0 15373550 0
858 0 19842824 0
859 0 19652411 0
860 0 19680413 0
861 0 19713585 0
862 0 18508619 0
863 0 19685333 0
864 0 15411746 0
865 0 19828651 0
866 0 20657628 0
867 0 22419467 0
868 0 19992591 0
869 0 21846330 0
870 0 21338118 0
871 0 22533121 0
872 0 21380272 0
873 0 22051419 0
874 0 20163853 0
875 0 21340315 0
876 0 22419295 0
877 0 15697880 0
878 0 16741546 0
879 0 22405243 0
880 0 20586913 0
881 0 15907982 0
882 0 20385307 0
883 0 20377842 0
884 0 21097113 0
885 0 21538910 0
886 0 15493430 0
887 0 20379065 0
888 0 20616938 0
889 0 20826872 0
890 0 20906886 0
891 0 20031004 0
892 0 21080541 0
893 0 22732104 0
894 0 21978407 0
895 0 19406779 0
896 0 19537110 0
897 0 22886140 0
898 0 21864904 0
899 0 20228151 0
900 0 19748664 0
901 0 19353497 0
902 0 22864076 0
903 0 19802126 0
904 0 22433952 0
905 0 19451071 0
906 0 19558619 0
907 0 20859832 0
908 0 21946667 0
909 0 18930483 0
910 0 19458138 0
911 0 22144925 0
912 0 19948070 0
913 0 22592553 0
914 0 21999229 0
915 0 20618619 0
916 0 22546081 0
917 0 21419047 0
918 0 21905878 0
919 0 21215381 0
920 0 21595969 0
921 0 20448761 0
922 0 15592021 0
923 0 19248177 0
924 0 20571381 0
925 1 1929227 10165
926 0 19155041 0
927 0 18749843 0
928 0 20452505 0
929 0 21030506 0
930 0 19382767 0
931 0 19692867 0
932 0 22352084 0
933 0 15618134 0
934 0 18661667 0
935 0 20082147 0
936 0 21895293 0
937 0 20960231 0
938 0 20272801 0
939 0 20400421 0
940 0 19871258 0
941 0 19658426 0
942 0 19384510 0
943 0 19969618 0
944 0 15681199 0
945 0 19259643 0
946 0 22007799 0
947 0 20012479 0
948 0 18856148 0
949 0 15387070 0
950 0 20847592 0
951 0 15467193 0
952 0 20595898 0
953 0 15698989 0
954 0 18886263 0
955 0 15545044 0
956 0 15418173 0
957 0 19245699 0
958 0 19343880 0
959 0 22092853 0
960 0 19110227 0
961 0 19111040 0
962 0 19108258 0
963 0 20225653 0
964 0 15818431 0
965 0 19676609 0
966 0 15710085 0
967 0 18590144 0
968 0 19142508 0
969 0 19756673 0
970 0 19657797 0
971 0 21602520 0
972 0 19444983 0
973 0 19923282 0
974 0 19541262 0
975 0 20300648 0
976 0 20175775 0
977 0 21218297 0
978 0 15691213 0
979 0 19762895 0
980 0 19589696 0
981 0 19300935 0
982 0 19294199 0
983 0 19668204 0
984 0 22524632 0
985 0 21214380 0
986 0 15311469 0
987 0 19043148 0
988 0 18800093 0
989 0 20447534 0
990 0 18678937 0
991 0 15659470 0
992 0 19677597 0
993 0 19391442 0
994 0 21252229 0
995 0 19422525 0
996 0 20220247 0
997 0 21556498 0
998 0 19233323 0
999 0 19171494 0
1000 0 19533201 0
1001 0 21298348 0
1002 0 19206575 0
1003 0 22399642 0
1004 0 21079218 0
1005 0 18918025 0
1006 0 19926464 0
1007 0 18631269 0
1008 0 22257934 0
1009 0 21738828 0
1010 0 20542044 0
1011 0 19221524 0
1012 0 20505013 0
1013 0 19629595 0
1014 0 18572610 0
1015 0 19471526 0
1016 0 20242325 0
1017 0 21825797 0
1018 0 15820306 0
1019 0 21299615 0
1020 0 21016756 0
1021 0 15485927 0
1022 0 20689308 0
1023 0 20006301 0
1024 0 20034448 0
1025 0 15513858 0
1026 0 18733296 0
1027 0 18437586 0
1028 0 19225907 0
1029 0 18757569 0
1030 0 18609064 0
1031 0 19275221 0
1032 0 19030769 0
1033 0 19221812 0
1034 0 15867387 0
1035 0 15116334 0
1036 0 22365450 0
1037 0 19008724 0
1038 0 19208444 0
1039 0 19706738 0
1040 0 15824201 0
1041 0 19723715 0
1042 0 15547458 0
1043 0 18686208 0
1044 0 21798697 0
1045 0 19944595 0
1046 0 18698884 0
1047 0 19609394 0
1048 0 19115170 0
1049 0 19941443 0
1050 0 22565316 0
1051 0 21576706 0
1052 0 19368257 0
1053 0 20522632 0
1054 0 19889719 0
1055 0 19276442 0
1056 0 19602999 0
1057 0 19428650 0
1058 0 19044008 0
1059 0 15505695 0
1060 0 21056862 0
1061 0 19900068 0
1062 0 18259200 0
1063 0 19754187 0
1064 0 19040385 0
1065 0 19345776 0
1066 0 18643261 0
1067 0 18991355 0
1068 0 19921754 0
1069 0 19708211 0
1070 0 15682078 0
1071 0 18919345 0
1072 0 18979768 0
1073 0 18180817 0
1074 0 18987162 0
1075 0 19701986 0
1076 0 22631736 0
1077 0 21213765 0
1078 0 15621642 0
1079 0 19395772 0
1080 0 19590588 0
1081 0 22864574 0
1082 0 22770202 0
1083 0 20265249 0
1084 0 20540255 0
1085 0 20141345 0
1086 0 15518556 0
1087 0 22070469 0
1088 0 20988266 0
1089 0 19325042 0
1090 0 15955842 0
1091 0 19454571 0
1092 0 19239235 0
1093 0 18122557 0
1094 0 19844149 0
1095 0 15446451 0
1096 0 21276119 0
1097 0 21745398 0
1098 0 21108304 0
1099 0 20888336 0
1100 0 20742968 0
1101 0 21502963 0
1102 0 22384059 0
1103 0 20353783 0
1104 0 19425144 0
1105 0 15651099 0
1106 0 19178187 0
1107 0 18658043 0
1108 0 19673501 0
1109 0 19374280 0
1110 0 19412387 0
1111 0 19990048 0
1112 0 22130168 0
1113 0 20808051 0
1114 0 19423160 0
1115 0 19869748 0
1116 0 19415861 0
1117 0 19939972 0
1118 0 19333954 0
1119 0 18748365 0
1120 0 20969593 0
1121 0 20122441 0
1122 0 21607568 0
1123 0 19871027 0
1124 0 20090352 0
1125 0 19343874 0
1126 0 20250722 0
1127 0 15682085 0
1128 0 15666877 0
1129 0 18688205 0
1130 0 20709039 0
1131 0 18687088 0
1132 0 18828965 0
1133 0 21038847 0
1134 0 20037062 0
1135 0 19939167 0
1136 0 15578686 0
1137 0 19558541 0
1138 0 18538925 0
1139 0 19330842 0
1140 0 18588017 0
1141 0 20245596 0
1142 0 20865935 0
1143 0 21783073 0
1144 0 20025136 0
1145 0 19576285 0
1146 0 19290762 0
1147 0 15461203 0
1148 0 19155277 0
1149 0 22073525 0
1150 0 19723517 0
1151 0 19832332 0
1152 0 19046777 0
1153 0 18353915 0
1154 0 21381290 0
1155 0 22386483 0
1156 1 42847 146
1157 0 19320701 0
1158 0 19820902 0
1159 0 19059913 0
1160 0 15612667 0
1161 0 21156311 0
1162 0 20213769 0
1163 0 15928603 0
1164 0 18363425 0
1165 0 15658316 0
1166 0 19972490 0
1167 0 18456086 0
1168 0 20905776 0
1169 0 15298453 0
1170 0 19444986 0
1171 0 21509626 0
1172 0 19580864 0
1173 0 19950863 0
1174 0 15651577 0
1175 0 18938441 0
1176 0 18509767 0
1177 0 18762527 0
1178 0 15806413 0
1179 0 18268517 0
1180 0 18741037 0
1181 0 18750210 0
1182 0 15647605 0
1183 0 19499862 0
1184 0 19497671 0
1185 0 19725761 0
1186 0 19123330 0
1187 0 19161921 0
1188 0 15341862 0
1189 0 19950744 0
1190 0 19102010 0
1191 0 19617936 0
1192 0 18712695 0
1193 0 20424853 0
1194 0 20566301 0
1195 0 20287178 0
1196 0 22514261 0
1197 0 20936999 0
1198 0 20672315 0
1199 0 20966773 0
0 0 18398585 0
1 0 19032172 0
2 0 20928882 0
3 0 19255711 0
4 0 19215368 0
5 0 18494418 0
6 0 18858773 0
7 0 18881876 0
8 0 20040714 0
9 0 20544624 0
10 0 21487249 0
11 0 19097558 0
12 0 20308326 0
13 0 21709268 0
14 0 21895873 0
15 0 19713422 0
16 0 19178444 0
17 0 20173257 0
18 0 18619209 0
19 0 21618666 0
20 0 19011517 0
21 0 19529238 0
22 0 19109891 0
23 0 20722030 0
24 0 21254774 0
25 0 20905568 0
26 0 22014309 0
27 0 15743180 0
28 0 19814231 0
29 0 15412182 0
30 0 21642960 0
31 0 21943807 0
32 0 18601022 0
33 0 19482708 0
34 0 22105544 0
35 0 22498251 0
36 0 22563157 0
37 0 18687996 0
38 0 23311123 0
39 0 19739449 0
40 0 19228145 0
41 0 19850585 0
42 0 18646667 0
43 0 20469879 0
44 0 15712052 0
45 0 19672051 0
46 0 15299333 0
47 0 19561641 0
48 0 19383855 0
49 0 18944276 0
50 0 20515443 0
51 0 19900240 0
52 0 18982657 0
53 0 19282214 0
54 0 15771528 0
55 0 18567181 0
56 0 21383402 0
57 0 22803809 0
58 0 15448192 0
59 0 17603198 0
60 0 18936708 0
61 0 15456949 0
62 0 19400280 0
63 0 22116218 0
64 0 22075740 0
65 0 20179398 0
66 0 22559568 0
67 0 20240997 0
68 0 22044394 0
69 0 15542052 0
70 0 19469532 0
71 0 19007332 0
72 0 19866677 0
73 0 19388478 0
74 0 15600715 0
75 0 20668982 0
76 0 19343339 0
77 0 21812418 0
78 0 18867259 0
79 0 20789617 0
80 0 20753336 0
81 0 15199971 0
82 0 19189654 0
83 0 18152399 0
84 0 19833779 0
85 0 19849272 0
86 0 20077722 0
87 0 16545534 0
88 0 19585528 0
89 0 20064608 0
90 0 19936175 0
91 0 21429322 0
92 0 15729361 0
93 0 19101343 0
94 0 19361607 0
95 0 18967198 0
96 0 19696475 0
97 0 19442629 0
98 0 18607203 0
99 0 19400863 0
100 0 18744714 0
101 0 19789217 0
102 0 21490230 0
103 0 20421811 0
104 0 21490686 0
105 0 15536845 0
106 0 19154714 0
107 0 21752701 0
108 0 15358204 0
109 0 15627479 0
110 0 19799338 0
111 0 19888983 0
112 0 17393550 0
113 0 19267777 0
114 0 19420026 0
115 0 19220225 0
116 0 22245663 0
117 0 19562097 0
118 0 19375450 0
119 0 22223973 0
120 0 19641501 0
121 0 20327506 0
122 0 18608083 0
123 0 15517644 0
124 0 19599837 0
125 0 21200607 0
126 0 19041189 0
127 0 20061673 0
128 0 19206017 0
129 0 21349869 0
130 0 21220190 0
131 0 18693093 0
132 0 19341494 0
133 0 19336604 0
134 0 19071736 0
135 0 19283589 0
136 0 21441827 0
137 0 16042663 0
138 0 20865625 0
139 0 20274480 0
140 0 19121760 0
141 0 15582920 0
142 0 19567240 0
143 0 16308094 0
144 0 19480181 0
145 0 21386419 0
146 0 16831418 0
147 0 19640385 0
148 0 18798807 0
149 0 21340594 0
150 0 20227789 0
151 0 19428966 0
152 0 15459016 0
153 0 21297941 0
154 0 19722874 0
155 0 20111710 0
156 0 18503998 0
157 0 19996935 0
158 0 19474229 0
159 0 19078556 0
160 0 15694674 0
161 0 15515969 0
162 0 16383834 0
163 0 20012597 0
164 0 19176731 0
165 0 15736613 0
166 0 15563328 0
167 0 19677296 0
168 0 22387302 0
169 0 22066650 0
170 0 19352930 0
171 0 15685084 0
172 0 23427194 0
173 0 21829346 0
174 0 15526152 0
175 0 19322607 0
176 0 18281724 0
177 0 21026931 0
178 0 21484325 0
179 0 19009837 0
180 0 19395629 0
181 0 19517434 0
182 0 15475520 0
183 0 22694496 0
184 0 16200480 0
185 0 21968163 0
186 0 22465333 0
187 0 22346476 0
188 0 21378050 0
189 0 20696436 0
190 0 20449030 0
191 0 20353708 0
192 0 19899524 0
193 0 19324980 0
194 0 15727945 0
195 0 15908296 0
196 0 17869318 0
197 0 19833198 0
198 0 20438417 0
199 0 17227124 0
200 0 21214631 0
201 0 18935788 0
202 0 19996928 0
203 0 22651242 0
204 0 22335564 0
205 0 17508836 0
206 0 21759257 0
207 0 20971047 0
208 0 16952613 0
209 0 21174178 0
210 0 20696950 0
211 0 18378653 0
212 0 21166769 0
213 0 22606565 0
214 0 15890561 0
215 0 20113075 0
216 0 19196121 0
217 0 19050812 0
218 0 19030716 0
219 0 15945083 0
220 0 18648704 0
221 0 19857747 0
222 0 18991513 0
223 0 19120843 0
224 0 22523390 0
225 0 15716498 0
226 0 20456590 0
227 0 18518186 0
228 0 19458437 0
229 0 21589426 0
230 0 20364247 0
231 0 18889417 0
232 0 20413452 0
233 0 15888141 0
234 0 19449532 0
235 0 22604864 0
236 0 20497257 0
237 0 20305972 0
238 0 20705911 0
239 0 20409605 0
240 0 20903663 0
241 0 19549899 0
242 0 21692831 0
243 0 21039570 0
244 0 20256828 0
245 0 19770759 0
246 0 19206946 0
247 0 19371351 0
248 0 20610125 0
249 0 20228443 0
250 0 21162188 0
251 0 21883892 0
252 0 19933249 0
253 0 19395396 0
254 0 21988079 0
255 0 15733274 0
256 0 19462926 0
257 0 19050055 0
258 0 20561721 0
259 0 19284541 0
260 0 19348253 0
261 0 22924444 0
262 0 21258875 0
263 0 20775318 0
264 0 22582567 0
265 0 21320872 0
266 0 15664182 0
267 0 15596889 0
268 0 21292081 0
269 0 19325482 0
270 0 21799932 0
271 0 19615555 0
272 0 21608528 0
273 0 21070095 0
274 0 20342112 0
275 0 20411123 0
276 0 22649228 0
277 0 21210943 0
278 0 22361851 0
279 0 22467102 0
280 0 15369266 0
281 0 21570222 0
282 0 20971757 0
283 0 19819694 0
284 0 20635364 0
285 0 22280688 0
286 0 16999587 0
287 0 22925847 0
288 0 20042549 0
289 0 22288997 0
290 0 20317843 0
291 0 18694900 0
292 0 21975234 0
293 0 21971597 0
294 0 22175925 0
295 0 22259593 0
296 0 19850548 0
297 0 17956979 0
298 0 20478934 0
299 0 19353218 0
300 0 19379765 0
301 0 19205576 0
302 0 21350351 0
303 0 20744367 0
304 0 19810084 0
305 0 20686398 0
306 0 19918996 0
307 0 19095339 0
308 0 18781402 0
309 0 21239868 0
310 0 20346609 0
311 0 19876291 0
312 0 22243824 0
313 0 21522146 0
314 0 20162798 0
315 0 21709273 0
316 0 22301278 0
317 0 20444652 0
318 0 18041509 0
319 0 20155681 0
320 0 21334789 0
321 0 21060946 0
322 0 15459036 0
323 0 21410804 0
324 0 20232432 0
325 0 20182815 0
326 0 22130305 0
327 0 20755846 0
328 0 18975727 0
329 0 22565342 0
330 0 17718830 0
331 0 21766418 0
332 0 20838400 0
333 0 21157778 0
334 0 20152838 0
335 0 19615029 0
336 0 15176935 0
337 0 19115490 0
338 0 15741539 0
339 0 19546107 0
340 0 21773315 0
341 0 15626027 0
342 0 19552394 0
343 0 22126462 0
344 0 20481502 0
345 0 22622768 0
346 0 15642925 0
347 0 18385215 0
348 0 18681391 0
349 0 20531765 0
350 0 20016795 0
351 0 15561029 0
352 0 17156972 0
353 0 19145135 0
354 0 15490807 0
355 0 15504962 0
356 0 18601309 0
357 0 20361347 0
358 0 18999702 0
359 0 19272384 0
360 0 18501035 0
361 0 19207353 0
362 0 19455018 0
363 0 19317835 0
364 0 20308959 0
365 0 19300674 0
366 0 19266496 0
367 0 18792589 0
368 0 17627704 0
369 0 19837249 0
370 0 21274140 0
371 0 18575899 0
372 0 20691806 0
373 0 15606670 0
374 0 19660730 0
375 0 22094874 0
376 0 19673383 0
377 0 19689462 0
378 0 18752375 0
379 0 18533579 0
380 0 18386795 0
381 0 21634741 0
382 0 21023583 0
383 0 20133173 0
384 0 15707916 0
385 0 22913200 0
386 0 21884818 0
387 0 21129034 0
388 0 15608286 0
389 0 18898610 0
390 0 18853160 0
391 0 21339413 0
392 0 19824573 0
393 0 18858789 0
394 0 18266968 0
395 0 19391361 0
396 0 19604007 0
397 0 19767801 0
398 0 21017443 0
399 0 20162490 0
400 0 18938158 0
401 0 21876258 0
402 0 22578099 0
403 0 19732857 0
404 0 21651853 0
405 0 21734085 0
406 0 15416352 0
407 0 18784164 0
408 0 18604731 0
409 0 21853259 0
410 0 20699378 0
411 0 19347374 0
412 0 15861628 0
413 0 18895079 0
414 0 19483679 0
415 0 15685500 0
416 0 19354496 0
417 0 18630041 0
418 0 19280231 0
419 0 19232796 0
420 0 18983320 0
421 0 18876282 0
422 0 20530942 0
423 0 19027112 0
424 0 15688260 0
425 0 18834895 0
426 0 19445452 0
427 0 22208225 0
428 0 21248967 0
429 0 19597868 0
430 0 19497475 0
431 0 15868633 0
432 0 19356297 0
433 0 15954066 0
434 0 15235637 0
435 0 18887626 0
436 0 21659559 0
437 0 19274612 0
438 0 18888319 0
439 0 19004212 0
440 0 21701797 0
441 0 18839290 0
442 0 21533670 0
443 0 21189511 0
444 0 20500700 0
445 0 19890854 0
446 0 20208470 0
447 0 20591004 0
448 0 19932486 0
449 0 19008463 0
450 0 19443806 0
451 0 19874757 0
452 0 22722168 0
453 0 21846609 0
454 0 18069018 0
455 0 20524077 0
456 0 19660388 0
457 0 15810373 0
458 0 19719243 0
459 0 19474247 0
460 0 19574413 0
461 0 19251677 0
462 0 18870335 0
463 0 20246512 0
464 0 22303131 0
465 0 15411052 0
466 0 21263852 0
467 0 19424823 0
468 0 21780300 0
469 0 21062903 0
470 0 20376255 0
471 0 19013536 0
472 0 21046861 0
473 0 19964869 0
474 0 21522001 0
475 0 20480468 0
476 0 15688309 0
477 0 19097280 0
478 0 19461630 0
479 0 21936523 0
480 0 21476151 0
481 0 21507709 0
482 0 21542809 0
483 0 15606626 0
484 0 19363766 0
485 0 18800759 0
486 0 19223769 0
487 0 19773419 0
488 0 19715145 0
489 0 18860805 0
490 0 18692784 0
491 0 18910054 0
492 0 19613816 0
493 0 19675351 0
494 0 16734170 0
495 0 15603467 0
496 0 22205024 0
497 0 21174348 0
498 0 19799902 0
499 0 21706830 0
500 0 19267150 0
501 0 19286559 0
502 0 20179245 0
503 0 18765661 0
504 0 19312858 0
505 0 20493130 0
506 0 17680751 0
507 0 18975037 0
508 0 19725274 0
509 0 19152997 0
510 0 19042043 0
511 0 15382703 0
512 0 19090346 0
513 0 21732084 0
514 0 20049005 0
515 0 15746781 0
516 0 15334516 0
517 0 19444290 0
518 0 21920244 0
519 0 17252895 0
520 0 20034157 0
521 0 19937765 0
522 0 20079900 0
523 0 20434484 0
524 0 22137965 0
525 0 15662431 0
526 0 21233304 0
527 0 19826200 0
528 0 19888521 0
529 0 19421918 0
530 0 15582595 0
531 0 18785374 0
532 0 18677733 0
533 0 15590485 0
534 0 17964916 0
535 0 19428324 0
536 0 21396536 0
537 0 19465524 0
538 0 21464812 0
539 0 15391462 0
540 0 19672256 0
541 0 15726100 0
542 0 19579725 0
543 0 18796463 0
544 0 20011536 0
545 0 20506916 0
546 0 22045887 0
547 0 19349788 0
548 0 15723889 0
549 0 22612038 0
550 0 22484407 0
551 0 15371220 0
552 0 22120758 0
553 0 22314131 0
554 0 22334429 0
555 0 20851069 0
556 0 16970905 0
557 0 21391909 0
558 0 20539966 0
559 0 17471363 0
560 0 20365377 0
561 0 20113510 0
562 0 21201375 0
563 0 19189169 0
564 0 19659401 0
565 0 20019888 0
566 0 19566278 0
567 0 19495599 0
568 0 21877583 0
569 0 20113319 0
570 0 15670933 0
571 0 20499251 0
572 0 19595262 0
573 0 19113012 0
574 0 18300376 0
575 0 18559851 0
576 0 18975653 0
577 0 18862114 0
578 0 19268275 0
579 0 18531622 0
580 0 18722801 0
581 0 21239325 0
582 0 18731550 0
583 0 19987097 0
584 0 18622732 0
585 0 19434332 0
586 0 18927012 0
587 0 18902553 0
588 0 19246976 0
589 0 20851738 0
590 0 19869574 0
591 0 15499233 0
592 0 15817361 0
593 0 19903147 0
594 0 19522332 0
595 0 19270597 0
596 0 21607840 0
597 0 19728935 0
598 0 18672791 0
599 0 18506311 0
600 0 21149235 0
601 0 19949660 0
602 0 18675971 0
603 0 20337778 0
604 0 18725862 0
605 0 15341148 0
606 0 20864180 0
607 0 15614050 0
608 0 20927759 0
609 0 17015848 0
610 0 19174717 0
611 0 20047589 0
612 0 17688712 0
613 0 19696489 0
614 0 19188162 0
615 0 18837178 0
616 0 19027804 0
617 0 20277158 0
618 0 21194336 0
619 0 19469355 0
620 0 19530721 0
621 0 19413091 0
622 0 19411862 0
623 0 18590794 0
624 0 20027564 0
625 0 20068455 0
626 0 15475259 0
627 0 18975885 0
628 0 18940513 0
629 0 20073629 0
630 0 23089963 0
631 0 15406896 0
632 0 19615466 0
633 0 19328485 0
634 0 20356263 0
635 0 19670100 0
636 0 18638468 0
637 0 19740151 0
638 0 18663905 0
639 0 18891981 0
640 0 19163499 0
641 0 19862361 0
642 0 18681026 0
643 0 18859428 0
644 0 19316227 0
645 0 19111204 0
646 0 22447572 0
647 0 20834433 0
648 0 21743482 0
649 0 21655878 0
650 0 20825186 0
651 0 18769451 0
652 0 20292135 0
653 0 19484022 0
654 0 19862037 0
655 0 18525689 0
656 0 22435028 0
657 0 19950738 0
658 0 19091469 0
659 0 19425614 0
660 0 19695838 0
661 0 15405013 0
662 0 21138480 0
663 0 22165812 0
664 0 15495840 0
665 0 22464749 0
666 0 22777299 0
667 0 19781157 0
668 0 19552073 0
669 0 20297858 0
670 0 19017655 0
671 0 15331033 0
672 0 18710226 0
673 0 22994856 0
674 0 15633532 0
675 0 19462327 0
676 0 18560753 0
677 0 19685926 0
678 0 18381708 0
679 0 21756802 0
680 0 21481582 0
681 0 21176741 0
682 0 15666935 0
683 0 19811931 0
684 0 15523233 0
685 0 19480054 0
686 0 15577945 0
687 0 20373354 0
688 0 18651809 0
689 0 18572193 0
690 0 20195070 0
691 0 18840221 0
692 0 19980030 0
693 0 19455429 0
694 0 18789324 0
695 0 20514814 0
696 0 19275648 0
697 0 19894692 0
698 0 18803730 0
699 0 19173986 0
700 0 22187356 0
701 0 20397848 0
702 0 22834510 0
703 0 19049156 0
704 0 19659359 0
705 1 10177 16
706 0 19840887 0
707 0 19975048 0
708 0 15433903 0
709 0 19995854 0
710 0 19981637 0
711 0 19823550 0
712 0 20739341 0
713 0 15391151 0
714 0 22436473 0
715 0 16341337 0
716 0 21036231 0
717 0 20754568 0
718 0 17100358 0
719 0 19969321 0
720 0 19880996 0
721 0 19553984 0
722 0 19552344 0
723 0 19379629 0
724 0 20733508 0
725 0 19802167 0
726 0 21445565 0
727 0 16010401 0
728 0 18952039 0
729 0 19517034 0
730 0 20761586 0
731 0 20340801 0
732 0 20999269 0
733 0 19653428 0
734 0 19209096 0
735 0 19626553 0
736 0 18747810 0
737 0 19329895 0
738 0 15527547 0
739 0 19385128 0
740 0 19577461 0
741 0 19926817 0
742 0 19980202 0
743 0 20399849 0
744 0 19543676 0
745 0 20271281 0
746 0 22023838 0
747 0 21388420 0
748 0 15560157 0
749 0 21091839 0
750 0 22559801 0
751 0 22686768 0
752 0 22007097 0
753 0 22571852 0
754 0 20187010 0
755 0 22490522 0
756 0 21966358 0
757 0 15751694 0
758 0 21485512 0
759 0 20767693 0
760 0 20303097 0
761 0 20807039 0
762 0 19336145 0
763 0 15581080 0
764 0 22601279 0
765 0 20725636 0
766 0 17667011 0
767 0 20131716 0
768 0 19249308 0
769 0 19377896 0
770 0 19246556 0
771 0 19266753 0
772 0 20020808 0
773 0 18901176 0
774 0 19902885 0
775 0 18891315 0
776 0 19287858 0
777 0 20319222 0
778 0 19264948 0
779 0 18823651 0
780 0 18775847 0
781 0 15545738 0
782 0 18278955 0
783 0 22383450 0
784 0 20982956 0
785 0 19586997 0
786 0 19589063 0
787 0 21556453 0
788 0 20908820 0
789 0 20859304 0
790 0 20690614 0
791 0 20387794 0
792 0 15689807 0
793 0 22653494 0
794 0 22178845 0
795 0 22730224 0
796 0 22254464 0
797 0 22500904 0
798 0 21860222 0
799 0 18580138 0
800 0 22128569 0
801 0 15308897 0
802 0 20920479 0
803 0 22362124 0
804 0 15799528 0
805 0 21646763 0
806 0 20383700 0
807 0 15747426 0
808 0 20351846 0
809 0 20354081 0
810 0 20885739 0
811 0 19390657 0
812 0 15445607 0
813 0 19804370 0
814 0 19626502 0
815 0 20941227 0
816 0 20364931 0
817 0 22061765 0
818 0 22598637 0
819 0 21602188 0
820 0 22190997 0
821 0 21145623 0
822 0 20355386 0
823 0 15761386 0
824 0 20291382 0
825 0 20667554 0
826 0 20286103 0
827 0 15347754 0
828 0 20221757 0
829 0 19195828 0
830 0 18749509 0
831 0 19962300 0
832 0 15283981 0
833 0 16299649 0
834 0 19222362 0
835 0 22368084 0
836 0 16677713 0
837 0 21513501 0
838 0 15722871 0
839 0 20551500 0
840 0 19220690 0
841 0 19554730 0
842 0 19437996 0
843 0 19728442 0
844 0 21772773 0
845 0 19910417 0
846 0 19937468 0
847 0 19356381 0
848 0 19097440 0
849 0 21653152 0
850 0 15613063 0
851 0 20060901 0
852 0 20815611 0
853 0 20143267 0
854 0 21559276 0
855 1 2736485 12695
856 0 19472066 0
857 0 15586084 0
858 0 21016341 0
859 0 21338235 0
860 0 19601035 0
861 0 15604145 0
862 0 15436418 0
863 0 21137207 0
864 0 15464843 0
865 0 15690656 0
866 0 19679731 0
867 0 19774552 0
868 0 20234752 0
869 0 20501197 0
870 0 20094701 0
871 0 19230486 0
872 0 19442993 0
873 0 21941711 0
874 0 18504589 0
875 0 21555736 0
876 0 18646443 0
877 0 20776164 0
878 0 19471820 0
879 0 15368405 0
880 0 19259476 0
881 0 18835639 0
882 0 19248918 0
883 0 19027586 0
884 0 22192228 0
885 0 19084645 0
886 0 19546838 0
887 0 19408921 0
888 0 19473591 0
889 0 19817830 0
890 0 19396217 0
891 0 19365051 0
892 0 20245429 0
893 0 15789905 0
894 0 19458835 0
895 0 20008270 0
896 0 19485244 0
897 0 19455219 0
898 0 15407579 0
899 0 19111199 0
900 0 19066132 0
901 0 19897967 0
902 0 19238376 0
903 0 19086987 0
904 0 22410979 0
905 0 20686551 0
906 0 21866661 0
907 0 20049486 0
908 0 15643380 0
909 0 20384637 0
910 0 18482418 0
911 0 22518441 0
912 0 20810893 0
913 0 19136660 0
914 0 17794108 0
915 0 19626920 0
916 0 19814679 0
917 0 15793670 0
918 0 20973114 0
919 0 18836609 0
920 0 20268173 0
921 0 20229359 0
922 0 20535951 0
923 0 15849359 0
924 0 18994260 0
925 0 19240242 0
926 0 15767841 0
927 0 16937031 0
928 0 22710610 0
929 0 23205956 0
930 0 20001682 0
931 0 19498836 0
932 0 18887521 0
933 0 19058149 0
934 0 19307516 0
935 0 18828958 0
936 0 20537550 0
937 0 21247528 0
938 0 19354624 0
939 0 19192366 0
940 0 15294789 0
941 0 19450665 0
942 0 18107934 0
943 0 21331707 0
944 0 21118934 0
945 0 22065377 0
946 0 15598922 0
947 0 21721974 0
948 0 19171197 0
949 0 18440239 0
950 0 19676020 0
951 0 22815932 0
952 0 20116771 0
953 0 19281948 0
954 0 21018879 0
955 0 19545149 0
956 0 20021819 0
957 0 22136418 0
958 1 60604 245
959 0 15578676 0
960 0 21156905 0
961 0 19582612 0
962 0 15565010 0
963 0 18125106 0
964 0 19730227 0
965 0 18617689 0
966 0 15231194 0
967 0 20006073 0
968 0 21912820 0
969 0 19571427 0
970 0 18937495 0
971 0 20454196 0
972 0 18696870 0
973 0 19607094 0
974 0 19959959 0
975 0 19947505 0
976 0 19103680 0
977 0 19719655 0
978 0 15629204 0
979 0 19522876 0
980 0 18943966 0
981 0 19307115 0
982 0 19884960 0
983 0 18304510 0
984 0 19971239 0
985 0 21074275 0
986 0 20985290 0
987 0 15693072 0
988 0 19293836 0
989 0 19652791 0
990 0 19942889 0
991 0 21153244 0
992 0 20538640 0
993 0 19714441 0
994 0 19166735 0
995 0 15500493 0
996 0 20375187 0
997 0 19070506 0
998 0 20403625 0
999 0 20013939 0
1000 0 15560778 0
1001 0 22268835 0
1002 0 15509267 0
1003 0 21205676 0
1004 0 15679034 0
1005 0 22279180 0
1006 0 22668080 0
1007 0 21945064 0
1008 0 17873505 0
1009 0 20650829 0
1010 0 21800814 0
1011 0 18804828 0
1012 0 21793665 0
1013 0 19298849 0
1014 0 21657778 0
1015 0 21744205 0
1016 0 20834746 0
1017 0 17211181 0
1018 0 21396077 0
1019 0 21986588 0
1020 0 16494504 0
1021 0 21810169 0
1022 0 19347596 0
1023 1 143656 617
1024 0 20340948 0
1025 0 22455876 0
1026 0 22795508 0
1027 0 19615840 0
1028 0 20329488 0
1029 0 19333783 0
1030 0 22265666 0
1031 0 22472010 0
1032 0 19632772 0
1033 0 20583585 0
1034 0 20496750 0
1035 0 19602449 0
1036 0 19510355 0
1037 0 18845639 0
1038 0 19441383 0
1039 0 20356290 0
1040 0 20317041 0
1041 0 21091625 0
1042 0 20332948 0
1043 0 19249409 0
1044 0 15877569 0
1045 0 15805886 0
1046 0 18853588 0
1047 0 15407950 0
1048 0 19158417 0
1049 0 22310547 0
1050 0 21858820 0
1051 0 18365743 0
1052 0 15805301 0
1053 0 15453189 0
1054 0 18184169 0
1055 0 19018172 0
1056 0 22456352 0
1057 0 19329505 0
1058 0 21135005 0
1059 0 23161043 0
1060 0 19480288 0
1061 0 20417799 0
1062 0 22493227 0
1063 0 20986568 0
1064 0 19811645 0
1065 0 19224128 0
1066 0 20589482 0
1067 0 22103695 0
1068 0 20436379 0
1069 0 15672549 0
1070 0 18711706 0
1071 0 19558697 0
1072 0 21645656 0
1073 0 16000806 0
1074 0 20031762 0
1075 0 21508142 0
1076 0 19558733 0
1077 0 21662139 0
1078 0 20139689 0
1079 0 21378348 0
1080 0 20245391 0
1081 0 17994340 0
1082 0 19206011 0
1083 0 18922288 0
1084 0 19992109 0
1085 0 19628203 0
1086 0 15643047 0
1087 0 18684233 0
1088 0 19586484 0
1089 0 19287191 0
1090 0 19801099 0
1091 0 16475333 0
1092 0 15631430 0
1093 0 21878687 0
1094 0 19939798 0
1095 0 20385181 0
1096 0 15339823 0
1097 0 18510501 0
1098 0 19889897 0
1099 0 22677416 0
1100 0 15597472 0
1101 0 19187336 0
1102 0 22024443 0
1103 0 19962254 0
1104 0 19589079 0
1105 0 15741824 0
1106 0 19880645 0
1107 0 20047314 0
1108 0 22655875 0
1109 0 22208844 0
1110 0 20550511 0
1111 0 20424462 0
1112 0 21091847 0
1113 0 20400273 0
1114 0 20922936 0
1115 0 20571945 0
1116 0 19696156 0
1117 0 21915980 0
1118 0 15337918 0
1119 0 19218630 0
1120 0 19612941 0
1121 0 20551435 0
1122 0 15316380 0
1123 0 19872707 0
1124 0 19638370 0
1125 0 15442130 0
1126 0 15210431 0
1127 0 22274209 0
1128 0 18974619 0
1129 0 21638961 0
1130 0 23514402 0
1131 0 20898619 0
1132 0 15963202 0
1133 0 19317717 0
1134 0 21563034 0
1135 0 18885630 0
1136 0 18881260 0
1137 0 19322778 0
1138 0 19456982 0
1139 0 18680128 0
1140 0 19825626 0
1141 0 19033433 0
1142 0 22600460 0
1143 0 18053587 0
1144 0 20332947 0
1145 0 19573512 0
1146 0 20700158 0
1147 0 22635450 0
1148 0 15721202 0
1149 0 22139473 0
1150 0 20526363 0
1151 0 20479937 0
1152 0 15499308 0
1153 0 20683264 0
1154 0 21243807 0
1155 0 19215614 0
1156 0 21052068 0
1157 0 21111236 0
1158 0 23182763 0
1159 0 20310674 0
1160 0 20588116 0
1161 0 19095181 0
1162 0 21227011 0
1163 0 22813740 0
1164 0 18999375 0
1165 0 19506633 0
1166 0 19396190 0
1167 0 18822749 0
1168 0 19062537 0
1169 0 19372707 0
1170 0 18002926 0
1171 0 21425070 0
1172 0 20265619 0
1173 0 18447587 0
1174 0 20057244 0
1175 0 19241466 0
1176 0 20468869 0
1177 0 20002100 0
1178 0 20381876 0
1179 0 18920689 0
1180 0 20401750 0
1181 0 19571113 0
1182 0 19029172 0
1183 0 19850548 0
1184 0 15804640 0
1185 0 19942898 0
1186 0 20657303 0
1187 0 19877344 0
1188 0 15347939 0
1189 0 19074949 0
1190 0 21714389 0
1191 0 19472503 0
1192 0 15677526 0
1193 0 19805774 0
1194 0 19390036 0
1195 0 19100477 0
1196 0 22204248 0
1197 0 15721032 0
1198 0 18931409 0
1199 0 21213222 0
0 0 15760382 0
1 0 18860198 0
2 0 19884531 0
3 0 22325147 0
4 0 20523015 0
5 0 19322536 0
6 0 17596416 0
7 0 19704956 0
8 0 20493235 0
9 0 19585507 0
10 0 15644311 0
11 0 19770480 0
12 0 19997803 0
13 0 19729108 0
14 0 15543090 0
15 0 19252892 0
16 0 22283462 0
17 0 22245762 0
18 0 15607734 0
19 0 20225206 0
20 0 19624540 0
21 0 19378769 0
22 0 19056795 0
23 0 18500058 0
24 0 19068460 0
25 0 15616054 0
26 0 18841378 0
27 0 21504281 0
28 0 16568019 0
29 0 22135263 0
30 0 22394453 0
31 0 21591851 0
32 0 20493669 0
33 0 19619559 0
34 0 15585525 0
35 0 18808039 0
36 0 20127933 0
37 0 19170388 0
38 0 22072800 0
39 0 19544720 0
40 0 20169657 0
41 0 21526007 0
42 0 16043091 0
43 0 20431927 0
44 0 18625628 0
45 0 19118537 0
46 0 20467736 0
47 0 15653428 0
48 0 15842892 0
49 0 18450920 0
50 0 19239400 0
51 0 19791099 0
52 0 19177505 0
53 0 15620422 0
54 1 16948 57
55 0 20033751 0
56 0 21547237 0
57 0 20790157 0
58 0 19606132 0
59 0 19105047 0
60 0 20062458 0
61 0 19411938 0
62 0 19540659 0
63 0 21305261 0
64 0 19475159 0
65 0 19043537 0
66 0 20061858 0
67 0 19727969 0
68 0 21566967 0
69 0 20990277 0
70 0 15320768 0
71 0 19969889 0
72 0 22715853 0
73 0 15786005 0
74 0 22632254 0
75 0 21433628 0
76 0 22515044 0
77 0 21884574 0
78 0 22490298 0
79 0 20174088 0
80 0 20095534 0
81 0 15402010 0
82 0 19854401 0
83 0 20572120 0
84 0 21063441 0
85 0 21250512 0
86 0 20367797 0
87 0 15655897 0
88 0 18930885 0
89 0 19030347 0
90 0 15669736 0
91 0 21313293 0
92 0 19833550 0
93 0 15815648 0
94 0 20064851 0
95 0 15475245 0
96 0 19398822 0
97 0 22066882 0
98 0 15435970 0
99 0 20185856 0
100 0 21884276 0
101 0 20761566 0
102 0 19924790 0
103 0 19383234 0
104 0 19092970 0
105 0 19800416 0
106 0 20442572 0
107 0 22286250 0
108 0 22833343 0
109 0 22276941 0
110 0 15328407 0
111 0 19706115 0
112 0 20510652 0
113 0 19229696 0
114 0 21129071 0
115 0 15797498 0
116 0 19276953 0
117 0 15317327 0
118 0 15965184 0
119 0 19767725 0
120 0 19076724 0
121 0 20149719 0
122 0 18992535 0
123 0 20570797 0
124 0 20342732 0
125 0 21677025 0
126 0 21252001 0
127 0 20400131 0
128 0 22558522 0
129 0 22695148 0
130 0 15814237 0
131 0 21853942 0
132 0 19856417 0
133 0 16619751 0
134 0 21500367 0
135 0 15739090 0
136 0 19503527 0
137 0 21388975 0
138 0 22153241 0
139 0 22080911 0
140 0 21971709 0
141 0 15501108 0
142 0 21412334 0
143 0 19567358 0
144 0 20509798 0
145 0 22296337 0
146 0 19837220 0
147 0 15345135 0
148 0 20033743 0
149 0 19507105 0
150 0 19788313 0
151 0 22021904 0
152 0 15525673 0
153 0 18683079 0
154 0 20176576 0
155 0 19672144 0
156 0 19370616 0
157 0 15893772 0
158 0 18508477 0
159 0 20914755 0
160 0 19422566 0
161 0 15770839 0
162 0 18990635 0
163 0 21280411 0
164 0 20851628 0
165 0 19174168 0
166 0 19499037 0
167 0 20177166 0
168 0 18505141 0
169 0 15486177 0
170 0 21006951 0
171 0 19562526 0
172 0 22138059 0
173 0 20596550 0
174 0 19381565 0
175 0 19568869 0
176 0 20112443 0
177 0 22543639 0
178 0 21188680 0
179 0 20089510 0
180 0 19254927 0
181 0 19233600 0
182 0 19520751 0
183 0 15524904 0
184 0 19153010 0
185 0 15589036 0
186 0 19133182 0
187 0 21158295 0
188 0 22390040 0
189 0 22090113 0
190 0 21830113 0
191 0 18560941 0
192 0 20264091 0
193 0 20148423 0
194 0 21373309 0
195 0 20834880 0
196 0 20628550 0
197 0 19566389 0
198 0 21134783 0
199 0 21148062 0
200 0 15695425 0
201 0 19464319 0
202 0 19460834 0
203 1 666974 3026
204 0 20260273 0
205 0 22118908 0
206 0 21631153 0
207 0 15628240 0
208 0 20486677 0
209 0 16068326 0
210 0 21860715 0
211 0 19572471 0
212 0 19093960 0
213 0 19962562 0
214 0 19536433 0
215 0 15718376 0
216 0 18770110 0
217 0 20313277 0
218 0 18346236 0
219 0 19628151 0
220 0 21367885 0
221 0 19292797 0
222 0 18741196 0
223 0 18829499 0
224 0 19072383 0
225 0 20566209 0
226 0 20052422 0
227 0 15462867 0
228 0 19161421 0
229 0 20062746 0
230 0 19805021 0
231 0 18820867 0
232 0 19783636 0
233 0 20535824 0
234 0 18426503 0
235 0 20088108 0
236 0 19799342 0
237 0 19626948 0
238 0 20219197 0
239 0 22099716 0
240 0 21111055 0
241 0 21524219 0
242 0 15638039 0
243 0 18952803 0
244 0 16056543 0
245 0 20732435 0
246 0 22368361 0
247 0 15601448 0
248 0 15606531 0
249 0 15630677 0
250 0 20583646 0
251 0 19979823 0
252 0 19656164 0
253 0 19888906 0
254 0 20561291 0
255 0 19555412 0
256 0 20029618 0
257 0 17757472 0
258 0 19225640 0
259 0 19362636 0
260 0 18769819 0
261 0 18761138 0
262 0 21419432 0
263 0 19973238 0
264 0 19015475 0
265 1 30797 105
266 0 19422119 0
267 0 19344607 0
268 0 18906161 0
269 0 19071091 0
270 0 19091117 0
271 0 19561290 0
272 0 20348315 0
273 0 20055440 0
274 0 18846702 0
275 0 21200547 0
276 0 21128517 0
277 0 18938277 0
278 0 19802812 0
279 0 19014592 0
280 0 22228190 0
281 0 21392448 0
282 0 20106872 0
283 0 20097445 0
284 0 19498738 0
285 0 20022802 0
286 0 20977866 0
287 0 19447276 0
288 0 15414957 0
289 0 16193374 0
290 0 19089727 0
291 0 19476827 0
292 0 15331524 0
293 0 18794971 0
294 0 21687616 0
295 0 19631599 0
296 0 19347294 0
297 0 22303756 0
298 0 18088308 0
299 0 20378278 0
300 0 22290875 0
301 0 15636417 0
302 0 22158909 0
303 0 20115299 0
304 0 20094954 0
305 1 1664963 7696
306 0 19451675 0
307 0 20524022 0
308 0 20434331 0
309 0 15109146 0
310 0 21810991 0
311 0 15719044 0
312 0 18731896 0
313 0 19253278 0
314 0 19821411 0
315 0 22221624 0
316 0 21333907 0
317 0 18938525 0
318 0 15639789 0
319 0 18867653 0
320 0 22790496 0
321 0 20661128 0
322 0 19804975 0
323 0 15423061 0
324 0 20796126 0
325 0 21062479 0
326 0 19949768 0
327 0 20155796 0
328 0 19734580 0
329 0 15597023 0
330 0 20319326 0
331 0 20054734 0
332 0 23123974 0
333 0 19961779 0
334 0 18267737 0
335 0 19487609 0
336 0 15387100 0
337 0 19180233 0
338 0 19809189 0
339 0 19275494 0
340 0 22521130 0
341 0 19464510 0
342 0 22447445 0
343 1 16349 37
344 0 21938794 0
345 0 21537024 0
346 0 21040759 0
347 0 20059980 0
348 0 19403235 0
349 0 20153985 0
350 0 21219153 0
351 0 20038822 0
352 0 20680468 0
353 0 19822774 0
354 0 20286800 0
355 0 20199410 0
356 0 15743909 0
357 0 19275629 0
358 0 21223822 0
359 0 20153130 0
360 0 21544636 0
361 0 19211298 0
362 0 19322952 0
363 0 22074217 0
364 0 19528895 0
365 0 19636506 0
366 0 19096536 0
367 0 21086324 0
368 0 19808750 0
369 0 19564322 0
370 0 21269085 0
371 0 20272441 0
372 0 19564571 0
373 0 18417376 0
374 0 15698910 0
375 0 18768406 0
376 0 20294855 0
377 0 19000977 0
378 0 19735702 0
379 0 20296519 0
380 0 20086327 0
381 0 20614398 0
382 0 19560741 0
383 0 20084354 0
384 0 19075373 0
385 0 20226222 0
386 0 20332821 0
387 0 20285819 0
388 0 15708234 0
389 0 18832040 0
390 0 21701094 0
391 0 20877430 0
392 0 19121780 0
393 0 21672589 0
394 0 21070505 0
395 0 21851969 0
396 0 20028930 0
397 0 19045345 0
398 0 21332406 0
399 0 19184229 0
400 0 18894751 0
401 0 20060597 0
402 0 19476943 0
403 0 21979509 0
404 0 21526765 0
405 0 20211339 0
406 0 22654766 0
407 0 21190676 0
408 0 20181769 0
409 0 20039819 0
410 0 19443408 0
411 0 19378061 0
412 0 21300844 0
413 0 15680958 0
414 0 20096595 0
415 0 15817974 0
416 0 18764287 0
417 0 19548837 0
418 0 19152691 0
419 0 18371834 0
420 0 19896433 0
421 0 20056224 0
422 0 18772681 0
423 0 19104715 0
424 0 19017821 0
425 0 18774808 0
426 0 21811799 0
427 0 18983740 0
428 0 20038749 0
429 0 20049933 0
430 0 22591133 0
431 0 15393338 0
432 0 22392039 0
433 0 15410323 0
434 0 22655374 0
435 0 15957584 0
436 0 15800114 0
437 0 20302953 0
438 0 19791430 0
439 0 19096859 0
440 0 20867568 0
441 0 19227360 0
442 0 20003148 0
443 0 20460926 0
444 0 19608126 0
445 0 20153074 0
446 0 21548917 0
447 0 15910793 0
448 0 21243783 0
449 0 19209619 0
450 0 18856757 0
451 0 15308768 0
452 0 19019236 0
453 0 15690134 0
454 0 19481396 0
455 0 21045481 0
456 0 19860433 0
457 0 15476544 0
458 0 21307448 0
459 0 15231417 0
460 0 19884270 0
461 0 20203383 0
462 0 21392723 0
463 0 19695342 0
464 0 18930835 0
465 0 15251600 0
466 0 19782083 0
467 1 28383 114
468 0 15436075 0
469 0 19200604 0
470 0 15333658 0
471 0 19270308 0
472 0 20089609 0
473 0 19048030 0
474 0 19250723 0
475 0 19322895 0
476 0 19754841 0
477 0 19316667 0
478 0 15734712 0
479 0 20869918 0
480 0 19805026 0
481 0 19604101 0
482 0 21085322 0
483 0 20415399 0
484 0 19238976 0
485 0 15736366 0
486 0 18829716 0
487 0 18572113 0
488 0 19387856 0
489 0 15230897 0
490 0 20665919 0
491 0 15487878 0
492 0 20633725 0
493 0 18886226 0
494 0 22442329 0
495 0 19297761 0
496 0 19098898 0
497 0 19542455 0
498 0 21000326 0
499 0 18625956 0
500 0 19801757 0
501 0 20097599 0
502 0 19346993 0
503 0 15725509 0
504 0 20042664 0
505 0 22286517 0
506 0 22035052 0
507 0 21345971 0
508 0 18596433 0
509 0 15598863 0
510 0 15736926 0
511 0 21279696 0
512 0 18828509 0
513 0 15163253 0
514 0 21613386 0
515 0 18891851 0
516 0 18907926 0
517 0 19283279 0
518 0 19161455 0
519 0 22914445 0
520 0 20816861 0
521 0 15568066 0
522 0 22201033 0
523 0 20951404 0
524 0 19443668 0
525 0 20136796 0
526 0 19416952 0
527 0 19272916 0
528 0 19411502 0
529 0 19701986 0
530 0 15398298 0
531 0 19063973 0
532 0 20181801 0
533 0 20090903 0
534 0 19693389 0
535 0 21609803 0
536 0 19208758 0
537 0 18459396 0
538 0 20900563 0
539 0 15148601 0
540 0 20275784 0
541 0 20244191 0
542 0 19957958 0
543 0 15347345 0
544 0 19498533 0
545 0 20667832 0
546 0 18388783 0
547 0 19140742 0
548 0 19391101 0
549 0 19821546 0
550 0 15518897 0
551 0 21314746 0
552 0 19298094 0
553 0 21539359 0
554 0 19296433 0
555 0 19532690 0
556 0 15981126 0
557 0 20412179 0
558 0 15759582 0
559 0 19363825 0
560 0 20473995 0
561 0 20463651 0
562 0 19208696 0
563 0 19652216 0
564 0 19444917 0
565 0 19510197 0
566 0 20160457 0
567 0 20607780 0
568 0 19073476 0
569 0 15673934 0
570 0 19101291 0
571 0 15437739 0
572 0 19302940 0
573 0 20853778 0
574 0 19239006 0
575 0 20079192 0
576 0 16717332 0
577 0 20658663 0
578 0 15777556 0
579 0 20247799 0
580 0 19042668 0
581 0 18989931 0
582 0 19579837 0
583 0 18869130 0
584 0 15725951 0
585 0 18922190 0
586 0 19724819 0
587 0 20799991 0
588 0 18632229 0
589 0 20852611 0
590 0 21886511 0
591 0 21328227 0
592 0 19764975 0
593 0 18955833 0
594 0 18275811 0
595 0 20227081 0
596 0 18991019 0
597 0 15307354 0
598 0 18642723 0
599 0 20139394 0
600 0 21956530 0
601 0 22686815 0
602 0 22845680 0
603 0 22303859 0
604 0 20404545 0
605 0 22239748 0
606 0 21011907 0
607 0 15451353 0
608 0 19761835 0
609 0 19391245 0
610 0 19676339 0
611 0 18734248 0
612 0 15468427 0
613 0 15516674 0
614 0 19356788 0
615 0 21615997 0
616 0 20363214 0
617 0 15243054 0
618 0 15574957 0
619 0 19271724 0
620 0 19433239 0
621 0 19660367 0
622 0 19201599 0
623 0 20498670 0
624 0 19321552 0
625 0 18520574 0
626 0 15773441 0
627 0 20341712 0
628 0 20688873 0
629 0 22338302 0
630 0 22614739 0
631 0 15703141 0
632 0 15845879 0
633 0 18906171 0
634 0 18122551 0
635 0 15730821 0
636 0 18942826 0
637 0 19624128 0
638 0 20971926 0
639 0 21645190 0
640 0 19120879 0
641 0 19258641 0
642 0 21309588 0
643 0 19096236 0
644 0 19507871 0
645 0 18700154 0
646 0 22557949 0
647 0 22304361 0
648 0 15617119 0
649 0 19814962 0
650 0 18630553 0
651 0 19735458 0
652 0 21783397 0
653 0 18959195 0
654 0 19594291 0
655 0 20358986 0
656 0 19977121 0
657 0 19966768 0
658 0 18925504 0
659 0 19261885 0
660 0 20175189 0
661 0 21312576 0
662 0 19635855 0
663 0 20691549 0
664 0 20762379 0
665 0 19143505 0
666 0 19944924 0
667 0 18974923 0
668 0 19548684 0
669 0 19667788 0
670 0 18897036 0
671 0 19223011 0
672 0 19834135 0
673 0 18823824 0
674 0 20098453 0
675 0 19308174 0
676 0 15410230 0
677 0 15844377 0
678 0 21443305 0
679 0 19194997 0
680 0 15603872 0
681 0 18407022 0
682 0 19766614 0
683 0 22094496 0
684 0 15564361 0
685 0 18869520 0
686 0 15480050 0
687 0 15595643 0
688 0 20035888 0
689 0 15512211 0
690 0 18990634 0
691 0 15298896 0
692 0 21526261 0
693 0 19672539 0
694 0 19241202 0
695 0 20153675 0
696 0 22269539 0
697 0 20878662 0
698 0 19508079 0
699 0 19524749 0
700 0 18868737 0
701 0 19154712 0
702 0 22055474 0
703 0 21432913 0
704 0 19419749 0
705 0 18812895 0
706 0 22572090 0
707 0 16025475 0
708 0 19045803 0
709 0 19411226 0
710 0 15054830 0
711 0 18855142 0
712 0 21358020 0
713 0 16198299 0
714 0 21448133 0
715 0 20208992 0
716 0 22270381 0
717 0 21632840 0
718 0 20351813 0
719 0 15785024 0
720 0 20664419 0
721 0 20642477 0
722 0 20990262 0
723 0 15451405 0
724 0 20458026 0
725 0 21048043 0
726 0 20403724 0
727 0 18996706 0
728 0 20733033 0
729 0 20060025 0
730 0 21147024 0
731 0 19448995 0
732 0 18899443 0
733 0 15634773 0
734 0 18665360 0
735 0 19119005 0
736 0 19036122 0
737 0 19724664 0
738 0 18869515 0
739 0 18236357 0
740 0 22600627 0
741 0 20660346 0
742 0 21542306 0
743 0 15437452 0
744 0 21992002 0
745 0 20811803 0
746 0 20885501 0
747 0 19985164 0
748 0 18958914 0
749 0 20421392 0
750 0 21259942 0
751 0 21907065 0
752 0 22197532 0
753 0 19915243 0
754 0 19393451 0
755 0 19517991 0
756 0 19344686 0
757 0 19245705 0
758 0 15862390 0
759 0 15443400 0
760 0 18541985 0
761 0 15387470 0
762 0 19798262 0
763 0 18644119 0
764 0 15706629 0
765 0 18793979 0
766 0 19614432 0
767 0 19188638 0
768 0 19665634 0
769 0 21918190 0
770 0 21064747 0
771 0 19267658 0
772 0 19224138 0
773 0 19437755 0
774 0 22509088 0
775 0 15834296 0
776 0 19875584 0
777 0 20505238 0
778 0 19458598 0
779 0 15676636 0
780 0 19282363 0
781 0 19250991 0
782 0 19916294 0
783 0 15572009 0
784 0 19274629 0
785 0 18789675 0
786 0 18688412 0
787 0 20394382 0
788 0 15439725 0
789 0 17895383 0
790 0 20896218 0
791 0 15729243 0
792 0 20109961 0
793 0 19308119 0
794 0 19078531 0
795 0 18915237 0
796 0 18934527 0
797 0 19643665 0
798 0 15470456 0
799 0 18695631 0
800 0 20284552 0
801 0 18502817 0
802 0 19332980 0
803 0 20385555 0
804 0 19951157 0
805 0 19285327 0
806 0 20656927 0
807 0 19070620 0
808 0 19511172 0
809 0 21191645 0
810 0 21225034 0
811 0 19042163 0
812 0 18531793 0
813 0 18450270 0
814 0 18918173 0
815 0 20721526 0
816 0 22223867 0
817 0 15570411 0
818 0 20391076 0
819 0 19376691 0
820 0 21130158 0
821 0 15493608 0
822 0 20340414 0
823 0 19707150 0
824 0 19502713 0
825 0 19003610 0
826 0 19471857 0
827 0 19720525 0
828 0 20269501 0
829 0 18671121 0
830 0 19530799 0
831 0 16391656 0
832 0 20243887 0
833 0 19938168 0
834 0 20197032 0
835 0 19963901 0
836 0 18604820 0
837 0 16857772 0
838 0 19755781 0
839 0 19049156 0
840 0 19311150 0
841 0 18659191 0
842 0 19551557 0
843 0 19486248 0
844 0 19857429 0
845 0 15533432 0
846 0 19492328 0
847 0 15415473 0
848 0 19481508 0
849 0 19584033 0
850 0 18988636 0
851 0 18562113 0
852 0 21793237 0
853 0 19641555 0
854 0 15453140 0
855 0 18668280 0
856 0 20409962 0
857 0 18904297 0
858 0 19309405 0
859 0 15270168 0
860 0 19526968 0
861 0 18533597 0
862 0 19728399 0
863 0 19707016 0
864 0 19980626 0
865 0 19600276 0
866 0 21956792 0
867 0 20207595 0
868 0 18548176 0
869 0 19918510 0
870 0 18808390 0
871 0 19655298 0
872 0 19716972 0
873 0 21832478 0
874 0 20325089 0
875 0 20073762 0
876 0 19059638 0
877 0 19521999 0
878 0 19422195 0
879 0 19730444 0
880 0 18673411 0
881 0 20250992 0
882 0 18280325 0
883 0 15403927 0
884 0 19796592 0
885 0 19718457 0
886 0 22442539 0
887 0 20593403 0
888 0 18722406 0
889 0 21837437 0
890 0 19187247 0
891 0 20368967 0
892 0 19888178 0
893 0 19580580 0
894 0 19550341 0
895 0 18999815 0
896 0 19991542 0
897 0 15657813 0
898 0 19301904 0
899 0 18989585 0
900 0 18708188 0
901 0 19427895 0
902 0 18840458 0
903 0 19936784 0
904 0 19462018 0
905 0 18704314 0
906 0 18569834 0
907 0 18798149 0
908 0 19203451 0
909 0 20288250 0
910 0 19342620 0
911 0 15557771 0
912 0 15649634 0
913 0 18359852 0
914 0 20477774 0
915 0 18910448 0
916 0 21415715 0
917 0 19095354 0
918 0 19840368 0
919 0 19417404 0
920 0 15749350 0
921 0 15532529 0
922 0 19769457 0
923 0 20538747 0
924 0 19834292 0
925 0 20296528 0
926 0 20000062 0
927 0 19449433 0
928 0 19465116 0
929 0 19766805 0
930 0 21274554 0
931 0 19760585 0
932 0 19184426 0
933 0 22373074 0
934 0 20730409 0
935 0 15502908 0
936 0 20570642 0
937 0 21619987 0
938 0 19801969 0
939 0 15729665 0
940 0 20177839 0
941 0 15590011 0
942 0 19007694 0
943 0 15090699 0
944 0 19706310 0
945 0 21276225 0
946 0 20511175 0
947 0 19892270 0
948 0 19939841 0
949 0 19402086 0
950 0 19221456 0
951 0 21620388 0
952 0 21018365 0
953 0 15630352 0
954 0 20475107 0
955 0 19683250 0
956 0 19720939 0
957 0 15325895 0
958 0 15719098 0
959 0 15491276 0
960 0 20269787 0
961 0 15705350 0
962 0 19651251 0
963 0 15520495 0
964 0 18747363 0
965 0 18748313 0
966 0 19100068 0
967 0 19077365 0
968 0 18546875 0
969 0 17312995 0
970 0 19834517 0
971 0 15811936 0
972 0 15748500 0
973 0 20228107 0
974 0 21823532 0
975 0 19213865 0
976 0 21425432 0
977 0 15679701 0
978 0 18692558 0
979 0 19588479 0
980 0 19521580 0
981 0 15778401 0
982 0 19701867 0
983 0 18873545 0
984 0 21510319 0
985 0 20802927 0
986 0 20442484 0
987 0 20105240 0
988 1 2310785 10635
989 0 20757215 0
990 0 19427345 0
991 0 18527372 0
992 0 19710597 0
993 0 15735946 0
994 0 18877707 0
995 0 20716833 0
996 0 19417240 0
997 0 19155326 0
998 0 15384792 0
999 0 19036288 0
1000 0 19906523 0
1001 0 19551738 0
1002 0 19376361 0
1003 0 21914353 0
1004 0 19256175 0
1005 0 21104746 0
1006 0 22294928 0
1007 0 19679262 0
1008 0 21220024 0
1009 0 15659462 0
1010 0 19894874 0
1011 0 15820674 0
1012 0 18613114 0
1013 0 20248334 0
1014 0 20088224 0
1015 0 15235890 0
1016 0 21872732 0
1017 0 20468141 0
1018 0 16491127 0
1019 0 19818123 0
1020 0 20351364 0
1021 0 20510663 0
1022 0 18869270 0
1023 0 20601528 0
1024 0 22371802 0
1025 0 20855621 0
1026 0 19756027 0
1027 0 15514547 0
1028 0 19927280 0
1029 0 19706149 0
1030 0 15442079 0
1031 0 19856907 0
1032 0 20731493 0
1033 0 19947297 0
1034 0 15338300 0
1035 0 19768938 0
1036 0 22340060 0
1037 0 20926707 0
1038 0 21649527 0
1039 0 20202134 0
1040 0 19947139 0
1041 0 20151365 0
1042 0 19257285 0
1043 0 18963814 0
1044 0 19570485 0
1045 0 19260586 0
1046 0 19986258 0
1047 0 21345137 0
1048 0 22215678 0
1049 0 22318538 0
1050 0 22260363 0
1051 0 20248699 0
1052 0 19224837 0
1053 0 20150300 0
1054 0 19238038 0
1055 0 19893401 0
1056 0 21635033 0
1057 0 20441362 0
1058 0 22515400 0
1059 0 19991109 0
1060 0 15568960 0
1061 0 20167781 0
1062 0 15441474 0
1063 0 21833583 0
1064 0 22349002 0
1065 0 21548176 0
1066 0 15574645 0
1067 0 15433153 0
1068 0 19971105 0
1069 0 21279732 0
1070 0 20320013 0
1071 0 15735031 0
1072 0 15533420 0
1073 0 15457733 0
1074 0 21177229 0
1075 0 15655848 0
1076 0 22353892 0
1077 0 19675791 0
1078 0 15468432 0
1079 0 20184488 0
1080 0 19779774 0
1081 0 15899661 0
1082 0 19743538 0
1083 0 19660515 0
1084 0 22357136 0
1085 0 20897369 0
1086 0 19595332 0
1087 0 15276974 0
1088 0 19738854 0
1089 0 19839716 0
1090 0 19777203 0
1091 0 18911018 0
1092 0 20692445 0
1093 0 22183838 0
1094 0 19625972 0
1095 0 19046238 0
1096 0 18744016 0
1097 0 18912171 0
1098 0 21888621 0
1099 0 22221674 0
1100 0 20607259 0
1101 0 21593989 0
1102 0 20227292 0
1103 0 19727759 0
1104 0 20093267 0
1105 0 15698551 0
1106 0 15808656 0
1107 0 15673042 0
1108 0 18955769 0
1109 0 19211956 0
1110 0 21280031 0
1111 0 18670546 0
1112 0 19194069 0
1113 0 19758628 0
1114 0 19726200 0
1115 0 15679487 0
1116 0 19900979 0
1117 0 19299535 0
1118 0 15506354 0
1119 0 20863271 0
1120 0 20646259 0
1121 0 21105690 0
1122 0 19362216 0
1123 0 15922724 0
1124 0 19063753 0
1125 0 15561164 0
1126 0 19671524 0
1127 0 18385335 0
1128 0 19571858 0
1129 0 19146003 0
1130 0 18930772 0
1131 0 18941399 0
1132 0 19661548 0
1133 0 15648447 0
1134 0 18862985 0
1135 0 21933575 0
1136 0 21614555 0
1137 0 20181270 0
1138 0 19000176 0
1139 0 20451026 0
1140 0 19996932 0
1141 0 19550474 0
1142 0 20853103 0
1143 0 19946134 0
1144 0 20176306 0
1145 0 15531209 0
1146 0 20886382 0
1147 0 20063975 0
1148 0 19613442 0
1149 0 19280828 0
1150 0 20558576 0
1151 0 19399502 0
1152 0 18895452 0
1153 0 20330728 0
1154 0 18619048 0
1155 0 20422638 0
1156 0 16277615 0
1157 0 18642008 0
1158 0 19982452 0
1159 0 15592209 0
1160 0 19041948 0
1161 0 19528720 0
1162 0 19648359 0
1163 0 18601730 0
1164 0 22047842 0
1165 0 20200038 0
1166 0 22016441 0
1167 0 21877868 0
1168 0 15565748 0
1169 0 22082985 0
1170 0 15446872 0
1171 0 20873318 0
1172 0 20467548 0
1173 0 20596103 0
1174 0 15497789 0
1175 0 15483836 0
1176 0 15825367 0
1177 0 19447719 0
1178 0 19633312 0
1179 0 21366200 0
1180 0 22297327 0
1181 0 20119346 0
1182 0 19824634 0
1183 0 20355257 0
1184 0 20111549 0
1185 0 22249440 0
1186 0 21050011 0
1187 0 20638358 0
1188 0 22936299 0
1189 0 21129342 0
1190 0 20507901 0
1191 0 15302589 0
1192 0 20802941 0
1193 0 15592228 0
1194 0 20349249 0
1195 0 20293572 0
1196 0 21938504 0
1197 0 20653746 0
1198 0 20357306 0
1199 0 15490460 0
0 0 19178510 0
1 0 19452354 0
2 0 19164425 0
3 0 15538938 0
4 1 1871358 8534
5 0 20066611 0
6 0 19814907 0
7 0 19192027 0
8 0 19132256 0
9 0 19856567 0
10 0 19574216 0
11 0 20249008 0
12 0 20447959 0
13 0 20661652 0
14 0 17919786 0
15 0 19333208 0
16 0 15437985 0
17 0 19286200 0
18 0 20078186 0
19 0 19334675 0
20 0 19508403 0
21 0 18745361 0
22 0 21459699 0
23 0 20454218 0
24 0 19821779 0
25 0 18986836 0
26 0 19403660 0
27 0 21208297 0
28 0 19634661 0
29 0 20295221 0
30 0 21061474 0
31 0 20347928 0
32 0 21174511 0
33 0 21370403 0
34 0 15388641 0
35 0 15385919 0
36 0 18601774 0
37 0 19676877 0
38 0 19878156 0
39 0 20631323 0
40 0 18973749 0
41 0 18701112 0
42 0 21173812 0
43 0 21561653 0
44 0 15740076 0
45 0 19066908 0
46 0 21702572 0
47 0 22900855 0
48 0 23016031 0
49 0 20981804 0
50 0 20048234 0
51 0 18951386 0
52 0 21257571 0
53 0 21572681 0
54 0 15445358 0
55 0 19114743 0
56 0 19116057 0
57 0 20186469 0
58 0 20299153 0
59 0 21407018 0
60 0 20963645 0
61 0 15586613 0
62 0 21180901 0
63 0 22664443 0
64 0 20425600 0
65 0 20614000 0
66 0 21256958 0
67 0 15536582 0
68 0 15489072 0
69 0 20128076 0
70 0 21897549 0
71 0 22131012 0
72 1 20054 37
73 0 21083718 0
74 0 15521764 0
75 0 19484018 0
76 0 19591910 0
77 0 20687905 0
78 0 15717724 0
79 0 21941050 0
80 0 21482003 0
81 0 22600237 0
82 0 22443137 0
83 0 15961510 0
84 0 20273733 0
85 0 21074212 0
86 0 21208243 0
87 0 22151475 0
88 0 21318804 0
89 0 20685001 0
90 0 22562707 0
91 0 20719038 0
92 0 22263281 0
93 0 22099012 0
94 0 15230421 0
95 0 15713705 0
96 0 20987267 0
97 0 16072641 0
98 0 19167302 0
99 0 15265955 0
100 0 20667869 0
101 0 15814752 0
102 0 21904820 0
103 0 21995093 0
104 0 21924924 0
105 1 72120 303
106 0 21758400 0
107 0 21662246 0
108 0 15706681 0
109 0 15500670 0
110 0 17997739 0
111 0 22118721 0
112 0 20750861 0
113 0 21649929 0
114 0 20805694 0
115 0 21813695 0
116 0 22148274 0
117 0 21895643 0
118 0 19687439 0
119 0 15525573 0
120 0 19287696 0
121 0 19008456 0
122 0 19871678 0
123 0 15512860 0
124 0 21502933 0
125 0 15847769 0
126 0 19944485 0
127 0 21370692 0
128 0 20125789 0
129 0 21470804 0
130 0 22287270 0
131 0 21037481 0
132 0 20235086 0
133 0 19224708 0
134 0 19206670 0
135 0 20699064 0
136 0 15653991 0
137 0 19937766 0
138 0 19014610 0
139 0 19372988 0
140 0 21180651 0
141 0 19545053 0
142 0 19504776 0
143 0 20136309 0
144 0 21622073 0
145 0 21001836 0
146 0 21554498 0
147 0 19897637 0
148 0 18995057 0
149 0 19846917 0
150 0 22363856 0
151 0 19466835 0
152 0 15578352 0
153 0 19110653 0
154 0 22765262 0
155 0 15560553 0
156 0 20972449 0
157 0 21873871 0
158 0 20240782 0
159 0 19102951 0
160 0 19494533 0
161 0 19376171 0
162 0 19390735 0
163 0 15859585 0
164 0 19482250 0
165 0 21305187 0
166 0 19955467 0
167 0 19954269 0
168 0 19775748 0
169 0 19373833 0
170 0 22159734 0
171 0 20809023 0
172 0 18835162 0
173 0 19314333 0
174 0 18923419 0
175 0 19595924 0
176 0 19009782 0
177 0 19604032 0
178 0 18378239 0
179 0 22750530 0
180 0 20394796 0
181 0 19845941 0
182 0 19149503 0
183 0 15737953 0
184 0 22524590 0
185 0 22363318 0
186 0 20228875 0
187 0 21383458 0
188 0 19513012 0
189 0 19654963 0
190 0 20323931 0
191 0 22661066 0
192 0 21173785 0
193 0 20611492 0
194 0 20481359 0
195 0 22642712 0
196 0 21257662 0
197 0 22580445 0
198 0 21616413 0
199 0 22050416 0
200 0 15429072 0
201 0 23027667 0
202 0 20753066 0
203 0 15372839 0
204 0 19279765 0
205 0 22563344 0
206 0 21508804 0
207 0 16209470 0
208 0 20020048 0
209 0 22241216 0
210 0 22523960 0
211 0 18605535 0
212 0 18894334 0
213 0 19369309 0
214 1 16047 47
215 0 18647039 0
216 0 20808528 0
217 0 18533202 0
218 1 4436595 20675
219 0 19149233 0
220 0 22720331 0
221 0 22853568 0
222 0 22508819 0
223 0 22500707 0
224 0 22619538 0
225 0 18854558 0
226 0 22780918 0
227 0 22697355 0
228 0 19600079 0
229 0 20563313 0
230 0 18328883 0
231 0 15529094 0
232 0 18538635 0
233 0 18255785 0
234 0 19170235 0
235 0 18319970 0
236 0 18988640 0
237 0 19281849 0
238 0 19519464 0
239 0 19045690 0
240 0 18573559 0
241 0 15696723 0
242 0 15202547 0
243 0 19450936 0
244 0 19304832 0
245 0 21799816 0
246 0 19683169 0
247 0 21220165 0
248 0 19712531 0
249 0 18790992 0
250 0 19104858 0
251 0 20523314 0
252 0 19710110 0
253 0 19454146 0
254 0 19904676 0
255 0 19016005 0
256 0 19191430 0
257 0 21409664 0
258 0 21132621 0
259 0 15598763 0
260 0 15745991 0
261 0 19596660 0
262 0 18836914 0
263 0 20550549 0
264 0 20889357 0
265 0 18871543 0
266 0 20280422 0
267 0 18705073 0
268 0 20392138 0
269 0 18116206 0
270 0 20933517 0
271 0 20257112 0
272 0 21556958 0
273 0 15638486 0
274 0 18964297 0
275 0 18445267 0
276 0 19092746 0
277 0 22361131 0
278 0 20709798 0
279 0 18776273 0
280 0 19223669 0
281 0 20044565 0
282 0 21048140 0
283 0 19715853 0
284 0 20602128 0
285 0 19803746 0
286 0 19809216 0
287 0 15380471 0
288 0 21795839 0
289 0 20728859 0
290 0 20813380 0
291 0 20074282 0
292 0 19199780 0
293 0 15756929 0
294 0 21184507 0
295 0 18969000 0
296 0 19431379 0
297 0 20465340 0
298 0 20378873 0
299 0 19864582 0
300 0 19907614 0
301 0 19384519 0
302 0 19693464 0
303 0 18932938 0
304 0 15786902 0
305 0 15278327 0
306 0 19148248 0
307 0 21761592 0
308 0 20923848 0
309 0 20719323 0
310 0 19600540 0
311 0 15479893 0
312 0 15755734 0
313 0 19495298 0
314 0 19425154 0
315 0 18850686 0
316 0 18959599 0
317 0 19507573 0
318 0 19733339 0
319 0 15262452 0
320 0 19493395 0
321 0 15741262 0
322 0 19421279 0
323 0 21671689 0
324 0 20400033 0
325 0 20592286 0
326 0 19450540 0
327 0 15785718 0
328 0 19934016 0
329 0 20027010 0
330 0 18633884 0
331 0 19542377 0
332 0 18453146 0
333 0 18816695 0
334 0 15792130 0
335 0 19023432 0
336 0 19267157 0
337 0 15455247 0
338 0 15644910 0
339 0 15731981 0
340 0 19911481 0
341 0 20512523 0
342 0 21336149 0
343 0 20323569 0
344 0 20862255 0
345 0 15503916 0
346 0 21262303 0
347 0 21882192 0
348 0 21676078 0
349 0 20665069 0
350 0 19901623 0
351 0 19536017 0
352 0 20327345 0
353 0 20336104 0
354 0 20414970 0
355 0 15708218 0
356 0 19943271 0
357 0 15508694 0
358 0 19577630 0
359 0 21873895 0
360 0 18924555 0
361 0 15725161 0
362 0 18551366 0
363 0 20239763 0
364 0 19837301 0
365 0 19352317 0
366 0 21149980 0
367 0 15449207 0
368 0 21053063 0
369 0 22181977 0
370 0 20583990 0
371 0 20227632 0
372 0 19801024 0
373 0 20495400 0
374 0 21248058 0
375 0 15670184 0
376 0 20356411 0
377 0 15727661 0
378 0 20011511 0
379 0 19847867 0
380 0 18870496 0
381 0 21561405 0
382 0 21768300 0
383 0 15602207 0
384 0 18777022 0
385 0 15545366 0
386 0 20130363 0
387 0 19096154 0
388 0 19324879 0
389 0 18617016 0
390 0 21342759 0
391 0 21585332 0
392 0 18761742 0
393 0 20056225 0
394 0 18597086 0
395 0 19465296 0
396 0 19313179 0
397 0 22705488 0
398 0 20158175 0
399 0 19840741 0
400 0 15540521 0
401 0 19468422 0
402 0 18934702 0
403 0 19967903 0
404 0 21723520 0
405 0 21840301 0
406 0 22272633 0
407 0 20840343 0
408 0 20495274 0
409 0 20837595 0
410 0 20749999 0
411 0 20336662 0
412 0 15630562 0
413 0 19488244 0
414 0 22926527 0
415 0 15719947 0
416 0 19613584 0
417 0 19493940 0
418 0 20320747 0
419 0 15868087 0
420 0 15642872 0
421 0 19117353 0
422 0 18866796 0
423 0 20174623 0
424 0 19431491 0
425 0 19505556 0
426 0 20554136 0
427 0 19805430 0
428 0 15808903 0
429 0 19690311 0
430 0 22698625 0
431 0 19167731 0
432 0 19902114 0
433 0 19010869 0
434 0 19419477 0
435 0 19338185 0
436 0 19378765 0
437 0 18894440 0
438 0 19296795 0
439 0 20983944 0
440 0 20186978 0
441 0 21857399 0
442 0 20891914 0
443 0 22399491 0
444 0 18847880 0
445 0 15759848 0
446 0 20530015 0
447 0 19578543 0
448 0 15523627 0
449 0 20340137 0
450 0 20972523 0
451 0 19827891 0
452 0 20471317 0
453 0 19746284 0
454 0 18816692 0
455 0 19972827 0
456 0 20160709 0
457 0 15541448 0
458 0 20478295 0
459 0 15437318 0
460 0 20865482 0
461 0 20892045 0
462 0 19718725 0
463 0 20016855 0
464 0 18770244 0
465 0 21969418 0
466 0 19105422 0
467 0 20026971 0
468 0 19583334 0
469 0 15162735 0
470 0 19129884 0
471 0 19109820 0
472 0 21919917 0
473 0 20433709 0
474 0 20719205 0
475 0 19608882 0
476 0 18948273 0
477 0 19863733 0
478 0 19802626 0
479 0 18997583 0
480 0 18916028 0
481 0 19335778 0
482 0 19585747 0
483 0 15737106 0
484 0 18539415 0
485 0 20217743 0
486 0 17235564 0
487 0 19090768 0
488 0 15569066 0
489 0 20156361 0
490 0 19742222 0
491 0 20640441 0
492 0 18566148 0
493 0 21763046 0
494 0 19419340 0
495 0 15968987 0
496 0 15673101 0
497 0 19171170 0
498 0 15457732 0
499 0 15609411 0
500 0 18685116 0
501 0 15496955 0
502 0 18966959 0
503 0 19515683 0
504 0 20327405 0
505 0 19244729 0
506 0 19113178 0
507 0 15419418 0
508 0 20344564 0
509 0 19928252 0
510 0 18954769 0
511 0 19037002 0
512 0 20756099 0
513 0 18980458 0
514 0 18530592 0
515 0 18970948 0
516 0 18553882 0
517 0 20236444 0
518 0 21079224 0
519 0 20346094 0
520 0 21860745 0
521 0 20244243 0
522 0 18510048 0
523 0 18522366 0
524 0 15246005 0
525 0 21213318 0
526 0 19473123 0
527 0 18630250 0
528 0 15666069 0
529 0 20506462 0
530 0 19536227 0
531 0 15591423 0
532 0 19088316 0
533 0 15387294 0
534 0 15675310 0
535 0 21901549 0
536 0 19318856 0
537 0 15816682 0
538 0 20469930 0
539 0 18886094 0
540 0 21888492 0
541 0 19204363 0
542 0 20699824 0
543 0 22549918 0
544 0 22591983 0
545 0 20412369 0
546 0 19266896 0
547 0 19779829 0
548 0 21293301 0
549 0 20953553 0
550 0 22004395 0
551 0 21165122 0
552 0 15636175 0
553 0 19156770 0
554 0 19005376 0
555 0 18709262 0
556 0 18956437 0
557 0 18148324 0
558 0 21588797 0
559 0 21853905 0
560 0 22238870 0
561 0 21570426 0
562 0 20328259 0
563 0 19357055 0
564 0 21670304 0
565 0 15340511 0
566 0 19502835 0
567 0 20536503 0
568 0 18888748 0
569 0 19128621 0
570 0 18945823 0
571 0 19024737 0
572 0 15859481 0
573 0 19049112 0
574 0 19932998 0
575 0 19366171 0
576 0 15470688 0
577 0 19622319 0
578 0 19007653 0
579 0 18534090 0
580 0 15778373 0
581 0 19830737 0
582 0 19228119 0
583 0 18848229 0
584 0 21511572 0
585 0 20066409 0
586 0 19448453 0
587 0 16008842 0
588 0 19481872 0
589 0 15606709 0
590 0 20492248 0
591 0 18596380 0
592 0 22147267 0
593 0 20573918 0
594 0 19259256 0
595 0 19500219 0
596 0 20766866 0
597 0 19054777 0
598 0 18913024 0
599 0 19045502 0
600 0 19084538 0
601 0 20612914 0
602 0 15497940 0
603 0 20866828 0
604 0 20447103 0
605 0 21206869 0
606 0 20038923 0
607 0 19083530 0
608 0 19315207 0
609 0 20994781 0
610 0 18710853 0
611 0 20127497 0
612 0 20834875 0
613 0 19156543 0
614 0 15782029 0
615 0 18533986 0
616 0 20003111 0
617 0 18627122 0
618 0 20939999 0
619 0 19805617 0
620 0 19325603 0
621 0 22417942 0
622 0 15476793 0
623 0 21995027 0
624 0 21791462 0
625 0 19114014 0
626 0 20764073 0
627 0 15431058 0
628 0 19387818 0
629 0 18877231 0
630 0 15671356 0
631 0 19513125 0
632 0 19081754 0
633 0 18814069 0
634 0 18598686 0
635 0 20791782 0
636 0 19507652 0
637 0 15697903 0
638 0 19206266 0
639 0 20175594 0
640 0 22599707 0
641 0 19392669 0
642 0 19472626 0
643 0 18753144 0
644 0 19980069 0
645 0 18120997 0
646 0 19003496 0
647 0 21927049 0
648 0 20945333 0
649 0 19958461 0
650 0 21871590 0
651 0 15750143 0
652 0 19148886 0
653 0 21361800 0
654 0 20926693 0
655 0 20230045 0
656 0 18897864 0
657 0 21063780 0
658 0 20994099 0
659 0 21251340 0
660 0 20123398 0
661 0 19079553 0
662 0 19110690 0
663 0 19001913 0
664 0 21699710 0
665 0 19799264 0
666 0 15520784 0
667 0 19167596 0
668 0 18751752 0
669 0 19248044 0
670 0 19154041 0
671 0 19586573 0
672 0 18544149 0
673 0 20075134 0
674 0 19463324 0
675 0 18959868 0
676 0 19713894 0
677 0 18828889 0
678 0 19329470 0
679 0 22268923 0
680 0 19681651 0
681 0 19070672 0
682 0 19310923 0
683 0 15562144 0
684 0 21294872 0
685 0 15503670 0
686 0 19512370 0
687 0 19329403 0
688 0 21496937 0
689 0 21216339 0
690 0 23130097 0
691 0 21392855 0
692 0 20922330 0
693 0 20606262 0
694 0 20464024 0
695 0 19130474 0
696 0 20184936 0
697 0 20898357 0
698 0 20584213 0
699 0 19452154 0
700 0 15671748 0
701 0 18974915 0
702 0 15712519 0
703 0 19200847 0
704 0 18534117 0
705 0 19320388 0
706 0 19748337 0
707 0 20129082 0
708 0 19850651 0
709 0 19653003 0
710 0 15473165 0
711 0 15691165 0
712 0 19470874 0
713 0 21750441 0
714 0 20249806 0
715 0 19971974 0
716 0 19710026 0
717 0 19601050 0
718 0 20721162 0
719 0 19867269 0
720 0 18693224 0
721 0 18634983 0
722 0 22181191 0
723 0 19434576 0
724 0 19746765 0
725 0 15680678 0
726 0 19323506 0
727 0 20054551 0
728 0 20179695 0
729 0 19285565 0
730 0 18750514 0
731 0 20896013 0
732 0 22394911 0
733 0 19143519 0
734 0 20424752 0
735 0 19436324 0
736 0 20194350 0
737 0 20235979 0
738 0 19419865 0
739 0 19776927 0
740 0 15610897 0
741 0 18511767 0
742 0 22225883 0
743 0 15524095 0
744 0 20659977 0
745 0 18646666 0
746 0 21589616 0
747 0 19990244 0
748 0 18213062 0
749 0 18847387 0
750 0 21535733 0
751 0 19860661 0
752 0 15551526 0
753 0 18862578 0
754 0 22047406 0
755 0 21340694 0
756 0 19528176 0
757 0 19624015 0
758 0 20554054 0
759 0 19912577 0
760 0 21715123 0
761 0 19556543 0
762 0 19000397 0
763 0 16130435 0
764 0 19373232 0
765 0 18802976 0
766 0 15635791 0
767 0 19122605 0
768 0 19619745 0
769 0 18714133 0
770 0 18638637 0
771 0 18853897 0
772 0 18996776 0
773 0 15583781 0
774 0 19253182 0
775 0 19926001 0
776 0 20449536 0
777 0 21163668 0
778 0 20236953 0
779 0 19026013 0
780 0 18709011 0
781 0 20362058 0
782 0 19820389 0
783 0 21129677 0
784 0 20420336 0
785 0 22607191 0
786 0 21533193 0
787 0 15664757 0
788 0 19919342 0
789 0 19170645 0
790 0 22622593 0
791 0 22486134 0
792 0 21274156 0
793 0 15618189 0
794 0 20714633 0
795 0 22687691 0
796 0 19979560 0
797 0 15551191 0
798 0 21427982 0
799 0 20532115 0
800 0 21963420 0
801 0 15762619 0
802 0 15349844 0
803 0 19357675 0
804 0 19430023 0
805 0 20420280 0
806 0 15487769 0
807 0 19006075 0
808 0 19466874 0
809 0 19613759 0
810 0 21780364 0
811 0 19615789 0
812 0 18403673 0
813 0 22942422 0
814 0 22486205 0
815 0 19520302 0
816 0 22674890 0
817 0 22258752 0
818 0 22830070 0
819 0 15496818 0
820 0 22236719 0
821 0 21201683 0
822 0 20903137 0
823 0 19460081 0
824 0 21339198 0
825 0 20830143 0
826 0 21621620 0
827 0 22199194 0
828 0 22654820 0
829 0 19409900 0
830 0 15487035 0
831 0 19950527 0
832 0 15757363 0
833 0 19883454 0
834 0 18908220 0
835 0 15747807 0
836 0 18946660 0
837 0 20036001 0
838 0 19312674 0
839 0 18488416 0
840 0 18537955 0
841 0 18383113 0
842 0 19600463 0
843 0 15406391 0
844 0 19813277 0
845 0 21263824 0
846 0 15264588 0
847 0 19503024 0
848 0 20609102 0
849 0 20613008 0
850 0 19163394 0
851 0 19307682 0
852 0 19258519 0
853 0 19528486 0
854 0 20891856 0
855 0 18976734 0
856 0 19531768 0
857 0 20585617 0
858 0 18088376 0
859 0 19283998 0
860 0 19456205 0
861 0 15940039 0
862 0 19364474 0
863 0 19445871 0
864 0 19984818 0
865 0 15514679 0
866 0 19291923 0
867 0 19880284 0
868 0 19836588 0
869 1 10398 8
870 0 20112947 0
871 0 20947402 0
872 0 15506157 0
873 0 19192054 0
874 0 21112259 0
875 0 19748438 0
876 0 21982878 0
877 0 17683748 0
878 0 21378980 0
879 0 19366306 0
880 0 19778028 0
881 0 19682548 0
882 0 19334560 0
883 0 15397380 0
884 0 22141752 0
885 0 21405910 0
886 0 22617465 0
887 0 21973909 0
888 0 21587207 0
889 0 21351630 0
890 0 20527667 0
891 0 20100339 0
892 0 21820379 0
893 0 19394984 0
894 0 19532438 0
895 0 19957140 0
896 0 18638789 0
897 0 15782163 0
898 0 20957809 0
899 0 15668465 0
900 0 15707525 0
901 0 20254434 0
902 0 19290058 0
903 0 19733854 0
904 0 20420265 0
905 0 20058037 0
906 0 19774824 0
907 0 15773456 0
908 0 18479469 0
909 0 18498088 0
910 0 22082567 0
911 0 15748640 0
912 0 19112161 0
913 0 19064918 0
914 0 19640400 0
915 0 19592275 0
916 0 15658056 0
917 0 19395870 0
918 0 19303558 0
919 0 19032047 0
920 0 15916956 0
921 0 18700711 0
922 0 15592364 0
923 0 18606446 0
924 0 19555450 0
925 0 19317600 0
926 0 20045236 0
927 0 15566842 0
928 0 21946984 0
929 0 20143534 0
930 0 18396720 0
931 0 18776703 0
932 0 20075118 0
933 0 20483367 0
934 0 22154871 0
935 0 20278932 0
936 0 21212999 0
937 0 19682706 0
938 0 22449947 0
939 0 16328106 0
940 0 21765745 0
941 0 15767943 0
942 0 15998142 0
943 0 20072772 0
944 0 19283589 0
945 0 15970504 0
946 0 20533100 0
947 0 20080160 0
948 0 21660892 0
949 0 21765540 0
950 0 19607085 0
951 0 19585231 0
952 0 15604965 0
953 0 19313990 0
954 0 19999576 0
955 0 15715637 0
956 0 19468863 0
957 0 19590161 0
958 0 21426050 0
959 0 19380714 0
960 0 20825873 0
961 0 20967458 0
962 0 19710649 0
963 0 15582597 0
964 0 20802989 0
965 0 21970165 0
966 0 21486495 0
967 0 22024718 0
968 0 22042096 0
969 0 19627350 0
970 0 20122895 0
971 0 21303724 0
972 0 20482422 0
973 0 15476117 0
974 0 19623701 0
975 0 20348875 0
976 0 21535101 0
977 0 20190028 0
978 0 20733411 0
979 0 21873559 0
980 0 19137850 0
981 0 18796885 0
982 0 21674652 0
983 0 21896189 0
984 0 21390029 0
985 0 15514233 0
986 0 18902857 0
987 0 19850036 0
988 0 19236149 0
989 0 19455165 0
990 0 16012346 0
991 0 19321349 0
992 0 18681720 0
993 0 19373483 0
994 0 18983683 0
995 0 20303496 0
996 0 15243843 0
997 0 19715672 0
998 0 19847260 0
999 0 19619511 0
1000 0 21592566 0
1001 0 22220611 0
1002 0 21614564 0
1003 0 20055110 0
1004 0 20378100 0
1005 0 19782732 0
1006 0 19558743 0
1007 0 15905051 0
1008 0 19671069 0
1009 0 20324783 0
1010 0 19732606 0
1011 0 18593796 0
1012 0 18800278 0
1013 0 19972269 0
1014 0 15712971 0
1015 0 19369812 0
1016 0 19884860 0
1017 0 20098561 0
1018 0 20246690 0
1019 0 20619705 0
1020 0 21162239 0
1021 0 19980431 0
1022 0 20024825 0
1023 0 15485883 0
1024 0 19601236 0
1025 0 20252122 0
1026 0 15568753 0
1027 0 21704770 0
1028 0 21876778 0
1029 0 19390481 0
1030 0 15320566 0
1031 0 20214779 0
1032 0 22546350 0
1033 0 20338769 0
1034 0 21190972 0
1035 0 15268681 0
1036 0 22088420 0
1037 0 20488502 0
1038 0 20741066 0
1039 0 19157478 0
1040 0 15903874 0
1041 0 15551583 0
1042 0 21418997 0
1043 0 15804403 0
1044 0 22260083 0
1045 0 20330564 0
1046 0 19229623 0
1047 0 22202436 0
1048 0 18437881 0
1049 0 19727027 0
1050 0 22164554 0
1051 0 22308515 0
1052 0 22642287 0
1053 0 21887799 0
1054 0 15905172 0
1055 0 19573101 0
1056 0 19666383 0
1057 0 18977582 0
1058 0 19577372 0
1059 0 19671176 0
1060 0 15473022 0
1061 0 19454183 0
1062 0 20584204 0
1063 0 20836887 0
1064 0 20809703 0
1065 0 21534079 0
1066 0 20704559 0
1067 0 20507703 0
1068 0 19314681 0
1069 0 15395484 0
1070 0 19308543 0
1071 0 15752930 0
1072 0 19017931 0
1073 0 15619789 0
1074 0 18915469 0
1075 0 19164740 0
1076 0 19369066 0
1077 0 15578160 0
1078 0 20507782 0
1079 0 20159488 0
1080 0 19637902 0
1081 0 15383454 0
1082 0 19148680 0
1083 0 20327983 0
1084 0 19382151 0
1085 0 22445015 0
1086 0 20869968 0
1087 0 19808701 0
1088 0 22188479 0
1089 0 18930275 0
1090 0 21789898 0
1091 0 19777166 0
1092 0 19132032 0
1093 0 20668189 0
1094 0 21741630 0
1095 0 21106791 0
1096 0 20347581 0
1097 0 15684748 0
1098 0 21785572 0
1099 0 21738148 0
1100 0 22173828 0
1101 0 20744282 0
1102 0 15740724 0
1103 0 19059546 0
1104 0 20471656 0
1105 0 15560038 0
1106 0 21329870 0
1107 0 19420636 0
1108 0 20403685 0
1109 0 18902606 0
1110 0 18580439 0
1111 0 15664160 0
1112 0 22892062 0
1113 0 20280226 0
1114 0 20105653 0
1115 0 20893195 0
1116 0 20738899 0
1117 0 15890626 0
1118 0 20283417 0
1119 0 20993379 0
1120 0 20746848 0
1121 0 22158287 0
1122 0 21885604 0
1123 0 19494332 0
1124 0 19277251 0
1125 0 19901240 0
1126 0 19644028 0
1127 0 18305756 0
1128 0 19448070 0
1129 0 20922348 0
1130 0 19855416 0
1131 0 19613535 0
1132 0 16678018 0
1133 0 19668514 0
1134 0 18402100 0
1135 0 20998001 0
1136 0 19774246 0
1137 0 18393269 0
1138 0 15609524 0
1139 0 18880157 0
1140 0 22572383 0
1141 0 19838176 0
1142 0 20086431 0
1143 0 20297351 0
1144 0 21679210 0
1145 0 22327973 0
1146 0 20291350 0
1147 0 19176094 0
1148 0 19041803 0
1149 0 18748365 0
1150 0 15811599 0
1151 0 19782242 0
1152 0 18610344 0
1153 0 19050769 0
1154 0 22313510 0
1155 0 15365288 0
1156 0 20236824 0
1157 0 19785487 0
1158 0 20911563 0
1159 0 15401552 0
1160 0 17150487 0
1161 0 21346149 0
1162 0 15329221 0
1163 0 21086957 0
1164 0 19192155 0
1165 0 18838243 0
1166 0 18991451 0
1167 0 21279017 0
1168 0 20581719 0
1169 0 21774347 0
1170 0 20008975 0
1171 0 18956323 0
1172 0 20108751 0
1173 0 19167905 0
1174 0 19584880 0
1175 0 15772171 0
1176 0 20254657 0
1177 0 19027948 0
1178 0 19747846 0
1179 0 19703343 0
1180 0 22452480 0
1181 0 15425941 0
1182 0 20770837 0
1183 0 21043094 0
1184 0 19373121 0
1185 0 15128358 0
1186 0 19239708 0
1187 0 15576620 0
1188 0 20130479 0
1189 0 21922771 0
1190 0 19436350 0
1191 0 15480632 0
1192 0 19038152 0
1193 0 19368136 0
1194 0 19335445 0
1195 0 15802236 0
1196 0 20228263 0
1197 0 19746663 0
1198 0 20567637 0
1199 0 20411036 0
