0 0 19407437 0
1 0 19596696 0
2 0 19966015 0
3 0 15668983 0
4 0 20125302 0
5 1 828812 3782
6 1 425748 1950
7 0 19107748 0
8 1 667737 3047
9 1 399521 1801
10 0 22050461 0
11 1 1205308 5527
12 0 22193650 0
13 0 19809266 0
14 1 1070953 4916
15 0 18698429 0
16 1 320879 1457
17 0 19830992 0
18 1 952403 4365
19 1 795859 3640
20 0 19256920 0
21 0 20370696 0
22 1 717564 3291
23 1 263476 1198
24 0 21856111 0
25 0 21284937 0
26 0 20632482 0
27 0 22223348 0
28 0 21266596 0
29 0 20527926 0
30 0 22298440 0
31 1 277838 1414
32 1 1150084 5266
33 0 22327785 0
34 0 22079978 0
35 1 552399 2865
36 0 19894071 0
37 0 19710132 0
38 0 20468312 0
39 1 282352 1264
40 0 18452588 0
41 0 19519595 0
42 1 1690864 7767
43 0 21194403 0
44 0 22642754 0
45 1 710267 3253
46 0 19870677 0
47 0 20272854 0
48 1 1323389 6061
49 1 908035 4160
50 0 18923079 0
51 1 787264 3581
52 1 141189 632
53 0 19263962 0
54 1 341680 1553
55 0 22323812 0
56 0 19515329 0
57 1 428895 1957
58 0 20492162 0
59 0 21853189 0
60 0 21388437 0
61 1 492251 2210
62 1 792403 3645
63 0 17196631 0
64 0 19121230 0
65 1 336023 1516
66 0 18545279 0
67 1 297041 1530
68 0 19877917 0
69 1 302907 1347
70 0 19227059 0
71 0 15680435 0
72 0 19057710 0
73 0 19401728 0
74 0 19553275 0
75 1 820033 3774
76 0 19053883 0
77 0 20629099 0
78 0 19918511 0
79 0 19149158 0
80 1 822648 4108
81 0 20772241 0
82 0 19698067 0
83 0 19222031 0
84 1 902927 4146
85 0 20659678 0
86 0 18511445 0
87 0 19922889 0
88 1 472276 2169
89 1 119938 529
90 1 147887 670
91 0 19244772 0
92 0 19364060 0
93 1 636875 2919
94 0 19781574 0
95 0 19559989 0
96 1 669375 3088
97 0 19406106 0
98 1 905334 4163
99 1 397416 1825
100 0 19251018 0
101 0 18947532 0
102 0 18807839 0
103 1 772373 3521
104 1 282528 1292
105 0 19066850 0
106 1 579478 2659
107 1 116049 519
108 1 658706 3018
109 0 18979809 0
110 1 698598 3204
111 1 439306 2014
112 1 381726 1717
113 1 660085 3046
114 0 19411914 0
115 0 19400208 0
116 1 402566 1804
117 0 19391850 0
118 0 21499940 0
119 1 29595 112
120 1 541355 2479
121 1 928391 4283
122 1 478891 2199
123 0 20693691 0
124 1 1872404 8741
125 0 19125543 0
126 0 15559252 0
127 0 19002402 0
128 1 661244 3008
129 0 22080842 0
130 0 20820085 0
131 0 19118477 0
132 0 19102016 0
133 0 19097518 0
134 0 19877914 0
135 1 236468 1062
136 0 19739210 0
137 0 19174236 0
138 1 253580 1131
139 0 21375801 0
140 1 823790 3745
141 0 18839195 0
142 1 974008 4455
143 0 18355426 0
144 0 19934995 0
145 1 462504 2402
146 0 20858981 0
147 0 19387515 0
148 0 19122268 0
149 1 702344 3203
150 1 3905 5
151 1 645938 2974
152 1 709563 3274
153 1 505360 2322
154 0 18739420 0
155 1 781680 3593
156 1 558035 2567
157 0 15338755 0
158 1 53265 214
159 1 529321 2439
160 1 1113371 5141
161 1 725030 3349
162 0 20097860 0
163 0 18745843 0
164 1 731079 3344
165 1 593344 2732
166 1 72513 324
167 0 22579415 0
168 0 19288290 0
169 1 100077 430
170 1 714122 3297
171 1 725403 3348
172 1 1024989 4745
173 1 649870 2998
174 1 86632 376
175 1 665262 3064
176 0 19155829 0
177 1 374657 1710
178 1 949464 4386
179 0 20332391 0
180 1 279963 1265
181 0 19796222 0
182 1 1703675 7868
183 0 18515699 0
184 1 342732 1571
185 1 906045 4185
186 1 758075 3493
187 0 19449662 0
188 0 19309250 0
189 0 15625579 0
190 0 19029750 0
191 1 1149544 5282
192 0 19114055 0
193 0 19838588 0
194 0 19792190 0
195 0 20106117 0
196 1 806700 3696
197 1 437656 2019
198 1 541518 2488
199 1 541982 2487
200 0 18326029 0
201 1 692313 3186
202 0 19154787 0
203 0 19778818 0
204 1 61518 265
205 0 21221835 0
206 0 19333645 0
207 1 561724 2569
208 0 15524096 0
209 1 1244361 5686
210 0 19035648 0
211 0 19641978 0
212 0 21049467 0
213 0 19534226 0
214 1 539157 2445
215 0 19796222 0
216 1 1325140 6124
217 1 276776 1267
218 0 20298469 0
219 0 19507637 0
220 0 21467935 0
221 1 152342 676
222 1 881956 4072
223 0 21382977 0
224 0 19912142 0
225 0 21513616 0
226 0 20800784 0
227 0 21861371 0
228 1 781218 4056
229 1 635945 2933
230 0 15744219 0
231 1 588313 2677
232 0 20554260 0
233 1 634535 2918
234 1 759773 3508
235 0 18162981 0
236 0 19928520 0
237 0 15554058 0
238 1 817345 3770
239 1 1056367 4884
240 0 18977396 0
241 0 18236403 0
242 0 19169444 0
243 1 488735 2242
244 1 548925 2533
245 0 15785554 0
246 1 1196882 5514
247 1 876913 4048
248 0 19113878 0
249 1 808393 3731
250 0 18460188 0
251 0 19460904 0
252 1 849481 3915
253 1 793413 3613
254 0 18807987 0
255 0 19271114 0
256 0 15516921 0
257 0 18787951 0
258 1 246199 1114
259 1 1082009 5011
260 0 20792142 0
261 0 21045108 0
262 1 759466 3483
263 0 19431038 0
264 1 883815 4060
265 1 362811 1661
266 0 15440060 0
267 0 20423271 0
268 1 325213 1462
269 0 20250531 0
270 1 827828 3820
271 1 636718 2937
272 1 290271 1323
273 1 623364 2865
274 1 834632 3842
275 0 19368433 0
276 0 19170379 0
277 1 720026 3307
278 0 19472112 0
279 0 18932533 0
280 1 241324 1056
281 0 20874968 0
282 1 494106 2530
283 1 415529 1885
284 0 22527565 0
285 1 527401 2424
286 0 15758337 0
287 0 21782437 0
288 1 235737 1045
289 0 22994967 0
290 0 22306998 0
291 1 491443 2253
292 0 15793153 0
293 0 20335652 0
294 0 19525107 0
295 0 21048716 0
296 0 20237306 0
297 0 15433859 0
298 1 609646 2789
299 1 335978 1529
300 1 641535 2961
301 1 682236 3124
302 0 21136590 0
303 1 186759 846
304 0 22776915 0
305 0 22791168 0
306 0 15638323 0
307 0 19751002 0
308 1 648652 2958
309 0 19995035 0
310 1 553113 2523
311 0 19531207 0
312 0 19724484 0
313 0 22004674 0
314 1 1145786 5293
315 1 517676 2374
316 0 20294217 0
317 0 20573288 0
318 1 523184 2255
319 1 793196 4162
320 0 19448956 0
321 0 21879326 0
322 1 609795 2798
323 0 20715224 0
324 1 26891 74
325 1 394398 1813
326 0 19445530 0
327 0 18859728 0
328 0 18854177 0
329 0 15807419 0
330 1 963247 4441
331 0 20007753 0
332 0 18826279 0
333 0 19551334 0
334 1 158423 695
335 0 22332026 0
336 0 22878079 0
337 0 21142573 0
338 0 21075096 0
339 1 451199 2068
340 1 92212 407
341 0 19523372 0
342 0 20252826 0
343 1 614816 3207
344 1 673104 3101
345 1 845031 3904
346 0 18377523 0
347 0 18569177 0
348 1 1061773 4906
349 0 20273143 0
350 0 15927169 0
351 0 19918678 0
352 1 796302 3646
353 0 22662474 0
354 0 20860250 0
355 1 448061 2055
356 0 20339153 0
357 0 20891823 0
358 0 15799267 0
359 0 18975202 0
360 1 688080 3167
361 0 19714321 0
362 0 19555633 0
363 1 1046319 4819
364 0 16059775 0
365 0 19598699 0
366 1 374531 1713
367 0 19263648 0
368 1 342298 1528
369 1 125767 562
370 0 19765255 0
371 1 265080 1191
372 0 18691993 0
373 0 19776479 0
374 1 274557 1193
375 1 348184 1602
376 1 599038 2750
377 0 21291635 0
378 1 1657322 7682
379 0 20778424 0
380 0 19447948 0
381 0 22413701 0
382 0 20456513 0
383 1 482003 2201
384 1 920860 4237
385 0 19318286 0
386 0 18974373 0
387 1 843584 3895
388 0 20219119 0
389 1 626181 2858
390 1 628955 3263
391 0 15636769 0
392 0 19145392 0
393 0 20572676 0
394 0 15635047 0
395 0 22825435 0
396 1 185293 820
397 0 21892074 0
398 1 341600 1540
399 1 478673 2195
400 0 20173620 0
401 0 19330209 0
402 1 595067 2717
403 0 19692001 0
404 1 483663 2178
405 1 748249 3430
406 0 21205316 0
407 1 442677 2021
408 1 758098 3476
409 1 362813 1648
410 0 19445765 0
411 1 607002 2787
412 0 15541524 0
413 1 530532 2426
414 1 533182 2448
415 0 19505364 0
416 1 315981 1407
417 0 19825197 0
418 0 19597602 0
419 1 626504 2871
420 0 19762009 0
421 0 20113718 0
422 1 1914441 8845
423 1 717930 3296
424 0 18306405 0
425 0 19927101 0
426 0 15074232 0
427 1 785648 3611
428 0 19596005 0
429 1 666709 3014
430 1 363511 1657
431 0 20764616 0
432 0 19323100 0
433 0 22252357 0
434 1 708174 3237
435 1 738876 3399
436 0 19658994 0
437 1 577021 2640
438 0 19021508 0
439 0 20834555 0
440 0 21986507 0
441 0 22829661 0
442 0 18675542 0
443 1 429076 1950
444 0 22338963 0
445 1 1022465 4688
446 1 626495 2881
447 1 206536 935
448 0 21335729 0
449 0 15633856 0
450 0 22734352 0
451 1 74874 311
452 0 22489966 0
453 1 541375 2448
454 1 927374 4236
455 0 22813271 0
456 1 942735 4312
457 1 138304 617
458 0 16150626 0
459 1 944995 4301
460 0 22518487 0
461 0 20035000 0
462 1 613348 2760
463 1 431804 1971
464 0 20626693 0
465 1 190662 843
466 0 19915351 0
467 1 930410 4273
468 1 246205 1123
469 1 593893 2724
470 1 486545 2217
471 0 18765669 0
472 0 22282380 0
473 0 22586059 0
474 1 268855 1200
475 0 22530949 0
476 1 422746 1890
477 1 830627 3827
478 0 20624164 0
479 1 303643 1382
480 0 19537739 0
481 0 21970153 0
482 0 18488453 0
483 0 19722113 0
484 0 19482557 0
485 1 426636 2216
486 0 19041519 0
487 1 281301 1234
488 0 20173765 0
489 0 18450214 0
490 0 15619470 0
491 1 1043790 4805
492 1 1209043 5551
493 0 20762838 0
494 0 22320053 0
495 0 15494546 0
496 0 20640493 0
497 0 15321275 0
498 0 19929389 0
499 0 19837944 0
500 1 731431 3352
501 0 15560385 0
502 1 820258 3751
503 0 19478403 0
504 0 20332488 0
505 1 493490 2232
506 1 891977 4082
507 0 22312280 0
508 0 21815697 0
509 1 778121 3566
510 0 15641559 0
511 1 726141 3309
512 1 937141 4303
513 1 397771 1813
514 0 21105876 0
515 0 20520825 0
516 0 20169487 0
517 1 292228 1484
518 0 19462496 0
519 0 19615711 0
520 1 396971 1801
521 1 525023 2407
522 1 841816 3871
523 0 20309354 0
524 1 36209 117
525 0 19538375 0
526 1 874626 4007
527 0 19919367 0
528 0 23094709 0
529 1 512144 2320
530 1 647086 2967
531 0 19980209 0
532 0 21214995 0
533 1 535699 2446
534 0 21294305 0
535 1 306546 1365
536 0 19582387 0
537 0 18774683 0
538 0 19886040 0
539 0 19789616 0
540 0 15788252 0
541 0 21354324 0
542 1 620376 2837
543 1 557815 2568
544 1 270441 1403
545 0 15764350 0
546 0 15463209 0
547 0 20519862 0
548 1 497542 2287
549 0 19182403 0
550 1 749489 3458
551 0 15567693 0
552 0 20154849 0
553 0 19893039 0
554 1 1039279 4793
555 0 18653222 0
556 0 18575833 0
557 0 20112708 0
558 1 960955 4434
559 0 18481095 0
560 0 19829403 0
561 0 20268355 0
562 0 19075937 0
563 1 91355 339
564 1 215507 980
565 0 20169640 0
566 1 948334 4372
567 0 21031018 0
568 0 19244522 0
569 0 19149915 0
570 0 18471454 0
571 0 18525031 0
572 0 19605614 0
573 1 539907 2476
574 0 20358421 0
575 0 21308430 0
576 1 201290 992
577 0 19815877 0
578 0 20722472 0
579 0 15434338 0
580 0 20829327 0
581 1 884964 4086
582 0 19692741 0
583 0 21918097 0
584 0 20622902 0
585 0 22110337 0
586 0 19149195 0
587 0 19761996 0
588 0 19737473 0
589 0 18764352 0
590 0 19717260 0
591 0 15716981 0
592 0 18783270 0
593 0 19337387 0
594 1 1028589 4742
595 1 770278 3558
596 1 906010 4179
597 0 19408493 0
598 0 19116520 0
599 1 1326709 6116
600 1 520966 2389
601 1 554135 2527
602 0 20190543 0
603 0 20795645 0
604 1 1418195 7457
605 0 15683241 0
606 0 18582483 0
607 1 1611747 7474
608 0 19705110 0
609 0 20437621 0
610 0 19490571 0
611 0 15634251 0
612 1 427253 1958
613 1 815306 3758
614 0 16142172 0
615 0 18596543 0
616 0 18908051 0
617 0 18568426 0
618 0 15368904 0
619 1 589063 2708
620 0 18951035 0
621 0 21344033 0
622 0 20124887 0
623 1 583164 3023
624 0 22419612 0
625 1 668432 3083
626 1 601062 2740
627 0 19998312 0
628 0 21836659 0
629 0 19670052 0
630 0 15416993 0
631 0 22259052 0
632 0 19505740 0
633 0 22535583 0
634 0 20542512 0
635 1 404068 2081
636 1 685617 3159
637 0 20915417 0
638 1 641609 2932
639 1 437947 2007
640 1 676526 3123
641 0 18793777 0
642 0 18968962 0
643 1 731193 3378
644 1 556520 2560
645 1 111619 476
646 1 1073378 4963
647 1 530928 2754
648 0 21336054 0
649 1 519393 2394
650 0 15122001 0
651 0 20483887 0
652 0 22382981 0
653 0 20628911 0
654 1 468573 2111
655 1 520939 2399
656 0 15542469 0
657 1 637092 2923
658 1 524759 2746
659 1 644187 2941
660 1 463357 2129
661 0 20014745 0
662 0 19435308 0
663 0 19313958 0
664 1 1102305 5084
665 1 554180 2545
666 1 625057 2867
667 0 19491260 0
668 0 19460010 0
669 1 206758 932
670 1 181043 821
671 1 564472 2949
672 1 442757 2038
673 1 396783 1819
674 1 777068 3587
675 0 15418482 0
676 0 20070936 0
677 1 29728 104
678 1 767338 3548
679 1 1608190 7384
680 0 19114173 0
681 0 16134261 0
682 0 19047076 0
683 1 735770 3390
684 1 969519 4471
685 0 19298994 0
686 1 190886 834
687 0 15663048 0
688 1 629173 2896
689 1 492233 2261
690 0 18590010 0
691 1 308370 1326
692 0 15633641 0
693 0 19265112 0
694 0 22045508 0
695 1 354483 1607
696 1 771503 3540
697 1 479353 2207
698 0 20016946 0
699 1 962710 4423
700 1 295949 1329
701 0 19881008 0
702 1 530383 2764
703 0 15550717 0
704 0 15944334 0
705 0 19331393 0
706 0 22192416 0
707 0 17580487 0
708 0 19618313 0
709 1 85978 414
710 1 620384 2857
711 0 18875656 0
712 0 15809877 0
713 1 431080 1859
714 0 19058982 0
715 0 22043118 0
716 0 19480767 0
717 0 19647080 0
718 0 20222052 0
719 0 18620195 0
720 0 21795488 0
721 0 20446146 0
722 0 20671352 0
723 1 461210 2378
724 1 852152 3933
725 1 80169 350
726 0 21828644 0
727 0 20943977 0
728 0 22157079 0
729 0 21731449 0
730 0 20085360 0
731 0 20978597 0
732 0 22185359 0
733 1 668257 3021
734 0 21586392 0
735 0 19861113 0
736 0 19925613 0
737 0 19288804 0
738 0 20776964 0
739 0 15630107 0
740 0 20113211 0
741 0 19394772 0
742 0 22298383 0
743 0 21660585 0
744 0 15647580 0
745 1 324345 1470
746 1 517536 2386
747 0 21199430 0
748 0 20026099 0
749 0 20373038 0
750 1 2090725 9632
751 0 19323142 0
752 1 744192 3415
753 1 481560 2218
754 0 18871607 0
755 1 770595 4044
756 1 623606 2842
757 0 18563613 0
758 0 15569590 0
759 1 341245 1447
760 1 721902 3306
761 1 186196 839
762 1 385929 1768
763 0 23031978 0
764 0 21568639 0
765 0 22110636 0
766 0 21826164 0
767 0 21272918 0
768 0 22777247 0
769 0 22457714 0
770 1 457826 2366
771 1 482067 2212
772 0 20820686 0
773 0 22333316 0
774 0 19766487 0
775 0 18817415 0
776 0 20011630 0
777 0 15850232 0
778 0 19543036 0
779 0 19662537 0
780 0 20486347 0
781 0 18487746 0
782 0 19156636 0
783 0 21043011 0
784 0 20342866 0
785 0 21591120 0
786 0 18679173 0
787 0 20803005 0
788 1 876613 4034
789 1 100571 450
790 0 19778341 0
791 1 484810 2204
792 0 15661646 0
793 1 708231 3263
794 1 300345 1366
795 1 846253 3897
796 0 18846858 0
797 0 19194137 0
798 0 22846001 0
799 1 2017463 9242
800 1 1156799 5316
801 0 19063403 0
802 1 1465699 6730
803 0 21608827 0
804 1 1156604 5286
805 0 21392735 0
806 1 725220 3304
807 1 426767 1956
808 0 20571383 0
809 0 20327096 0
810 0 20193846 0
811 0 15388437 0
812 1 768870 3521
813 0 22912963 0
814 0 20897895 0
815 1 514075 2344
816 0 20281321 0
817 0 15914060 0
818 0 15515436 0
819 1 584335 2664
820 0 19322365 0
821 0 21929738 0
822 0 23119025 0
823 1 531466 2423
824 0 15900540 0
825 1 442441 2022
826 0 18901307 0
827 1 609213 3161
828 0 19911147 0
829 0 19881499 0
830 0 21447212 0
831 1 664861 3027
832 1 385687 1758
833 1 614317 2819
834 0 16294233 0
835 1 786901 3567
836 1 722088 3313
837 1 795526 3641
838 1 430091 1965
839 0 19282702 0
840 1 285196 1295
841 0 15354836 0
842 1 1228634 5653
843 1 1075690 4936
844 0 17106169 0
845 0 21500829 0
846 1 582649 2648
847 0 19962397 0
848 0 19964704 0
849 0 23097118 0
850 1 265659 1203
851 1 541626 2468
852 1 865598 3972
853 0 22378812 0
854 1 1438811 6601
855 0 22892693 0
856 0 21853783 0
857 1 768371 4028
858 0 22448703 0
859 0 20062599 0
860 0 20827806 0
861 0 20309416 0
862 1 488273 2215
863 0 20579844 0
864 1 289405 1295
865 1 377254 1719
866 0 21451239 0
867 0 22616769 0
868 0 22754220 0
869 1 911198 4168
870 0 19856000 0
871 0 21218357 0
872 0 19956548 0
873 0 19481655 0
874 1 437302 1932
875 0 19780534 0
876 1 802461 3672
877 0 19755405 0
878 0 19863647 0
879 0 20014153 0
880 1 546480 2400
881 0 19389445 0
882 0 18900389 0
883 0 18889190 0
884 1 451481 2057
885 0 15225246 0
886 0 18907949 0
887 0 21940971 0
888 1 416337 2124
889 1 628691 2876
890 1 406919 1867
891 1 795552 4156
892 0 19060685 0
893 0 19587772 0
894 0 20667815 0
895 1 958057 4429
896 0 18660277 0
897 1 485559 2222
898 1 109422 493
899 1 555415 2565
900 1 593064 2738
901 1 532077 2455
902 1 713474 3288
903 1 876573 4035
904 0 19129901 0
905 1 879179 4044
906 0 19941553 0
907 0 18897423 0
908 1 783227 3604
909 1 615009 2821
910 0 20302915 0
911 0 20361132 0
912 0 20572992 0
913 1 557670 2901
914 0 19779371 0
915 0 19302759 0
916 0 22640464 0
917 0 19685988 0
918 1 682444 3543
919 0 22671850 0
920 0 21587698 0
921 0 22178347 0
922 0 19715350 0
923 0 18809852 0
924 0 15666816 0
925 0 19856779 0
926 1 517511 2362
927 0 22320467 0
928 1 125980 544
929 0 20995000 0
930 0 15452263 0
931 0 18286848 0
932 0 19251983 0
933 1 731702 3368
934 1 94421 389
935 0 19056834 0
936 1 647046 3356
937 0 22970774 0
938 0 20538329 0
939 1 999301 4605
940 1 2209023 10274
941 0 22735768 0
942 0 20887032 0
943 1 858031 3954
944 1 575572 3002
945 0 21556884 0
946 0 16009208 0
947 1 679840 3559
948 0 20036912 0
949 1 1192802 5492
950 0 20050577 0
951 1 792625 3645
952 1 272416 1243
953 0 18742883 0
954 1 727930 3350
955 0 21355224 0
956 0 20071490 0
957 0 18913824 0
958 1 1257163 5806
959 0 19268977 0
960 1 216943 975
961 1 518304 2382
962 1 577342 2659
963 0 20633484 0
964 0 19388087 0
965 0 19558344 0
966 1 437246 1976
967 1 578552 2669
968 0 21858138 0
969 0 19652752 0
970 1 637810 2907
971 1 605129 2783
972 0 15799975 0
973 0 19880707 0
974 1 333493 1519
975 0 18914970 0
976 0 19219097 0
977 1 266285 1337
978 1 619671 2776
979 0 22332508 0
980 1 1214397 5554
981 0 19250465 0
982 0 15797579 0
983 0 20543861 0
984 1 343958 1574
985 1 582623 2667
986 0 20196151 0
987 1 1024383 4701
988 0 19146496 0
989 0 19478971 0
990 0 18843288 0
991 0 21040205 0
992 0 19905868 0
993 0 18910811 0
994 0 22022120 0
995 0 20458661 0
996 0 19657769 0
997 1 723075 3320
998 0 20338118 0
999 0 19983997 0
1000 0 15674074 0
1001 1 330807 1489
1002 1 815615 3725
1003 0 18545180 0
1004 0 19187949 0
1005 0 18760578 0
1006 0 22775740 0
1007 0 15235242 0
1008 0 19510898 0
1009 0 20136026 0
1010 0 20112124 0
1011 0 21788878 0
1012 0 15533601 0
1013 0 21783559 0
1014 1 55568 238
1015 0 15563611 0
1016 0 20677260 0
1017 0 20812159 0
1018 0 22543971 0
1019 0 18805079 0
1020 1 199470 898
1021 0 18589317 0
1022 1 633787 2896
1023 1 863865 3986
1024 1 373427 1704
1025 1 901689 4172
1026 1 337563 1545
1027 0 15792118 0
1028 1 1197074 5541
1029 1 1073368 4962
1030 1 348106 1597
1031 0 19027307 0
1032 0 15537711 0
1033 0 19589759 0
1034 1 409732 1867
1035 1 557899 2904
1036 1 548293 2529
1037 0 19119780 0
1038 0 19514736 0
1039 0 20561793 0
1040 0 19178654 0
1041 1 400107 1819
1042 1 282735 1291
1043 0 22413046 0
1044 0 21734366 0
1045 1 87643 373
1046 0 22464717 0
1047 0 22103640 0
1048 1 526483 2713
1049 0 22774082 0
1050 0 22573660 0
1051 0 22486273 0
1052 1 312533 1401
1053 0 15518583 0
1054 0 22600912 0
1055 1 988408 5176
1056 0 21877459 0
1057 1 1081111 4944
1058 0 22218277 0
1059 0 22608648 0
1060 1 766223 3503
1061 1 285561 1472
1062 0 21821923 0
1063 1 948279 4340
1064 0 15716331 0
1065 1 483691 2203
1066 0 20935080 0
1067 0 22275866 0
1068 0 19801310 0
1069 0 19811529 0
1070 1 502342 2299
1071 0 19391150 0
1072 0 15650302 0
1073 1 706388 3224
1074 0 19007171 0
1075 0 21180336 0
1076 1 434497 1967
1077 1 870959 4574
1078 0 19364649 0
1079 0 19188092 0
1080 0 19787524 0
1081 1 574477 2585
1082 1 997673 4571
1083 1 1337509 6099
1084 1 355099 1830
1085 0 18392929 0
1086 1 638898 2925
1087 0 21628207 0
1088 0 19134068 0
1089 0 19864423 0
1090 0 19949129 0
1091 1 342936 1555
1092 1 447459 2049
1093 1 1073663 4937
1094 1 410969 1889
1095 0 19554369 0
1096 1 1160955 5336
1097 0 22529809 0
1098 0 22028555 0
1099 0 15684279 0
1100 0 20524830 0
1101 1 665440 3041
1102 0 22158450 0
1103 1 651916 2983
1104 0 20827983 0
1105 1 314943 1422
1106 0 15628176 0
1107 0 21101231 0
1108 0 19612210 0
1109 1 551818 2520
1110 0 21872554 0
1111 0 20239444 0
1112 1 479708 2191
1113 0 22447197 0
1114 0 19810905 0
1115 0 19612037 0
1116 0 19118389 0
1117 0 19819061 0
1118 0 22828892 0
1119 0 21108333 0
1120 1 421175 2179
1121 1 533181 2457
1122 1 1541076 7139
1123 1 406699 1874
1124 0 18977774 0
1125 1 617597 2829
1126 0 19081615 0
1127 0 18720231 0
1128 0 21442402 0
1129 1 545274 2503
1130 0 19817522 0
1131 0 20482230 0
1132 1 440081 2002
1133 1 1050739 4852
1134 0 22508282 0
1135 1 185287 827
1136 0 21305407 0
1137 1 1480628 6815
1138 0 20097761 0
1139 0 15724387 0
1140 0 21127594 0
1141 0 20140030 0
1142 1 785533 3613
1143 0 19235012 0
1144 1 203515 916
1145 0 19417573 0
1146 1 350567 1604
1147 1 924088 4263
1148 1 688799 3177
1149 0 19485451 0
1150 0 21653635 0
1151 0 20764518 0
1152 1 761351 3497
1153 0 22361499 0
1154 0 18437814 0
1155 1 297973 1536
1156 1 1472801 6828
1157 1 392775 1805
1158 1 9504879 44096
1159 0 19453316 0
1160 1 784780 3589
1161 0 18726065 0
1162 0 19455610 0
1163 1 520229 2682
1164 0 15517325 0
1165 0 18543904 0
1166 1 343069 1537
1167 0 22827271 0
1168 1 1645952 7576
1169 1 1267767 5849
1170 0 19447679 0
1171 1 188420 960
1172 0 18805912 0
1173 1 348934 1552
1174 0 19349472 0
1175 0 20395648 0
1176 1 926314 4262
1177 1 534017 2779
1178 0 19535135 0
1179 1 428849 1960
1180 0 15902626 0
1181 0 19265015 0
1182 1 250689 1125
1183 1 82470 340
1184 1 769297 3548
1185 1 265378 1199
1186 0 19286009 0
1187 0 21626926 0
1188 0 19746743 0
1189 1 1408940 6491
1190 1 339249 1557
1191 0 19095459 0
1192 1 868315 4548
1193 1 560141 2565
1194 0 19861020 0
1195 1 846308 3892
1196 1 943214 4354
1197 0 22346631 0
1198 0 22236846 0
1199 1 1456173 6760
0 0 15560947 0
1 0 18749146 0
2 0 19337641 0
3 0 19633966 0
4 1 984372 4553
5 0 21592709 0
6 1 152139 679
7 0 15665639 0
8 0 18773609 0
9 1 319377 1630
10 0 20004503 0
11 0 19499915 0
12 0 19300606 0
13 1 899120 4106
14 0 21328063 0
15 0 16624244 0
16 1 599451 2716
17 0 20151232 0
18 1 661755 3019
19 1 626189 2888
20 1 714116 3300
21 0 19406348 0
22 1 647752 3374
23 1 770483 3548
24 1 486916 2209
25 0 16294687 0
26 0 19480356 0
27 1 797785 4149
28 1 1265118 5862
29 0 18892324 0
30 0 19994316 0
31 0 19517089 0
32 0 20366233 0
33 1 555413 2547
34 0 22469644 0
35 0 22703846 0
36 1 493861 2265
37 1 323106 1458
38 0 21887145 0
39 1 1008247 5244
40 1 1362309 6293
41 0 22449599 0
42 1 885970 4631
43 0 20023536 0
44 0 20579183 0
45 1 636465 2921
46 1 213015 970
47 0 21323724 0
48 0 15685154 0
49 1 254389 1134
50 1 345129 1547
51 1 363894 1674
52 1 746883 3451
53 0 19744354 0
54 0 19758815 0
55 0 15366174 0
56 0 19684577 0
57 1 859134 3930
58 0 19677751 0
59 1 209438 1048
60 1 604751 2776
61 1 475996 2179
62 0 19846497 0
63 1 778877 4067
64 0 19178661 0
65 0 19310193 0
66 0 22740247 0
67 0 22932763 0
68 1 487187 2189
69 1 587121 2693
70 1 452793 2070
71 1 91949 409
72 0 15512370 0
73 0 19635128 0
74 1 724234 3296
75 1 58940 260
76 0 20845739 0
77 0 19690407 0
78 0 22249531 0
79 1 649564 2970
80 0 21668005 0
81 0 15797624 0
82 0 19615224 0
83 0 15494765 0
84 0 19173790 0
85 1 35981 146
86 0 20816673 0
87 0 15446530 0
88 1 73452 315
89 0 15528860 0
90 0 20496778 0
91 0 20453782 0
92 0 20032048 0
93 1 725731 3300
94 1 687736 3107
95 0 22704328 0
96 0 15637235 0
97 0 16247719 0
98 0 18465058 0
99 1 319732 1627
100 1 464183 2138
101 1 434769 2008
102 1 984963 4558
103 1 584407 2689
104 0 18799773 0
105 0 19618942 0
106 0 15652200 0
107 0 19043755 0
108 0 15712585 0
109 1 601609 2720
110 1 586679 2694
111 1 1128979 5936
112 0 22370224 0
113 1 194947 865
114 0 19756643 0
115 0 22629454 0
116 0 20272964 0
117 1 644970 2951
118 0 22805886 0
119 0 21537242 0
120 0 22229807 0
121 1 337232 1532
122 1 726242 3801
123 0 19743743 0
124 0 15496250 0
125 0 20252296 0
126 1 495187 2251
127 0 19107757 0
128 0 19138458 0
129 0 15602022 0
130 1 7976 14
131 1 595738 2728
132 1 613028 2789
133 1 833374 3758
134 1 54779 238
135 1 2016117 9285
136 0 21947746 0
137 1 159463 672
138 1 516744 2704
139 1 328865 1500
140 1 780337 3571
141 1 594492 2717
142 0 19679510 0
143 0 21344976 0
144 0 19060467 0
145 0 15591471 0
146 0 19281497 0
147 1 478079 2184
148 0 20292070 0
149 1 393152 1785
150 1 411688 1883
151 0 18807565 0
152 1 1033822 4766
153 1 1554558 7104
154 0 19414447 0
155 0 21849339 0
156 1 365849 1652
157 0 16826253 0
158 0 15752357 0
159 0 19961318 0
160 0 20680933 0
161 0 22386053 0
162 0 21904217 0
163 0 17410187 0
164 1 295759 1292
165 0 19636722 0
166 0 19366918 0
167 1 955324 4356
168 0 20600633 0
169 1 518238 2355
170 1 520752 2388
171 0 19397249 0
172 0 19862336 0
173 0 20985836 0
174 0 15764624 0
175 1 788898 3615
176 1 406544 1859
177 1 656140 3001
178 1 1057663 4869
179 0 20269463 0
180 0 17707486 0
181 1 419433 1902
182 1 432011 1983
183 1 1431286 6576
184 0 20076343 0
185 0 18825275 0
186 1 406535 1866
187 0 17915137 0
188 0 19178634 0
189 0 22413214 0
190 0 19526065 0
191 1 469319 2144
192 1 332899 1526
193 0 20948518 0
194 0 19180649 0
195 1 749756 3442
196 0 19617833 0
197 1 459413 2111
198 0 22825645 0
199 0 20957768 0
200 1 321582 1651
201 0 16538888 0
202 0 15671619 0
203 0 15729158 0
204 1 566062 2925
205 0 19813086 0
206 0 19511097 0
207 0 20981623 0
208 1 880910 4051
209 0 19377441 0
210 1 245150 1102
211 1 1066898 4923
212 0 19060538 0
213 0 19532336 0
214 0 19380265 0
215 1 1053986 4819
216 1 505615 2331
217 1 1043703 4825
218 1 793538 3658
219 1 1154953 5348
220 0 21777011 0
221 0 22377488 0
222 1 409011 1868
223 0 18266119 0
224 0 19880816 0
225 1 874419 4008
226 1 612512 2826
227 1 1035810 4780
228 0 18913806 0
229 1 777194 3560
230 1 58899 259
231 0 19396305 0
232 0 19781007 0
233 0 20932089 0
234 0 16749988 0
235 1 1282280 5929
236 1 641674 2946
237 0 19007737 0
238 0 21277758 0
239 0 21608352 0
240 0 20830841 0
241 1 687472 3159
242 1 462095 2129
243 1 494672 2280
244 1 821194 3794
245 0 20184289 0
246 1 737340 3393
247 0 18951692 0
248 1 403319 1812
249 0 19283632 0
250 0 15565655 0
251 1 1026724 4737
252 0 20172299 0
253 0 18721009 0
254 0 20838081 0
255 0 17384850 0
256 0 15964847 0
257 0 15662388 0
258 0 19106912 0
259 0 22794809 0
260 0 21673394 0
261 1 778760 3581
262 0 20899032 0
263 0 20449193 0
264 1 36968 133
265 0 20199319 0
266 1 391919 1796
267 1 878203 4054
268 1 1098772 5071
269 0 18260977 0
270 0 20189658 0
271 0 19470964 0
272 0 15666479 0
273 1 411883 1880
274 0 19101032 0
275 0 19289667 0
276 0 22405452 0
277 0 19832435 0
278 0 21967985 0
279 0 20105246 0
280 0 19187579 0
281 0 19571044 0
282 1 174455 770
283 0 19609026 0
284 1 662962 3036
285 1 685735 3141
286 1 992519 4564
287 0 20063755 0
288 0 20044814 0
289 1 426277 1914
290 0 19168892 0
291 0 23085625 0
292 0 19935725 0
293 1 552907 2521
294 0 20005344 0
295 0 20403614 0
296 0 15508658 0
297 1 856209 3916
298 1 500490 2301
299 0 19062079 0
300 0 21848780 0
301 0 19030900 0
302 0 19932386 0
303 1 374283 1690
304 0 22033778 0
305 1 508444 2309
306 1 557422 2554
307 1 253428 1153
308 1 602111 2760
309 1 320646 1465
310 0 22309794 0
311 1 1090451 4997
312 0 20008283 0
313 0 22778267 0
314 0 21785189 0
315 0 15797933 0
316 1 319732 1451
317 1 457211 2102
318 0 19423796 0
319 0 19113100 0
320 1 725479 3346
321 1 585807 2674
322 0 19889597 0
323 0 18776929 0
324 0 19130883 0
325 0 15534189 0
326 0 18694554 0
327 0 19610937 0
328 0 19349625 0
329 0 18730366 0
330 1 254888 1141
331 0 19375700 0
332 0 15517759 0
333 0 19658368 0
334 0 15891197 0
335 0 22369127 0
336 1 772672 3549
337 0 19652537 0
338 1 247655 1113
339 0 19104452 0
340 1 484865 2221
341 0 20095267 0
342 1 640528 3311
343 1 1320607 6101
344 1 835262 4375
345 1 360511 1652
346 1 285162 1463
347 0 18808183 0
348 1 402756 1842
349 1 430520 1981
350 0 18769983 0
351 1 572445 2623
352 0 18764829 0
353 1 190840 852
354 1 304522 1399
355 0 19289426 0
356 1 816679 3754
357 1 442054 2036
358 1 357514 1641
359 0 18450655 0
360 1 834273 3861
361 0 19043170 0
362 1 450965 2068
363 0 18389255 0
364 1 691069 3168
365 1 114605 519
366 0 19547025 0
367 0 18841574 0
368 1 265065 1146
369 1 671225 3098
370 0 19371202 0
371 1 509799 2333
372 1 439079 1997
373 1 775116 3581
374 0 19081122 0
375 1 136193 605
376 1 358147 1621
377 0 18314596 0
378 1 606244 2782
379 0 22415532 0
380 0 15494932 0
381 1 760366 3949
382 1 528180 2434
383 0 15673690 0
384 1 887896 4083
385 0 20021126 0
386 1 646686 2964
387 1 685297 3093
388 1 594036 2735
389 0 19354424 0
390 1 1219606 5626
391 0 19291202 0
392 1 85964 351
393 0 20955190 0
394 1 628069 2877
395 0 21001084 0
396 0 18840854 0
397 0 18573359 0
398 1 967852 4454
399 1 554036 2558
400 0 22439751 0
401 1 387793 1991
402 1 313432 1441
403 0 20690161 0
404 0 19095142 0
405 0 19769509 0
406 1 440263 2294
407 0 22278359 0
408 0 15678337 0
409 1 1023323 4660
410 1 448559 2313
411 0 18990338 0
412 0 18917937 0
413 0 19041761 0
414 0 19290366 0
415 0 15621676 0
416 0 17530949 0
417 0 20327410 0
418 0 19362619 0
419 1 887159 4053
420 1 360941 1656
421 0 19124914 0
422 1 461435 2107
423 0 19330317 0
424 0 18952549 0
425 0 20257612 0
426 1 127303 569
427 1 302958 1382
428 0 18795175 0
429 0 15503089 0
430 1 35886 133
431 0 19219917 0
432 1 1372974 6341
433 0 19175074 0
434 0 18417975 0
435 0 19158261 0
436 1 368286 1673
437 1 403222 1850
438 0 18827404 0
439 0 19437076 0
440 0 19014744 0
441 1 372923 1688
442 0 19616930 0
443 0 19319848 0
444 1 907821 4174
445 0 18763578 0
446 1 615430 2825
447 0 19133343 0
448 1 922584 4175
449 1 874391 4043
450 0 21617269 0
451 1 1017373 4690
452 0 19640658 0
453 1 1432267 6595
454 1 927351 4284
455 1 751538 3473
456 1 92405 413
457 0 19394641 0
458 0 19470726 0
459 1 890812 4111
460 1 624501 2882
461 1 419027 1921
462 0 15657730 0
463 1 499909 2296
464 0 20222195 0
465 0 15965902 0
466 0 19381176 0
467 0 15595076 0
468 0 18951264 0
469 1 664635 3457
470 0 20199965 0
471 0 19033609 0
472 0 21946026 0
473 0 19293116 0
474 1 470095 2145
475 1 741109 3381
476 0 19690904 0
477 0 19775732 0
478 1 632183 2914
479 0 20934217 0
480 1 805220 3689
481 0 19265789 0
482 0 20288038 0
483 0 19982858 0
484 0 15782081 0
485 0 19991146 0
486 1 443763 2298
487 0 19276245 0
488 0 17015354 0
489 0 19857694 0
490 1 593378 2731
491 1 972322 4496
492 1 156352 688
493 0 19766120 0
494 0 15695430 0
495 0 15295008 0
496 0 22100532 0
497 0 18651822 0
498 0 19539027 0
499 0 19028000 0
500 1 874199 4030
501 1 618103 2843
502 1 786632 3620
503 1 831793 3820
504 1 68949 303
505 1 1061804 4909
506 1 495382 2262
507 0 18756163 0
508 0 19337991 0
509 1 430705 1978
510 1 243626 1105
511 0 18765417 0
512 0 19099176 0
513 1 1095906 5057
514 1 352699 1609
515 1 607100 2795
516 0 19662840 0
517 0 20918812 0
518 1 80102 361
519 1 29246 120
520 1 640992 2935
521 0 19089222 0
522 1 569886 2614
523 0 22192465 0
524 0 21664717 0
525 1 630514 2891
526 1 240800 1094
527 0 20041790 0
528 1 799179 3661
529 0 19056077 0
530 0 19760183 0
531 0 17787496 0
532 1 182698 821
533 0 20909775 0
534 1 263947 1163
535 1 767253 3537
536 0 18940664 0
537 0 15705347 0
538 1 802777 3706
539 1 1328508 6126
540 1 677789 3072
541 0 18151867 0
542 1 588529 2702
543 1 1383802 6414
544 0 21473151 0
545 0 18896087 0
546 0 19864391 0
547 0 19439507 0
548 0 18616398 0
549 0 19847215 0
550 0 22023064 0
551 0 20530278 0
552 0 19072184 0
553 0 18694971 0
554 0 22030839 0
555 0 15254282 0
556 1 777007 3588
557 1 803807 4200
558 1 451297 2356
559 1 774195 4064
560 1 1111817 5131
561 1 77219 343
562 0 19521844 0
563 0 20315508 0
564 0 19174384 0
565 1 860584 3949
566 0 15714984 0
567 0 18826846 0
568 1 660525 3022
569 0 19847662 0
570 1 838395 3814
571 1 659960 3044
572 0 20712332 0
573 1 1021559 4715
574 0 19213678 0
575 1 703218 3223
576 0 21235089 0
577 1 582996 2666
578 0 19033506 0
579 1 392821 1795
580 1 173649 785
581 0 18992002 0
582 0 21767435 0
583 0 19707312 0
584 0 21857402 0
585 0 19987037 0
586 1 462104 2104
587 0 19552413 0
588 0 19231719 0
589 0 22519597 0
590 1 361310 1632
591 0 21580390 0
592 0 19385334 0
593 0 18717938 0
594 1 1110581 5139
595 0 19822138 0
596 1 386229 1753
597 0 18908541 0
598 0 19795009 0
599 0 19966854 0
600 1 923954 4262
601 0 22412589 0
602 0 19215325 0
603 1 842338 3872
604 0 19469390 0
605 1 771784 3533
606 1 943023 4347
607 0 20084331 0
608 0 21766650 0
609 0 20789828 0
610 0 15492101 0
611 0 19345006 0
612 0 19192095 0
613 0 19859484 0
614 1 540131 2485
615 0 20381011 0
616 0 20415214 0
617 1 295138 1339
618 1 724634 3341
619 0 20363882 0
620 0 20346123 0
621 1 670594 3502
622 0 15503995 0
623 0 15162240 0
624 1 261221 1174
625 1 29207 111
626 0 21545356 0
627 1 237717 1077
628 0 19330769 0
629 0 19141982 0
630 1 459527 2115
631 1 1484581 6872
632 1 49934 189
633 0 19126887 0
634 0 15935235 0
635 0 15662146 0
636 1 122617 535
637 1 372650 1696
638 0 18808168 0
639 0 19533141 0
640 1 355804 1618
641 0 18665633 0
642 0 15384567 0
643 1 472855 2442
644 0 18571052 0
645 1 857545 3957
646 1 476601 2178
647 0 20096421 0
648 0 15670304 0
649 0 19215139 0
650 1 336716 1520
651 0 19114931 0
652 1 544308 2427
653 0 21826333 0
654 0 15397177 0
655 0 19657689 0
656 0 20458892 0
657 0 21962739 0
658 1 822524 4304
659 1 1396835 6462
660 1 444919 2046
661 0 20583742 0
662 1 367703 1666
663 0 21107794 0
664 1 173756 783
665 1 392402 1808
666 0 22370321 0
667 0 19990182 0
668 1 516696 2348
669 0 19037625 0
670 0 19778852 0
671 0 19871313 0
672 0 19747461 0
673 0 19154371 0
674 1 575485 2977
675 0 15391765 0
676 1 987752 4554
677 1 544739 2493
678 1 297756 1359
679 1 300796 1379
680 1 536594 2452
681 1 528237 2430
682 0 15744582 0
683 1 1018876 4692
684 0 20049583 0
685 0 19573308 0
686 1 178522 790
687 1 90818 379
688 1 504647 2316
689 1 460782 2122
690 0 19882982 0
691 0 20259699 0
692 0 15926799 0
693 0 19179315 0
694 1 174623 789
695 0 19488930 0
696 1 326762 1481
697 1 144638 658
698 0 19081916 0
699 0 19212847 0
700 1 1219396 5634
701 1 763986 3529
702 0 19399590 0
703 0 18881803 0
704 0 21341076 0
705 0 19690888 0
706 1 369311 1672
707 0 21536572 0
708 0 21086901 0
709 1 248644 1129
710 0 20457600 0
711 0 20657029 0
712 0 19237603 0
713 0 20182166 0
714 1 989536 4548
715 1 743811 3881
716 0 19051542 0
717 0 17793881 0
718 1 245901 1039
719 0 18947568 0
720 0 18740095 0
721 0 19220767 0
722 0 20278254 0
723 0 19327057 0
724 1 222984 988
725 0 19485420 0
726 1 527464 2405
727 0 18905996 0
728 0 19740209 0
729 0 19434578 0
730 0 19852521 0
731 0 21694446 0
732 0 21104514 0
733 1 401311 1818
734 0 18345830 0
735 0 19203274 0
736 0 19190099 0
737 0 19215159 0
738 0 19631732 0
739 0 18599989 0
740 0 20427327 0
741 1 421723 1932
742 0 18709601 0
743 0 19225304 0
744 1 685843 3151
745 1 847718 3922
746 0 20189301 0
747 0 19264996 0
748 0 15840344 0
749 0 19999225 0
750 1 140774 611
751 1 484035 2216
752 1 593434 2730
753 1 516267 2380
754 1 282752 1283
755 0 19464752 0
756 1 245893 1110
757 1 604462 2783
758 1 8605 7
759 0 19346884 0
760 1 216284 958
761 0 15646949 0
762 1 821016 3771
763 0 18658431 0
764 1 122277 524
765 1 590852 2725
766 0 18613121 0
767 1 418795 1908
768 1 379720 1744
769 0 19571951 0
770 1 1006607 4608
771 0 18540538 0
772 0 19230570 0
773 0 18315428 0
774 1 412357 1882
775 1 330931 1514
776 0 22290430 0
777 1 470798 2450
778 0 19724029 0
779 0 19546356 0
780 0 19850918 0
781 0 22312794 0
782 0 17215536 0
783 0 19459933 0
784 0 22023180 0
785 0 19857719 0
786 1 379479 1710
787 0 19832037 0
788 0 21791039 0
789 1 576404 2987
790 1 506739 2654
791 0 16387756 0
792 1 837327 4368
793 1 276141 1243
794 1 922976 4247
795 1 385371 1763
796 1 500648 2302
797 1 323141 1488
798 0 19385144 0
799 0 18895659 0
800 0 18886009 0
801 0 15770358 0
802 0 19478260 0
803 1 866758 4540
804 0 18624939 0
805 1 618316 2834
806 1 357082 1643
807 1 356329 1636
808 1 955078 4375
809 1 704561 3236
810 0 19363606 0
811 1 1192401 5517
812 0 21559652 0
813 0 19374240 0
814 0 19733113 0
815 1 792754 3633
816 0 19679585 0
817 1 58664 247
818 0 20422401 0
819 0 15420940 0
820 0 19228442 0
821 0 20051774 0
822 1 89172 357
823 1 632823 2910
824 0 19025488 0
825 0 20599492 0
826 1 284764 1301
827 1 931297 4288
828 0 19954848 0
829 1 117846 521
830 0 18760922 0
831 0 19303402 0
832 0 18427183 0
833 1 695756 3177
834 0 18413879 0
835 0 15890437 0
836 0 20057658 0
837 0 19620486 0
838 0 18765279 0
839 1 458165 2095
840 1 640371 3359
841 1 337669 1524
842 0 22284657 0
843 0 15922309 0
844 1 502552 2314
845 0 19624134 0
846 1 1385795 6397
847 0 15634768 0
848 0 19293861 0
849 0 18571817 0
850 0 18414806 0
851 0 17596879 0
852 0 15194590 0
853 0 18850907 0
854 1 747317 3445
855 0 19205074 0
856 1 385152 1747
857 0 19195617 0
858 1 1646400 7499
859 1 701257 3234
860 0 19639815 0
861 1 692057 3145
862 1 1186439 5464
863 0 18989932 0
864 0 21532289 0
865 0 19183608 0
866 1 732607 3370
867 0 21440206 0
868 1 686083 3165
869 0 15880295 0
870 1 98877 421
871 0 19483884 0
872 1 510229 2349
873 0 20208465 0
874 0 18801269 0
875 0 19589467 0
876 1 829444 3804
877 0 21120206 0
878 1 769608 3548
879 0 21462964 0
880 1 1151125 5272
881 0 19366213 0
882 0 19807421 0
883 0 19745592 0
884 1 270682 1204
885 0 19488948 0
886 1 346226 1560
887 1 360214 1652
888 0 19145145 0
889 0 20320262 0
890 0 20275311 0
891 0 20912609 0
892 0 15520957 0
893 1 253073 1287
894 0 19650679 0
895 1 325186 1483
896 0 19494424 0
897 1 804108 4210
898 0 19275743 0
899 0 18518858 0
900 1 682796 3136
901 1 820927 3786
902 1 2074498 9668
903 1 789668 3644
904 0 20971059 0
905 1 655463 3007
906 0 19929110 0
907 1 817043 3743
908 0 19182646 0
909 0 19512067 0
910 0 21802730 0
911 0 15651070 0
912 0 16101642 0
913 1 259929 1172
914 1 100621 450
915 0 19229607 0
916 0 15593517 0
917 0 21131491 0
918 1 189857 775
919 0 22795051 0
920 0 22341450 0
921 0 15632813 0
922 1 481776 2191
923 1 646160 2972
924 0 22347976 0
925 0 21792297 0
926 0 22615527 0
927 1 458546 2097
928 0 20321931 0
929 1 846248 3873
930 1 361820 1650
931 0 22586277 0
932 0 18395023 0
933 0 22354393 0
934 0 22361330 0
935 1 690056 3574
936 1 487237 2218
937 0 22566398 0
938 0 22239618 0
939 1 1965606 9055
940 0 22168391 0
941 0 15588893 0
942 0 22561681 0
943 0 18767928 0
944 0 19451480 0
945 1 838754 3863
946 0 19157928 0
947 0 19341272 0
948 0 20857608 0
949 1 937890 4324
950 0 19116342 0
951 0 18864226 0
952 1 501139 2592
953 0 19429001 0
954 1 540719 2487
955 0 22291205 0
956 0 19669316 0
957 1 204051 896
958 0 19401697 0
959 1 764620 3522
960 1 1018529 4671
961 0 19187329 0
962 1 627014 2889
963 1 587353 2694
964 0 21132467 0
965 1 532854 2445
966 0 19350909 0
967 1 472032 2154
968 1 6171 15
969 1 721368 3318
970 1 762145 3520
971 0 18491865 0
972 0 19913248 0
973 0 18662823 0
974 1 594319 2730
975 0 20039525 0
976 1 684198 3143
977 0 20206049 0
978 1 943306 4347
979 1 602300 2777
980 1 540231 2485
981 1 1753817 8138
982 1 490570 2251
983 0 19579858 0
984 0 19438652 0
985 0 18892117 0
986 1 592482 2658
987 0 18649391 0
988 0 19984927 0
989 1 742819 3409
990 0 20498856 0
991 1 437256 1984
992 0 20636901 0
993 1 403927 1851
994 0 20035948 0
995 1 334633 1518
996 0 15782594 0
997 1 603846 2779
998 0 19488136 0
999 0 21596111 0
1000 1 229071 1035
1001 0 20132355 0
1002 0 22063952 0
1003 0 22153574 0
1004 1 501784 2564
1005 1 237065 1084
1006 0 15657670 0
1007 0 20809799 0
1008 1 214604 943
1009 1 464594 2128
1010 1 113118 506
1011 0 20858409 0
1012 0 21498864 0
1013 1 275417 1403
1014 1 1305772 6019
1015 1 406364 1865
1016 1 228646 1046
1017 1 21294 90
1018 0 20530451 0
1019 1 442888 2029
1020 0 19687921 0
1021 0 16676662 0
1022 0 15386865 0
1023 1 658137 3420
1024 0 19075122 0
1025 1 458221 2106
1026 0 18469446 0
1027 1 663923 3456
1028 0 19591928 0
1029 0 19062263 0
1030 0 21033967 0
1031 0 18893486 0
1032 0 19502180 0
1033 1 408182 1806
1034 0 19988143 0
1035 1 756278 3451
1036 0 20847614 0
1037 1 557542 2880
1038 0 18680402 0
1039 1 736318 3379
1040 1 619973 2850
1041 1 305466 1394
1042 0 20315457 0
1043 0 15572283 0
1044 0 19465539 0
1045 0 15668581 0
1046 1 230919 1019
1047 1 698443 3215
1048 1 565766 2612
1049 1 1138526 5266
1050 1 93857 358
1051 0 19015097 0
1052 0 18233197 0
1053 0 18711818 0
1054 0 20101658 0
1055 1 1071362 5628
1056 0 19022793 0
1057 1 763787 3488
1058 0 19715857 0
1059 0 15715514 0
1060 0 19208933 0
1061 1 923307 4250
1062 1 245124 1115
1063 0 19010915 0
1064 0 15516723 0
1065 1 891355 4087
1066 0 19080835 0
1067 1 351442 1602
1068 0 21411575 0
1069 0 18721146 0
1070 0 20215815 0
1071 0 15763736 0
1072 1 389741 1770
1073 1 95169 423
1074 0 19719931 0
1075 0 15710378 0
1076 1 1608835 7472
1077 1 537163 2463
1078 1 1224341 5635
1079 1 560878 2503
1080 1 731332 3368
1081 1 445863 2311
1082 0 15623729 0
1083 0 19390129 0
1084 1 1065846 4931
1085 1 979325 4511
1086 0 19254504 0
1087 0 21984790 0
1088 0 20009204 0
1089 0 21685498 0
1090 1 409175 1862
1091 0 22428215 0
1092 0 15785880 0
1093 0 21597599 0
1094 0 22827193 0
1095 0 20801838 0
1096 1 473526 2158
1097 0 20611317 0
1098 0 22246059 0
1099 1 342747 1729
1100 0 19594525 0
1101 0 18941897 0
1102 0 18844958 0
1103 0 22279791 0
1104 0 19325699 0
1105 0 19149941 0
1106 1 315694 1598
1107 1 756976 3493
1108 0 20255784 0
1109 0 18626601 0
1110 0 19049457 0
1111 0 19985384 0
1112 1 791983 3621
1113 1 598745 2761
1114 0 21650904 0
1115 1 928040 4257
1116 1 650669 2996
1117 0 18705976 0
1118 1 985469 4522
1119 0 19665580 0
1120 0 19129258 0
1121 0 22151477 0
1122 1 646886 2934
1123 0 20666383 0
1124 0 21472099 0
1125 1 580918 3010
1126 0 22288898 0
1127 1 179429 807
1128 0 21415969 0
1129 1 440787 2268
1130 1 799945 3681
1131 0 19797912 0
1132 0 15633979 0
1133 1 992039 4578
1134 0 15423341 0
1135 0 21635112 0
1136 1 784632 3584
1137 1 1125094 5205
1138 0 21721749 0
1139 1 316094 1637
1140 1 396224 1822
1141 0 21178111 0
1142 0 20468052 0
1143 1 667422 3479
1144 1 591008 2731
1145 0 19009011 0
1146 1 714014 3714
1147 0 20120542 0
1148 0 18845245 0
1149 0 19615036 0
1150 0 15349436 0
1151 1 966422 4429
1152 0 20096693 0
1153 0 20006645 0
1154 0 21043476 0
1155 1 675851 3513
1156 0 19161348 0
1157 0 18971732 0
1158 1 755519 3472
1159 0 21411155 0
1160 1 420013 2173
1161 1 733289 3355
1162 0 19503654 0
1163 1 793421 4151
1164 0 20883030 0
1165 1 429780 1960
1166 1 1767717 8205
1167 1 933990 4317
1168 1 229418 1045
1169 1 1175200 5434
1170 0 19622844 0
1171 1 772706 3550
1172 0 15561576 0
1173 0 18211419 0
1174 1 762374 3506
1175 0 21141114 0
1176 0 19367871 0
1177 0 15441267 0
1178 0 21856536 0
1179 1 428856 1951
1180 1 679552 3149
1181 0 19453650 0
1182 0 19641952 0
1183 0 20938240 0
1184 1 393868 2019
1185 0 20388099 0
1186 1 408240 1827
1187 1 575035 2647
1188 0 18794341 0
1189 0 19322396 0
1190 1 1007221 4639
1191 1 478153 2207
1192 0 19061792 0
1193 0 18419896 0
1194 1 391657 1744
1195 0 19356906 0
1196 0 21369993 0
1197 0 19232751 0
1198 0 19544577 0
1199 0 19857129 0
0 1 832393 3800
1 0 18884733 0
2 1 224843 1011
3 0 19237454 0
4 1 819915 4273
5 0 21582332 0
6 1 833290 3838
7 0 19690491 0
8 0 19877765 0
9 1 952607 4389
10 0 18767510 0
11 1 327132 1493
12 1 593567 2717
13 1 209444 953
14 0 19129151 0
15 0 15826443 0
16 0 18687284 0
17 0 19473282 0
18 1 808441 3724
19 0 20105373 0
20 0 19531344 0
21 1 913208 4216
22 0 19460042 0
23 0 19799696 0
24 1 1308532 6033
25 0 21088371 0
26 0 21492540 0
27 1 619237 2832
28 1 671232 3070
29 0 19512454 0
30 1 745379 3430
31 1 1045248 4789
32 0 19602768 0
33 0 18719960 0
34 0 15757643 0
35 0 18548587 0
36 0 21791569 0
37 1 720769 3310
38 0 18615011 0
39 0 19883356 0
40 0 18932454 0
41 0 19556167 0
42 0 20007362 0
43 0 21683566 0
44 1 877584 4033
45 1 418701 1922
46 0 20966317 0
47 0 21714075 0
48 1 536854 2440
49 0 22986130 0
50 1 1014520 4648
51 1 537521 2477
52 1 1315906 6047
53 0 22205352 0
54 0 20940038 0
55 0 21881249 0
56 0 20808837 0
57 0 18100160 0
58 0 19282956 0
59 0 15529836 0
60 0 19445477 0
61 0 19088458 0
62 0 16201286 0
63 0 19172095 0
64 1 485680 2227
65 1 914203 4234
66 1 873081 4021
67 0 19250941 0
68 1 142379 639
69 1 853553 3949
70 0 19916627 0
71 1 655098 2984
72 0 19436233 0
73 0 19734212 0
74 0 21472355 0
75 1 842494 3884
76 0 15631378 0
77 1 766395 3524
78 0 22066744 0
79 0 20564282 0
80 1 696183 3169
81 0 20304701 0
82 0 21967322 0
83 0 22442143 0
84 0 22294103 0
85 0 22754174 0
86 0 22378276 0
87 0 22392341 0
88 1 252433 1255
89 1 413056 1909
90 0 22892258 0
91 1 342160 1565
92 0 19194653 0
93 1 576326 2648
94 1 959814 4443
95 1 246824 1130
96 1 866778 3995
97 0 19010441 0
98 1 928355 4286
99 1 400173 1837
100 0 21624068 0
101 1 449873 2053
102 1 679722 3139
103 0 19312471 0
104 1 315615 1430
105 1 405497 1870
106 1 268926 1382
107 0 18299917 0
108 1 832121 3815
109 0 21414647 0
110 0 20184206 0
111 1 519319 2687
112 1 1401151 6494
113 0 18663078 0
114 1 258407 1177
115 1 535679 2788
116 1 361087 1659
117 1 845853 3903
118 1 789694 3598
119 1 78212 347
120 0 19638581 0
121 0 19133859 0
122 1 888549 4098
123 0 22606224 0
124 1 1031730 4743
125 0 19731603 0
126 0 19896817 0
127 1 250705 1122
128 0 15389830 0
129 0 19945879 0
130 0 20434640 0
131 0 20250107 0
132 1 243249 1098
133 1 1180510 5460
134 0 19412136 0
135 1 112295 557
136 0 20166027 0
137 0 19745875 0
138 0 20443016 0
139 1 683001 3150
140 0 19283857 0
141 0 18640099 0
142 1 1665525 7676
143 0 20789834 0
144 0 15391296 0
145 0 15490481 0
146 0 20261831 0
147 0 22840301 0
148 0 20203561 0
149 1 733792 3351
150 0 20590242 0
151 1 962945 4400
152 0 19795132 0
153 0 19181828 0
154 0 19375350 0
155 0 15544777 0
156 0 19531762 0
157 0 15390764 0
158 0 18710858 0
159 0 18438109 0
160 0 21147351 0
161 0 18885725 0
162 1 517035 2375
163 0 22186981 0
164 0 21375425 0
165 0 22106065 0
166 0 15627790 0
167 0 21143036 0
168 1 633510 2906
169 0 21553629 0
170 1 540974 2473
171 1 819763 3800
172 1 67601 286
173 0 18850555 0
174 0 18870530 0
175 0 21521766 0
176 0 22226854 0
177 0 20982693 0
178 0 20730255 0
179 1 664379 3442
180 1 296254 1352
181 0 19012976 0
182 0 20993899 0
183 1 1172659 5409
184 1 377541 1736
185 0 20448444 0
186 0 19111177 0
187 0 20015010 0
188 0 18787804 0
189 0 19139008 0
190 1 678514 3130
191 0 19917995 0
192 0 19372460 0
193 0 19693758 0
194 1 728871 3371
195 0 19327492 0
196 0 18852335 0
197 0 20850234 0
198 0 19582802 0
199 1 759334 3486
200 0 19535947 0
201 1 672631 3092
202 0 19440980 0
203 0 20054084 0
204 1 667506 3075
205 1 694015 3202
206 0 18902486 0
207 1 454949 2088
208 0 19804341 0
209 0 19943116 0
210 1 489848 2219
211 1 186765 833
212 0 18857018 0
213 0 21468005 0
214 1 667449 3075
215 0 22009652 0
216 1 93951 388
217 1 524735 2407
218 0 20784381 0
219 1 685133 3140
220 0 19765536 0
221 0 19771873 0
222 1 472782 2167
223 0 21864418 0
224 1 461570 2110
225 1 397436 1818
226 0 20768452 0
227 0 19631155 0
228 1 815774 3753
229 1 908241 4200
230 0 18326797 0
231 0 18853407 0
232 1 697042 3215
233 0 20368169 0
234 0 19757010 0
235 1 674781 3068
236 1 748411 3445
237 1 634893 2908
238 1 865285 4007
239 0 20922184 0
240 0 15530031 0
241 1 810992 3746
242 0 21913325 0
243 1 855700 3939
244 0 20006288 0
245 0 20355472 0
246 1 1023430 4706
247 0 20080587 0
248 1 873797 4030
249 1 1013212 4685
250 0 19845469 0
251 0 20717768 0
252 0 20670906 0
253 1 951274 4968
254 0 19602952 0
255 0 18600275 0
256 0 20350489 0
257 0 21518326 0
258 1 583950 2674
259 1 531950 2456
260 1 383741 1759
261 0 19318717 0
262 0 19183400 0
263 1 279080 1257
264 1 674165 3104
265 1 701047 3228
266 0 19996281 0
267 1 642415 3351
268 0 20728390 0
269 1 942591 4319
270 1 377108 1962
271 0 20811976 0
272 0 20229713 0
273 0 21112393 0
274 1 63870 303
275 0 19673864 0
276 0 20084945 0
277 0 19779003 0
278 1 473982 2161
279 0 22119998 0
280 1 618081 3219
281 1 1215517 5628
282 1 783879 3608
283 0 18795641 0
284 1 1191357 5518
285 1 489832 2256
286 0 18964690 0
287 0 19246486 0
288 1 1306650 6039
289 0 18782612 0
290 1 287558 1297
291 0 19229057 0
292 0 21405046 0
293 0 20941639 0
294 1 352191 1612
295 1 375880 1685
296 1 471380 2167
297 1 973420 4507
298 0 18940307 0
299 0 19761792 0
300 0 20150947 0
301 1 95665 411
302 0 19620956 0
303 0 19413095 0
304 1 193536 861
305 1 972424 4494
306 1 282474 1290
307 1 758747 3487
308 1 695446 3215
309 1 26568 95
310 0 22389748 0
311 0 15539505 0
312 1 558499 2555
313 1 606049 2788
314 1 443864 2315
315 1 409266 1888
316 1 688648 3152
317 1 671292 3105
318 1 816524 3771
319 1 122235 626
320 1 488418 2248
321 1 753418 3474
322 0 19151562 0
323 0 21428562 0
324 0 21406367 0
325 0 19961776 0
326 1 561938 2577
327 0 19767902 0
328 1 324492 1486
329 0 19428888 0
330 0 15569655 0
331 0 19208669 0
332 1 664125 3035
333 0 18833744 0
334 0 19714730 0
335 0 22671742 0
336 0 15613180 0
337 0 19318839 0
338 0 19204369 0
339 1 583717 2675
340 1 915065 4218
341 0 19680648 0
342 0 15711804 0
343 0 20592797 0
344 1 436951 1982
345 0 22625753 0
346 0 21420564 0
347 0 21143625 0
348 0 18988573 0
349 1 849920 3898
350 1 617135 2829
351 0 19134858 0
352 1 536200 2800
353 1 598686 2769
354 1 486705 2235
355 1 963302 4456
356 0 18342341 0
357 0 19453679 0
358 0 19699131 0
359 0 20180233 0
360 0 19209295 0
361 0 19424685 0
362 1 455549 2348
363 0 22123265 0
364 0 20879251 0
365 0 21015292 0
366 1 652674 2993
367 0 18804990 0
368 0 19666210 0
369 1 369247 1683
370 0 19842267 0
371 1 572269 2617
372 0 20806975 0
373 0 20204515 0
374 0 18315794 0
375 1 767536 3524
376 1 770650 3568
377 1 1086917 5034
378 0 19423401 0
379 1 752533 3421
380 1 557852 2575
381 0 18695015 0
382 1 148567 739
383 0 20614642 0
384 0 19501287 0
385 0 19251716 0
386 1 504675 2303
387 1 710191 3274
388 0 20512861 0
389 1 579539 2647
390 1 594591 2739
391 0 19811636 0
392 1 833156 3825
393 0 18837272 0
394 0 22799494 0
395 0 20741214 0
396 1 394796 1781
397 1 867355 3994
398 1 483638 2219
399 0 18743400 0
400 1 1192659 5460
401 1 542612 2462
402 0 19532127 0
403 0 21899171 0
404 1 558832 2522
405 0 19175908 0
406 1 528822 2383
407 1 875859 4014
408 0 21543305 0
409 0 22641415 0
410 0 21960793 0
411 1 433575 1966
412 0 21546238 0
413 1 864191 3960
414 0 22805196 0
415 1 389713 1753
416 0 15758102 0
417 1 285816 1289
418 1 1067527 4897
419 1 665236 3045
420 0 19322652 0
421 1 972773 5087
422 1 1122366 5150
423 0 18949571 0
424 0 19597517 0
425 0 19349274 0
426 0 19391335 0
427 1 342817 1560
428 0 18659966 0
429 0 19789359 0
430 0 18629414 0
431 1 702487 3219
432 1 425292 1951
433 0 22483012 0
434 0 18898679 0
435 0 21604314 0
436 1 657296 3001
437 1 605227 2779
438 0 20716102 0
439 0 19875904 0
440 0 15491650 0
441 0 22726448 0
442 0 20749212 0
443 0 15329428 0
444 0 19704482 0
445 0 18966398 0
446 1 455854 2344
447 0 20172222 0
448 1 541073 2481
449 0 19486547 0
450 1 831373 3811
451 1 325653 1493
452 0 21877027 0
453 0 20239197 0
454 0 15548758 0
455 1 285798 1296
456 0 19911082 0
457 0 20879190 0
458 1 535796 2452
459 1 1137506 5274
460 0 21117169 0
461 0 19995984 0
462 0 20061992 0
463 0 20744452 0
464 0 19932799 0
465 1 251069 1141
466 0 20009283 0
467 1 532295 2360
468 1 551012 2532
469 1 1150445 5330
470 0 20317009 0
471 0 19777736 0
472 0 19047603 0
473 0 20885891 0
474 1 1047509 4815
475 1 458711 2106
476 1 709430 3720
477 0 19772188 0
478 0 19803126 0
479 0 15662512 0
480 0 19576595 0
481 0 19423953 0
482 0 21065090 0
483 0 15581490 0
484 0 21633774 0
485 0 15644876 0
486 1 380165 1725
487 1 876153 4041
488 0 15481671 0
489 1 788390 3638
490 1 671638 3081
491 0 22497772 0
492 0 20329644 0
493 1 238879 1081
494 0 20726982 0
495 0 20239832 0
496 0 20269251 0
497 1 976636 4482
498 1 1232116 5690
499 0 19820824 0
500 1 353217 1810
501 0 20996171 0
502 1 695328 3198
503 0 19053984 0
504 1 719860 3305
505 0 18961908 0
506 1 332583 1514
507 0 19049759 0
508 1 753588 3476
509 0 20221576 0
510 0 15663370 0
511 0 20480456 0
512 1 1067012 4934
513 1 741565 3407
514 0 15917174 0
515 0 20078567 0
516 1 517340 2340
517 0 20659679 0
518 0 20849603 0
519 0 22028799 0
520 0 15648052 0
521 0 20719587 0
522 0 19071068 0
523 1 1065834 4930
524 0 19483159 0
525 0 19234720 0
526 1 591878 2716
527 0 21833053 0
528 1 191993 864
529 0 20378936 0
530 0 19729814 0
531 1 762714 3516
532 1 786370 3633
533 0 22028794 0
534 1 400699 1830
535 0 21120064 0
536 1 1097881 5071
537 1 269417 1235
538 1 1315238 6072
539 0 19720475 0
540 0 21623666 0
541 1 348897 1586
542 0 15481899 0
543 0 22044056 0
544 0 20865130 0
545 0 20184549 0
546 1 1454075 6719
547 1 125728 567
548 0 22438624 0
549 1 206939 935
550 0 20379636 0
551 1 365531 1655
552 1 700080 3236
553 1 199235 897
554 0 19175006 0
555 0 19185791 0
556 0 22214919 0
557 1 238711 1083
558 1 450654 2073
559 0 19633825 0
560 0 21036146 0
561 0 15932595 0
562 0 18776301 0
563 0 21616906 0
564 0 15560162 0
565 1 405362 1831
566 0 20108019 0
567 0 20358792 0
568 1 854502 4456
569 1 52334 227
570 1 304886 1380
571 1 653899 3006
572 1 875454 4609
573 0 20003968 0
574 0 21829770 0
575 1 433213 1968
576 1 1746472 7997
577 0 15701213 0
578 0 19851446 0
579 1 634794 2840
580 0 19156177 0
581 1 478165 2177
582 0 20215886 0
583 0 15699472 0
584 1 568523 2615
585 1 1064777 4843
586 1 683056 3145
587 1 1016471 4712
588 0 18872780 0
589 0 19145179 0
590 0 19506627 0
591 0 20903118 0
592 1 1049062 4858
593 0 21748259 0
594 0 20147582 0
595 0 22043632 0
596 0 20457182 0
597 0 19588130 0
598 0 19472959 0
599 0 22151437 0
600 1 982164 4539
601 0 21167831 0
602 0 19670120 0
603 1 750910 3466
604 0 18947698 0
605 0 19127836 0
606 1 919034 4238
607 0 20057855 0
608 0 15873398 0
609 1 566665 2611
610 1 473238 2170
611 0 19297474 0
612 0 19213978 0
613 1 777701 3636
614 0 18676134 0
615 1 563557 2575
616 1 742714 3429
617 0 19810160 0
618 1 368318 1901
619 0 20614573 0
620 0 20212662 0
621 1 153431 666
622 1 482516 2227
623 0 19164612 0
624 1 160580 717
625 1 160886 709
626 0 21373404 0
627 0 20850766 0
628 0 19492375 0
629 0 15634749 0
630 0 21769916 0
631 1 410711 1868
632 0 15579410 0
633 0 21309414 0
634 1 159227 684
635 1 98032 427
636 0 15707615 0
637 0 19945008 0
638 0 19572879 0
639 1 734467 3356
640 1 320266 1442
641 0 22845682 0
642 1 1062728 4877
643 0 22717287 0
644 0 22991277 0
645 1 84983 355
646 0 21660185 0
647 1 394402 1790
648 0 21691465 0
649 1 856950 3908
650 0 20937230 0
651 1 283358 1276
652 0 20752377 0
653 0 21312732 0
654 0 21996867 0
655 0 15469051 0
656 1 885965 4072
657 1 571267 2995
658 0 19817811 0
659 1 796361 3639
660 1 653792 2987
661 1 723265 3799
662 0 19995900 0
663 0 18415342 0
664 0 19440107 0
665 0 18946713 0
666 0 19250579 0
667 1 248547 1112
668 1 537833 2464
669 1 363265 1661
670 0 19112415 0
671 0 19741282 0
672 0 20954522 0
673 0 20007481 0
674 1 1009248 4642
675 1 646116 2965
676 0 22736809 0
677 0 22478424 0
678 0 22444833 0
679 0 22264239 0
680 0 20412083 0
681 0 15410089 0
682 1 325695 1659
683 1 687977 3084
684 0 20660099 0
685 0 15345659 0
686 0 20211561 0
687 0 22040735 0
688 1 571487 2606
689 0 22406003 0
690 0 22508071 0
691 1 600927 2736
692 0 20969465 0
693 0 20625132 0
694 0 15610529 0
695 0 16001886 0
696 0 21236297 0
697 0 19887309 0
698 0 21060718 0
699 0 15626697 0
700 1 740737 3879
701 0 19371656 0
702 0 20322064 0
703 1 437780 1990
704 0 20029206 0
705 0 20015463 0
706 0 18523085 0
707 0 20197509 0
708 1 1574380 7279
709 1 80441 338
710 1 536133 2461
711 0 18917694 0
712 1 760860 3995
713 0 20117136 0
714 1 888624 4093
715 1 63441 282
716 0 20037937 0
717 1 249731 1106
718 0 15367389 0
719 1 359603 1860
720 0 20120294 0
721 1 332694 1513
722 0 15235021 0
723 1 321134 1450
724 1 258353 1183
725 1 932851 4299
726 1 523316 2410
727 0 19703209 0
728 1 76541 320
729 0 20238203 0
730 0 19146913 0
731 1 386574 1762
732 0 19324853 0
733 0 20355796 0
734 0 21233084 0
735 1 1006817 4631
736 1 615210 2841
737 1 542761 2510
738 0 20201915 0
739 0 21790250 0
740 1 636348 2914
741 1 408038 1863
742 1 508823 2339
743 1 737480 3397
744 1 870294 4563
745 0 19480284 0
746 0 18838361 0
747 0 20703353 0
748 0 21010297 0
749 0 20656079 0
750 0 19632651 0
751 0 18889757 0
752 0 20617534 0
753 0 15623143 0
754 0 19881280 0
755 1 1059670 4892
756 0 19448379 0
757 0 19769497 0
758 0 19485780 0
759 0 19206278 0
760 0 20490511 0
761 1 729959 3369
762 0 18596096 0
763 0 19353939 0
764 0 19054936 0
765 1 699032 3215
766 1 121245 613
767 1 244356 1116
768 0 19311304 0
769 0 19794736 0
770 1 75067 320
771 0 19514983 0
772 0 19420808 0
773 0 19258989 0
774 0 20247488 0
775 0 22666621 0
776 0 19458483 0
777 1 812594 3739
778 1 1079135 4952
779 1 619221 2851
780 0 19691378 0
781 0 18995053 0
782 0 19266565 0
783 0 19479687 0
784 1 204135 908
785 1 967728 4445
786 1 596718 2735
787 0 20460257 0
788 1 513939 2335
789 0 21729658 0
790 1 314114 1425
791 0 21737196 0
792 1 1045951 4808
793 1 21057 73
794 0 19708776 0
795 0 19900971 0
796 0 20317810 0
797 0 15585095 0
798 0 19323746 0
799 0 21013231 0
800 1 871981 4022
801 0 19794377 0
802 1 702520 3221
803 0 19859915 0
804 0 19225220 0
805 0 21405607 0
806 1 885934 4073
807 1 428347 1967
808 1 414973 1907
809 0 18696677 0
810 0 22735287 0
811 0 19962305 0
812 1 76598 278
813 0 19563239 0
814 0 20116965 0
815 0 19906566 0
816 0 22262204 0
817 0 19980321 0
818 1 499684 2284
819 0 22286447 0
820 1 702904 3211
821 0 22583298 0
822 1 475269 2150
823 0 22191557 0
824 0 15814259 0
825 0 18917773 0
826 0 21758400 0
827 0 20235901 0
828 1 178112 902
829 0 19130395 0
830 0 21818529 0
831 1 825430 3774
832 0 20811351 0
833 0 20226148 0
834 0 23083079 0
835 0 19082419 0
836 0 21225813 0
837 1 259200 1175
838 0 15275251 0
839 1 121723 520
840 1 488642 2196
841 0 19920110 0
842 1 898390 4106
843 0 19609895 0
844 0 20646228 0
845 1 483724 2223
846 0 21362994 0
847 0 20790036 0
848 1 688096 3149
849 0 22557542 0
850 0 18919800 0
851 1 669817 2917
852 0 15615006 0
853 1 569274 2599
854 0 22871333 0
855 1 252024 1140
856 1 356673 1638
857 0 20614876 0
858 0 19607613 0
859 1 240671 1088
860 0 20698560 0
861 1 533635 2429
862 1 627501 2890
863 1 64437 285
864 0 18831546 0
865 0 20065262 0
866 0 19539504 0
867 1 352263 1586
868 1 419808 1931
869 1 106253 440
870 1 671410 3085
871 0 18470987 0
872 0 20069543 0
873 0 19502980 0
874 0 15672266 0
875 0 18355589 0
876 1 440741 2004
877 1 790278 3627
878 0 18744926 0
879 1 491248 2241
880 0 18551141 0
881 0 19628251 0
882 1 355821 1627
883 1 584901 2688
884 0 19558108 0
885 0 19175806 0
886 1 815903 3721
887 0 20136508 0
888 1 1312297 5999
889 0 20636668 0
890 1 493936 2562
891 0 22440310 0
892 0 22343889 0
893 0 21886959 0
894 0 15550594 0
895 0 22175527 0
896 1 555097 2500
897 0 22684912 0
898 0 19382072 0
899 0 21761167 0
900 0 21313820 0
901 0 15668455 0
902 1 1032713 4745
903 0 20238283 0
904 1 747272 3422
905 1 863066 3964
906 0 22651066 0
907 1 58341 229
908 0 20374430 0
909 0 20237848 0
910 0 20511388 0
911 1 788086 4136
912 0 19668613 0
913 1 620502 2849
914 1 1073746 4962
915 1 234972 1070
916 1 714574 3298
917 1 647488 2987
918 0 19738481 0
919 1 753822 3475
920 1 1608352 7427
921 1 349519 1612
922 0 18593272 0
923 1 657941 3013
924 1 515217 2379
925 0 19449697 0
926 0 19510266 0
927 1 920637 4252
928 1 1059958 4909
929 0 19397994 0
930 0 15958341 0
931 0 20248297 0
932 1 455359 2077
933 0 19404395 0
934 1 263361 1183
935 1 488901 2259
936 0 19590558 0
937 0 21494249 0
938 0 20596203 0
939 0 18802706 0
940 1 785640 3622
941 0 19165436 0
942 0 20390641 0
943 0 18648566 0
944 0 21558077 0
945 0 19291164 0
946 1 742640 3415
947 1 540583 2491
948 1 432789 1990
949 1 924930 4240
950 1 417174 1920
951 1 631570 2918
952 0 19963785 0
953 1 1601950 7392
954 0 21040074 0
955 0 18475810 0
956 0 15790249 0
957 0 19149893 0
958 0 19495444 0
959 1 228731 1033
960 0 18961653 0
961 1 641410 2946
962 0 18379711 0
963 1 361270 1649
964 0 19279054 0
965 1 1352486 6227
966 1 898516 4162
967 1 36960 160
968 0 19013794 0
969 0 19389050 0
970 0 18858923 0
971 1 261037 1177
972 1 924721 4271
973 1 696232 3210
974 0 20013425 0
975 0 21600508 0
976 0 16095472 0
977 0 19646901 0
978 1 1045185 4825
979 0 22417460 0
980 0 15907867 0
981 1 573821 2633
982 1 160003 724
983 1 184767 823
984 1 491940 2266
985 1 580030 2677
986 1 499540 2300
987 0 19867135 0
988 0 19157455 0
989 0 18765864 0
990 1 611333 3190
991 0 19543165 0
992 1 710594 3278
993 0 19378752 0
994 1 717082 3300
995 1 1126016 5214
996 0 18681942 0
997 1 203725 906
998 0 18144100 0
999 1 741974 3414
1000 0 19487770 0
1001 1 172123 755
1002 0 20447971 0
1003 0 19093217 0
1004 1 501028 2582
1005 0 19245864 0
1006 0 19609060 0
1007 0 20155822 0
1008 0 19081339 0
1009 0 19353398 0
1010 1 515511 2344
1011 0 20611559 0
1012 0 19623566 0
1013 1 971160 4450
1014 0 18973617 0
1015 0 19351028 0
1016 0 15594756 0
1017 0 22628226 0
1018 0 21250186 0
1019 0 22471029 0
1020 0 22678797 0
1021 0 15761266 0
1022 0 19531272 0
1023 1 675026 3520
1024 0 19110754 0
1025 1 390725 1768
1026 1 48630 204
1027 0 22657580 0
1028 0 20601323 0
1029 0 19194298 0
1030 1 12285 26
1031 0 19983850 0
1032 0 22595186 0
1033 1 1358401 6242
1034 0 20684542 0
1035 0 19382063 0
1036 0 19197756 0
1037 1 310135 1405
1038 1 207653 1081
1039 0 19119758 0
1040 0 21623800 0
1041 0 21811317 0
1042 1 788080 3596
1043 0 21671548 0
1044 0 15733893 0
1045 0 20255826 0
1046 1 476662 2161
1047 1 265119 1218
1048 0 15891547 0
1049 0 20019573 0
1050 1 150614 661
1051 0 18773984 0
1052 0 19726108 0
1053 1 694124 3185
1054 0 21817655 0
1055 1 795601 3677
1056 1 345813 1581
1057 1 789661 3643
1058 0 20814134 0
1059 0 19025858 0
1060 1 479602 2183
1061 0 20093467 0
1062 0 15765874 0
1063 0 19332442 0
1064 0 19113385 0
1065 0 18960012 0
1066 0 15592314 0
1067 0 20937259 0
1068 0 20571824 0
1069 1 113551 495
1070 0 19342609 0
1071 0 15748882 0
1072 0 15488319 0
1073 0 20355499 0
1074 0 21843935 0
1075 0 19301798 0
1076 1 534292 2450
1077 1 628638 3301
1078 0 20356160 0
1079 0 19715858 0
1080 1 629836 2886
1081 0 19916120 0
1082 0 19360598 0
1083 0 21935539 0
1084 0 18988518 0
1085 0 21792113 0
1086 1 532468 2428
1087 1 380574 1747
1088 0 20424712 0
1089 0 22438462 0
1090 0 21739238 0
1091 1 2145438 9842
1092 0 21204018 0
1093 0 20465461 0
1094 1 891187 4084
1095 0 21628182 0
1096 0 19816042 0
1097 0 18701166 0
1098 1 615718 2805
1099 0 19746166 0
1100 0 15677171 0
1101 1 744060 3350
1102 1 699358 3188
1103 0 19191585 0
1104 0 19466136 0
1105 0 19450984 0
1106 1 269288 1198
1107 0 19687292 0
1108 1 541096 2799
1109 0 19379341 0
1110 0 19210970 0
1111 1 772296 3537
1112 0 19441549 0
1113 0 19243288 0
1114 1 428281 1977
1115 1 191979 877
1116 0 19212423 0
1117 0 20475536 0
1118 1 819499 3776
1119 0 20144734 0
1120 1 260576 1170
1121 0 21054210 0
1122 1 922287 4257
1123 0 20365655 0
1124 0 19023028 0
1125 1 828934 3829
1126 0 18241577 0
1127 0 19916408 0
1128 1 468403 2147
1129 0 18947099 0
1130 1 521164 2379
1131 1 512292 2361
1132 1 557925 2570
1133 1 214772 1090
1134 1 1001465 4626
1135 0 19928962 0
1136 1 1159191 5355
1137 0 18695093 0
1138 1 307968 1397
1139 1 13641 45
1140 0 15635784 0
1141 1 700282 3214
1142 1 636616 2934
1143 0 18557520 0
1144 1 817004 3766
1145 0 21632147 0
1146 0 20123551 0
1147 0 18952629 0
1148 1 762996 3387
1149 0 15898334 0
1150 0 18701988 0
1151 0 18690530 0
1152 0 20880014 0
1153 1 471602 2165
1154 0 21654097 0
1155 0 20451826 0
1156 1 305654 1389
1157 1 506383 2334
1158 0 20750908 0
1159 0 21969036 0
1160 0 15472938 0
1161 1 535983 2465
1162 0 21269134 0
1163 0 21979578 0
1164 0 22559839 0
1165 1 485484 2222
1166 1 139932 634
1167 1 365948 1661
1168 0 21841485 0
1169 0 19263100 0
1170 1 841839 3874
1171 0 22766021 0
1172 0 20075809 0
1173 1 325224 1473
1174 0 18369159 0
1175 0 19133769 0
1176 1 1020533 4707
1177 0 19787951 0
1178 0 19992920 0
1179 0 15413096 0
1180 1 1487721 6840
1181 0 21737420 0
1182 1 809756 3712
1183 0 21709829 0
1184 0 21487351 0
1185 1 494982 2233
1186 0 19587562 0
1187 1 942848 4326
1188 0 19552191 0
1189 1 362779 1640
1190 1 588344 2692
1191 1 273703 1229
1192 0 20317192 0
1193 1 548218 2853
1194 1 967589 4485
1195 0 19369098 0
1196 0 19274923 0
1197 1 793586 3647
1198 0 20520891 0
1199 0 20401094 0
0 0 15882484 0
1 1 892078 4111
2 1 750382 3465
3 0 20096046 0
4 1 77287 329
5 0 18924699 0
6 0 18882985 0
7 0 20067000 0
8 1 227968 1036
9 0 21477752 0
10 0 20189902 0
11 1 551788 2538
12 0 20167251 0
13 1 666832 3049
14 0 19858675 0
15 0 20191442 0
16 0 19880852 0
17 1 508297 2624
18 0 18678310 0
19 1 981770 4540
20 0 22282849 0
21 1 72562 289
22 0 15468632 0
23 0 19311809 0
24 0 19335702 0
25 0 19322582 0
26 1 430854 2237
27 0 19583207 0
28 0 19410651 0
29 1 200644 884
30 0 18763273 0
31 0 21247469 0
32 0 20625393 0
33 1 562188 2592
34 0 18660383 0
35 1 953699 4419
36 0 18699301 0
37 0 18871621 0
38 1 494118 2251
39 1 424491 1959
40 0 15761978 0
41 0 22102400 0
42 0 21963693 0
43 0 21465093 0
44 0 15326654 0
45 1 540321 2466
46 0 22735222 0
47 0 22300403 0
48 1 442333 2013
49 0 22515168 0
50 1 274909 1426
51 1 127062 574
52 1 438250 1999
53 0 20046891 0
54 0 21565142 0
55 1 438391 1989
56 0 21948620 0
57 0 21003642 0
58 0 21386424 0
59 0 22481308 0
60 0 23004650 0
61 1 253729 1132
62 1 479657 2201
63 0 21712161 0
64 0 15737019 0
65 1 101432 447
66 1 987934 4543
67 0 20315380 0
68 1 972014 5100
69 0 18154017 0
70 0 18967452 0
71 0 15611945 0
72 0 20418043 0
73 0 15246272 0
74 0 22914454 0
75 1 523039 2696
76 0 22629498 0
77 1 1214327 5576
78 0 22483961 0
79 1 576927 2638
80 0 23239427 0
81 0 22861943 0
82 0 22111931 0
83 1 716347 3277
84 0 22224268 0
85 0 22591831 0
86 0 20071191 0
87 0 15632497 0
88 0 15532372 0
89 0 19530600 0
90 1 986880 4539
91 1 663806 3065
92 1 1120603 5159
93 1 715899 3296
94 1 298248 1364
95 0 17681218 0
96 0 19031080 0
97 0 18665957 0
98 1 784447 3619
99 0 20052160 0
100 0 15731140 0
101 0 15739305 0
102 0 22220808 0
103 0 20423939 0
104 1 1157914 5357
105 0 19908099 0
106 0 20592707 0
107 0 22095168 0
108 1 578619 2638
109 1 697040 3213
110 0 15614472 0
111 1 281881 1270
112 0 22283437 0
113 1 571831 2612
114 1 539228 2481
115 1 715595 3287
116 1 328190 1503
117 0 19947532 0
118 0 20875430 0
119 0 20640854 0
120 0 20013767 0
121 0 19090802 0
122 1 494676 2257
123 1 141034 639
124 0 19743712 0
125 0 18276404 0
126 1 1065998 4940
127 0 18574636 0
128 0 20069785 0
129 0 21727574 0
130 0 20603986 0
131 0 19246680 0
132 0 21275561 0
133 0 20025243 0
134 0 20475989 0
135 0 19938726 0
136 1 708214 3263
137 0 19481091 0
138 0 19776951 0
139 1 641284 2931
140 0 19071211 0
141 1 898045 4144
142 0 19942964 0
143 0 22719008 0
144 0 21059147 0
145 1 471781 2153
146 1 1124605 5185
147 0 19338276 0
148 0 19257576 0
149 0 18253531 0
150 1 789279 3628
151 1 129342 573
152 0 18642223 0
153 0 15653510 0
154 1 1396971 6437
155 0 19367090 0
156 1 444039 2030
157 1 418958 1917
158 0 19708588 0
159 0 22228368 0
160 0 15417192 0
161 1 1411338 6495
162 0 15532679 0
163 0 18772039 0
164 1 109970 452
165 0 19756157 0
166 0 19039888 0
167 1 157546 710
168 0 20985628 0
169 1 197535 881
170 1 746662 3463
171 0 22445352 0
172 0 21362201 0
173 0 20514293 0
174 0 21911548 0
175 1 543090 2483
176 0 21307510 0
177 0 20456542 0
178 0 19665058 0
179 0 19047028 0
180 0 15374102 0
181 1 339146 1729
182 0 19473624 0
183 0 15641646 0
184 1 293385 1327
185 0 19972731 0
186 1 724242 3338
187 0 19150495 0
188 0 15677661 0
189 1 897434 4151
190 1 877236 4052
191 0 18707430 0
192 0 18849549 0
193 0 18387614 0
194 0 19399744 0
195 0 20260684 0
196 1 1004449 5265
197 0 19362076 0
198 1 879419 4054
199 0 18993278 0
200 1 321395 1459
201 0 18922966 0
202 0 20222655 0
203 1 557094 2535
204 1 43107 174
205 0 19447905 0
206 0 20826324 0
207 1 714292 3283
208 1 520785 2404
209 0 19954922 0
210 0 21853341 0
211 0 19014519 0
212 0 21868433 0
213 1 775925 3590
214 0 21027330 0
215 0 19863641 0
216 0 15302438 0
217 0 15464982 0
218 0 20156945 0
219 0 19228050 0
220 1 979279 4534
221 0 18943502 0
222 0 15883736 0
223 1 939585 4343
224 1 377199 1736
225 0 19837172 0
226 0 20918985 0
227 1 676835 3127
228 1 508341 2656
229 1 837480 3858
230 0 19990232 0
231 0 19069344 0
232 1 674862 3089
233 0 19303760 0
234 1 597255 2740
235 1 866871 4020
236 1 333526 1533
237 1 720011 3328
238 0 20932545 0
239 1 972149 4483
240 0 19420160 0
241 1 391561 1780
242 0 19389199 0
243 0 22611553 0
244 0 21652517 0
245 0 19190382 0
246 0 19760692 0
247 0 15742496 0
248 1 1315154 6057
249 0 19705621 0
250 0 22048524 0
251 1 663116 3020
252 1 418237 1893
253 0 18793276 0
254 0 19138329 0
255 1 717986 3308
256 0 19671737 0
257 0 20166250 0
258 0 20404096 0
259 0 18904115 0
260 0 19097355 0
261 1 281945 1443
262 0 18860754 0
263 0 20405481 0
264 1 732660 3387
265 0 19491201 0
266 0 19496007 0
267 0 18894562 0
268 0 18952293 0
269 1 1275679 5897
270 0 20948169 0
271 0 19885418 0
272 0 19422567 0
273 0 18417536 0
274 0 15560350 0
275 0 19002840 0
276 0 19261622 0
277 1 864698 3979
278 1 858196 3946
279 1 469232 2155
280 1 755772 3481
281 0 19373885 0
282 0 22318366 0
283 0 19142479 0
284 0 20343881 0
285 1 88685 365
286 0 15429453 0
287 0 20118060 0
288 0 19166735 0
289 0 22547513 0
290 1 489784 2184
291 1 562561 2593
292 0 20614240 0
293 1 229913 1039
294 1 758756 3501
295 0 20508199 0
296 0 15256221 0
297 1 662983 3038
298 0 21566414 0
299 1 843732 3883
300 1 299915 1373
301 0 20538690 0
302 0 19800380 0
303 0 18833325 0
304 0 19891913 0
305 0 15821370 0
306 0 21258572 0
307 1 492016 2273
308 1 954709 5030
309 0 20230725 0
310 0 21567274 0
311 0 21977823 0
312 1 900977 4148
313 0 22357876 0
314 1 940485 4328
315 1 625991 2878
316 0 20584741 0
317 0 21435805 0
318 0 15665545 0
319 0 20242413 0
320 0 19779352 0
321 0 17778149 0
322 1 1377989 6357
323 0 21346367 0
324 1 361314 1634
325 0 19323151 0
326 1 1771096 8187
327 1 963723 5060
328 0 22541310 0
329 1 1603947 7400
330 0 21731187 0
331 1 661332 3050
332 0 22569540 0
333 0 22288902 0
334 1 302889 1382
335 0 22000093 0
336 0 22437038 0
337 0 22432094 0
338 1 1213297 5619
339 0 15732929 0
340 1 433112 1978
341 0 18449613 0
342 0 20198191 0
343 1 584642 2669
344 1 495592 2598
345 1 342908 1572
346 0 19241832 0
347 0 19482027 0
348 1 391694 1790
349 1 524145 2415
350 0 19264456 0
351 1 548463 2514
352 1 188156 855
353 0 19750016 0
354 0 20094900 0
355 1 846823 3914
356 1 809964 3723
357 1 775739 3588
358 1 463591 2125
359 0 19189128 0
360 1 807259 3714
361 0 19282294 0
362 0 21037504 0
363 0 19631650 0
364 0 19068758 0
365 0 19386357 0
366 0 19564368 0
367 1 533357 2444
368 1 560566 2583
369 0 19254010 0
370 0 20671342 0
371 0 19508757 0
372 1 752888 3465
373 0 18704293 0
374 0 20273542 0
375 0 19222992 0
376 0 19277830 0
377 1 780031 3532
378 1 489537 2254
379 0 19565982 0
380 0 22742716 0
381 0 20007819 0
382 0 20584371 0
383 0 18565229 0
384 0 21751674 0
385 1 558902 2560
386 0 19413308 0
387 0 20977174 0
388 0 19725989 0
389 1 376974 1702
390 0 15712020 0
391 0 18511511 0
392 0 19498083 0
393 1 347261 1571
394 0 19626873 0
395 1 355896 1616
396 1 740632 3422
397 1 834788 4380
398 1 865272 4000
399 1 661207 3058
400 1 776857 3586
401 0 22807010 0
402 1 536427 2769
403 1 677874 3126
404 1 303369 1392
405 0 21279753 0
406 0 22628482 0
407 0 19245627 0
408 1 568171 2611
409 0 21250266 0
410 1 1040550 4803
411 1 839568 3874
412 0 19509184 0
413 0 19307642 0
414 1 1606405 7423
415 0 19665679 0
416 0 20836873 0
417 0 15822310 0
418 1 351949 1597
419 0 19123229 0
420 1 177323 787
421 0 19452456 0
422 1 521842 2394
423 0 20416999 0
424 0 19530108 0
425 0 18792633 0
426 1 1169553 6113
427 0 19097515 0
428 0 21901764 0
429 0 20019343 0
430 0 15759639 0
431 1 593571 3121
432 1 171012 771
433 0 20283295 0
434 0 19407512 0
435 0 19248041 0
436 1 734115 3352
437 0 19253642 0
438 1 645502 2945
439 0 22433989 0
440 1 657405 2989
441 1 611983 2807
442 0 18924836 0
443 0 19726653 0
444 0 15678293 0
445 1 1881902 8683
446 1 327534 1493
447 0 19195697 0
448 1 105916 463
449 1 440182 2007
450 0 15556166 0
451 0 15633625 0
452 1 271310 1216
453 1 496233 2236
454 0 22476909 0
455 1 602168 2757
456 0 19686019 0
457 0 21786256 0
458 1 439083 1935
459 0 19610650 0
460 0 21581980 0
461 0 20682803 0
462 0 15625013 0
463 1 401517 1815
464 0 18929088 0
465 0 15575447 0
466 0 18955566 0
467 0 19782725 0
468 0 19909613 0
469 1 776565 3565
470 1 257692 1323
471 0 19920407 0
472 0 18481444 0
473 0 15339240 0
474 0 19104398 0
475 0 22400701 0
476 0 20408686 0
477 0 19122965 0
478 1 1210484 5578
479 1 300951 1293
480 0 19741185 0
481 0 22043908 0
482 1 1506549 6903
483 1 496018 2272
484 1 890032 4685
485 1 661749 3041
486 0 21996448 0
487 1 1186008 5479
488 1 706353 3248
489 0 20748274 0
490 0 22204613 0
491 1 242532 1092
492 0 20377128 0
493 1 949267 4366
494 0 20600530 0
495 0 23016202 0
496 0 22518327 0
497 0 22536309 0
498 1 459641 2392
499 1 270789 1240
500 1 720761 3293
501 1 1413910 6533
502 0 19303117 0
503 0 19288647 0
504 1 544409 2821
505 0 21544436 0
506 0 21038918 0
507 1 722674 3338
508 0 19327083 0
509 0 22369965 0
510 0 19669353 0
511 0 21290279 0
512 1 865588 4531
513 0 15771086 0
514 0 21095223 0
515 1 1016811 4644
516 0 19014053 0
517 1 939558 4301
518 1 548862 2520
519 1 540940 2489
520 0 19438213 0
521 1 836522 3823
522 0 19572669 0
523 0 21904848 0
524 1 62970 264
525 0 19367922 0
526 1 485011 2214
527 1 422312 1940
528 1 156122 705
529 1 1122474 5193
530 0 19425667 0
531 1 323059 1674
532 1 307898 1407
533 0 19070607 0
534 0 15675937 0
535 0 16007437 0
536 1 737865 3868
537 1 535542 2465
538 0 19498524 0
539 0 20143964 0
540 1 526879 2405
541 1 820167 3768
542 1 532313 2458
543 0 18910276 0
544 1 426200 1938
545 0 18641764 0
546 1 278045 1262
547 0 15551307 0
548 0 15936571 0
549 0 15779641 0
550 0 19909827 0
551 0 20409047 0
552 1 814717 3746
553 0 21184849 0
554 1 623590 2868
555 0 20694494 0
556 1 535554 2779
557 0 22414305 0
558 0 15619684 0
559 0 19803331 0
560 1 707825 3248
561 1 340635 1525
562 0 19591847 0
563 1 203044 915
564 0 20073858 0
565 0 20398625 0
566 1 85467 360
567 0 19092113 0
568 1 910192 4168
569 1 183554 837
570 0 18957400 0
571 0 21247273 0
572 0 15653586 0
573 0 15380992 0
574 0 19959562 0
575 0 19433062 0
576 1 1318798 6103
577 1 625235 2897
578 0 19217684 0
579 1 635531 2914
580 0 20718939 0
581 0 22220478 0
582 0 19318646 0
583 0 22198135 0
584 0 16106424 0
585 1 281504 1275
586 1 603786 3176
587 0 19943586 0
588 0 15464559 0
589 0 19950925 0
590 1 861681 3946
591 0 19580007 0
592 1 658961 3442
593 1 889263 4094
594 0 18946766 0
595 1 1092316 5029
596 0 20984204 0
597 1 167187 849
598 0 21107466 0
599 0 19426461 0
600 1 798824 3668
601 1 601051 2767
602 0 20026979 0
603 0 20465450 0
604 0 21741240 0
605 0 22781705 0
606 0 21130205 0
607 1 153348 681
608 0 20884575 0
609 1 645524 2945
610 0 22356566 0
611 0 15727784 0
612 0 21052134 0
613 1 348916 1582
614 1 1062840 4901
615 0 22728799 0
616 1 643572 3357
617 1 734819 3384
618 0 21316882 0
619 1 632473 2889
620 0 19601923 0
621 0 23047385 0
622 0 22438171 0
623 0 22492880 0
624 0 22596739 0
625 0 22302727 0
626 0 22439955 0
627 1 574816 2617
628 1 297717 1361
629 1 273227 1244
630 1 669836 3062
631 1 1092352 5040
632 0 20778654 0
633 1 586854 2677
634 0 21500512 0
635 1 1391310 6429
636 0 22616410 0
637 1 254631 1313
638 0 22320280 0
639 1 378492 1950
640 0 22308123 0
641 1 341120 1561
642 0 22819058 0
643 0 15436225 0
644 1 878447 4059
645 1 35191 151
646 0 18913004 0
647 0 19454253 0
648 0 19212335 0
649 1 1210454 5568
650 0 19846403 0
651 1 732549 3377
652 0 18550409 0
653 0 19337327 0
654 1 336129 1534
655 0 19595765 0
656 0 19483077 0
657 1 374201 1696
658 1 521566 2407
659 1 441375 2040
660 1 410692 1886
661 1 996391 4611
662 0 19227896 0
663 1 1064276 4879
664 0 20995549 0
665 0 19833859 0
666 1 665005 3062
667 0 21656587 0
668 0 20562295 0
669 1 600089 2765
670 0 20805535 0
671 0 20873950 0
672 1 187155 836
673 0 20153263 0
674 0 21014987 0
675 0 20999780 0
676 0 15713596 0
677 1 988581 4566
678 0 19443741 0
679 1 855155 3957
680 0 20339311 0
681 1 687088 3145
682 1 638796 2952
683 0 19215246 0
684 1 659914 3027
685 1 1588455 7358
686 0 20178439 0
687 1 690619 3186
688 1 918427 4246
689 1 448811 2074
690 0 20028383 0
691 0 19782111 0
692 0 19017647 0
693 0 22759688 0
694 1 570048 2959
695 1 713554 3304
696 0 20810089 0
697 1 830616 3780
698 1 1105296 5108
699 0 18793568 0
700 1 386184 1717
701 0 19517724 0
702 1 1071053 4930
703 0 19363439 0
704 0 20118069 0
705 0 16969485 0
706 0 18563718 0
707 0 19036257 0
708 0 21724857 0
709 1 749776 3444
710 0 20269228 0
711 1 179907 797
712 0 19410337 0
713 1 482900 2495
714 0 15301455 0
715 0 19187738 0
716 1 736853 3397
717 0 19183182 0
718 1 1346501 6238
719 1 785087 3625
720 0 21492267 0
721 0 19253888 0
722 0 19265337 0
723 1 440484 2031
724 1 416736 1919
725 1 672995 3105
726 0 19849058 0
727 1 399879 2079
728 0 19179393 0
729 1 251905 1136
730 0 19100578 0
731 1 1195921 5481
732 1 1202770 5549
733 1 680329 3131
734 1 812395 3743
735 1 837988 3852
736 1 153095 685
737 1 290964 1333
738 0 19703219 0
739 0 21967920 0
740 0 19710315 0
741 0 22326699 0
742 0 22307205 0
743 1 371595 1677
744 1 231951 1048
745 0 22606288 0
746 0 20608324 0
747 0 21025087 0
748 0 20517037 0
749 0 22109512 0
750 0 20246126 0
751 0 20124254 0
752 1 1055869 4831
753 0 23153738 0
754 0 20286222 0
755 0 21807981 0
756 1 244462 1103
757 0 21545002 0
758 1 161172 819
759 1 637290 2925
760 1 552116 2541
761 1 284260 1297
762 1 189835 852
763 1 529632 2437
764 0 19881132 0
765 0 15500125 0
766 1 776863 3531
767 0 15650831 0
768 1 768099 3503
769 0 20228562 0
770 1 421071 2200
771 0 20903397 0
772 1 861702 3944
773 0 20093335 0
774 0 22382131 0
775 0 21540175 0
776 1 671754 3066
777 0 20242145 0
778 0 19863034 0
779 1 676356 3063
780 0 21990557 0
781 0 19305762 0
782 0 20826307 0
783 0 20122559 0
784 0 21387200 0
785 0 22649476 0
786 1 677741 3129
787 0 21923411 0
788 1 856798 3961
789 1 190834 852
790 0 15438574 0
791 0 21082243 0
792 1 1123838 5206
793 0 19063665 0
794 1 149659 665
795 0 19439534 0
796 0 19833616 0
797 1 599058 2717
798 0 19669510 0
799 0 20725096 0
800 0 18683448 0
801 0 15596948 0
802 0 20113523 0
803 0 19234520 0
804 1 541159 2444
805 1 285796 1310
806 0 19517969 0
807 0 15728985 0
808 0 19652871 0
809 0 19577304 0
810 1 1200006 5547
811 1 609648 2819
812 0 18997649 0
813 0 22418500 0
814 1 230974 1174
815 1 212472 971
816 0 20532778 0
817 0 21322037 0
818 0 18948893 0
819 1 792909 3663
820 1 678462 3120
821 0 20426804 0
822 1 834798 4376
823 0 18608338 0
824 0 22232781 0
825 0 19781378 0
826 1 132832 589
827 0 15740371 0
828 0 18913996 0
829 1 526703 2406
830 1 521961 2389
831 1 409135 1870
832 0 15262736 0
833 1 166560 738
834 0 15593108 0
835 0 19300331 0
836 1 619055 2853
837 0 19056114 0
838 0 15367874 0
839 1 298865 1350
840 1 460894 2118
841 0 19557434 0
842 0 18861425 0
843 1 560761 2566
844 1 378562 1743
845 0 22471071 0
846 1 1314380 6113
847 0 19065816 0
848 0 20428480 0
849 1 282685 1284
850 0 19248588 0
851 0 18812371 0
852 1 929747 4270
853 0 21070636 0
854 0 20334395 0
855 1 1197457 5549
856 0 21591418 0
857 1 10078 19
858 1 814426 3757
859 0 20634604 0
860 0 20937436 0
861 0 20329578 0
862 0 21491753 0
863 0 19777473 0
864 0 21180713 0
865 1 692817 3585
866 1 157640 693
867 0 20290660 0
868 1 219926 960
869 0 19479393 0
870 0 22268747 0
871 0 20415816 0
872 0 22871681 0
873 0 15858560 0
874 0 15928077 0
875 0 19615003 0
876 1 1128944 5198
877 1 625732 2892
878 1 658852 3046
879 1 560507 2581
880 0 20190605 0
881 0 19867249 0
882 0 22168315 0
883 1 635222 2921
884 0 19058382 0
885 1 901388 4159
886 1 838030 3877
887 0 20168347 0
888 0 19240951 0
889 0 18777954 0
890 0 19296530 0
891 0 21802003 0
892 1 653208 2972
893 1 92205 410
894 1 112308 504
895 1 1021024 4727
896 1 552578 2548
897 0 19811534 0
898 0 21309224 0
899 1 837261 3875
900 1 687154 3171
901 1 938532 4342
902 0 20257100 0
903 1 902964 4172
904 1 663852 3045
905 0 18894893 0
906 0 20022374 0
907 0 19296033 0
908 0 15499469 0
909 1 357849 1638
910 0 20114839 0
911 1 438812 1991
912 0 19035113 0
913 0 19277547 0
914 0 22003293 0
915 0 20257344 0
916 1 331847 1700
917 1 528929 2444
918 0 20062037 0
919 1 854813 3951
920 1 467222 2161
921 0 18500702 0
922 0 18633039 0
923 0 18967144 0
924 0 22150763 0
925 0 19513128 0
926 0 15586234 0
927 0 18811879 0
928 0 19368181 0
929 0 15646233 0
930 0 20270451 0
931 0 22155945 0
932 1 604452 2770
933 1 650800 2995
934 0 22691285 0
935 0 19654058 0
936 0 15456467 0
937 0 20397117 0
938 0 19938674 0
939 0 18904817 0
940 0 15584422 0
941 1 599428 2754
942 1 907834 4170
943 1 501015 2302
944 1 386362 1756
945 0 19903774 0
946 1 510628 2333
947 0 20370840 0
948 0 19579991 0
949 0 20684490 0
950 0 21776397 0
951 0 15323312 0
952 0 20350720 0
953 0 22534374 0
954 0 22618308 0
955 1 538915 2464
956 0 22163212 0
957 0 22478826 0
958 0 21524817 0
959 1 885748 4066
960 0 21243778 0
961 0 20557293 0
962 0 20001161 0
963 0 21930707 0
964 1 559248 2533
965 0 19993992 0
966 0 21507747 0
967 0 15627505 0
968 0 22883967 0
969 0 22656592 0
970 0 20865039 0
971 0 15665992 0
972 1 117643 510
973 0 20834259 0
974 0 22974988 0
975 0 15536251 0
976 0 18136785 0
977 0 20554429 0
978 1 586451 2695
979 1 981345 4506
980 1 452541 2068
981 0 21196705 0
982 0 20665868 0
983 0 19926979 0
984 0 20483718 0
985 0 18518964 0
986 1 613749 2791
987 1 70439 314
988 1 430941 1971
989 1 1078473 5682
990 0 20440507 0
991 0 20228231 0
992 1 557702 2542
993 0 19848288 0
994 1 607255 2765
995 0 19583258 0
996 0 21215923 0
997 0 21424757 0
998 1 728979 3822
999 0 22480085 0
1000 0 19834158 0
1001 0 15683398 0
1002 0 19941579 0
1003 1 759106 3473
1004 0 22473655 0
1005 0 20111427 0
1006 0 21232458 0
1007 1 1158388 5336
1008 0 20397897 0
1009 1 508286 2476
1010 1 296577 1524
1011 1 416120 2141
1012 0 20847182 0
1013 1 470016 2142
1014 0 20722346 0
1015 1 25441 95
1016 0 19934767 0
1017 1 536356 2459
1018 0 19166999 0
1019 1 50888 196
1020 1 383965 2016
1021 1 823582 3789
1022 1 563833 2965
1023 0 19182033 0
1024 0 21132064 0
1025 0 21787211 0
1026 0 21906997 0
1027 0 21130130 0
1028 1 774516 3540
1029 0 22420923 0
1030 0 20066540 0
1031 0 15831094 0
1032 1 619424 3216
1033 1 330681 1514
1034 0 20773189 0
1035 1 412881 1881
1036 0 21416754 0
1037 1 692226 3178
1038 0 20214874 0
1039 0 21211918 0
1040 0 20005942 0
1041 0 22221719 0
1042 0 15373773 0
1043 0 19534423 0
1044 1 578545 2624
1045 1 406889 1851
1046 0 20128013 0
1047 0 20087704 0
1048 1 110479 555
1049 0 19780252 0
1050 1 763335 3509
1051 1 348845 1590
1052 0 21471688 0
1053 1 434701 1970
1054 0 22555094 0
1055 0 20520203 0
1056 1 398229 1791
1057 1 753095 3452
1058 0 15264172 0
1059 1 466897 2148
1060 1 919741 4250
1061 0 18856696 0
1062 1 1215406 5608
1063 0 18701227 0
1064 0 18713451 0
1065 1 689679 3170
1066 0 19908581 0
1067 1 856244 4476
1068 0 19571737 0
1069 0 19886431 0
1070 0 15734832 0
1071 1 425049 1935
1072 0 19422269 0
1073 0 21927547 0
1074 1 568609 2588
1075 0 21663383 0
1076 1 203253 908
1077 0 19897480 0
1078 0 19673744 0
1079 0 22354810 0
1080 0 19815843 0
1081 1 420000 1918
1082 0 20251515 0
1083 1 793772 3645
1084 1 904650 4148
1085 0 20078471 0
1086 0 19000815 0
1087 1 350107 1792
1088 1 534416 2466
1089 0 19809319 0
1090 0 18862018 0
1091 1 878281 4062
1092 1 685893 3169
1093 0 18816187 0
1094 0 19923647 0
1095 1 759608 3967
1096 1 700296 3668
1097 1 385394 1772
1098 0 20109952 0
1099 1 467421 2152
1100 1 503650 2627
1101 1 1151152 5317
1102 0 18292265 0
1103 1 1292351 5991
1104 0 19923658 0
1105 0 21867258 0
1106 1 598639 2762
1107 1 1351422 6266
1108 0 21460085 0
1109 0 21646139 0
1110 0 20383238 0
1111 1 225098 1020
1112 1 770276 3560
1113 0 21588576 0
1114 0 15128411 0
1115 1 153652 671
1116 1 299603 1374
1117 0 20617587 0
1118 0 21096006 0
1119 1 336897 1533
1120 1 562325 2588
1121 0 18702598 0
1122 0 19384656 0
1123 0 18197228 0
1124 1 321712 1459
1125 1 284800 1306
1126 0 15419864 0
1127 0 19069338 0
1128 0 22104272 0
1129 1 146272 648
1130 0 19407945 0
1131 1 572340 2642
1132 0 22348473 0
1133 1 542283 2490
1134 0 20890380 0
1135 0 18766500 0
1136 0 18820003 0
1137 0 18229805 0
1138 0 19652641 0
1139 0 19220123 0
1140 0 19691964 0
1141 0 19709066 0
1142 0 19653302 0
1143 0 19986404 0
1144 0 19309883 0
1145 1 460005 2099
1146 0 19506480 0
1147 0 20298095 0
1148 0 15615800 0
1149 1 252481 1303
1150 1 214482 949
1151 0 22053292 0
1152 0 15600594 0
1153 0 22154408 0
1154 1 446331 2032
1155 1 415937 1906
1156 1 938612 4296
1157 0 20437497 0
1158 0 19330794 0
1159 0 19037699 0
1160 1 666688 3061
1161 0 21879291 0
1162 0 18742040 0
1163 1 997921 4623
1164 0 20398380 0
1165 0 20573945 0
1166 0 20108978 0
1167 1 661122 3040
1168 0 20184819 0
1169 1 574779 2995
1170 0 19094992 0
1171 0 19472784 0
1172 0 20662787 0
1173 0 19808855 0
1174 1 867373 4011
1175 0 18206551 0
1176 0 20077544 0
1177 0 19255956 0
1178 1 1220409 5647
1179 1 659616 3031
1180 0 20202649 0
1181 0 19694388 0
1182 0 18539457 0
1183 1 394719 2033
1184 0 18592075 0
1185 0 19068117 0
1186 0 22285164 0
1187 0 20196655 0
1188 0 20185536 0
1189 1 1432405 6630
1190 0 18764284 0
1191 1 588976 2691
1192 0 18620107 0
1193 0 20159978 0
1194 0 21497390 0
1195 0 19731278 0
1196 1 409572 1868
1197 0 19120027 0
1198 0 19739957 0
1199 0 15723552 0
