0 0 19555005 0
1 0 18429783 0
2 1 816964 3779
3 1 1050619 4858
4 1 623254 2874
5 1 572469 2995
6 1 1018149 4717
7 0 19294657 0
8 0 15795299 0
9 0 19931271 0
10 0 18549377 0
11 0 20063729 0
12 1 1216172 5620
13 0 20295577 0
14 1 441410 2021
15 0 19104359 0
16 1 1158353 5332
17 1 355711 1630
18 0 19039710 0
19 0 15640543 0
20 0 19689969 0
21 1 743965 3430
22 1 385927 1777
23 1 621870 2873
24 1 1117221 5156
25 1 847481 3924
26 0 21876602 0
27 0 19266368 0
28 0 18350435 0
29 0 17365428 0
30 0 19135958 0
31 1 719707 3324
32 0 20147165 0
33 1 791646 3657
34 1 131966 588
35 1 720722 3329
36 0 19435489 0
37 0 20089745 0
38 1 646220 3386
39 0 19029144 0
40 0 19034956 0
41 0 21577058 0
42 0 22388054 0
43 0 21956614 0
44 0 21813903 0
45 0 15879539 0
46 1 1364522 6258
47 1 538953 2473
48 0 19347093 0
49 1 814369 3721
50 0 18911310 0
51 1 1301532 5985
52 1 700643 3190
53 0 21527623 0
54 0 15395966 0
55 0 20045746 0
56 1 1022639 5356
57 1 979184 4494
58 0 18598305 0
59 1 921185 4185
60 0 15641165 0
61 0 18545554 0
62 1 1240048 5700
63 0 18541924 0
64 0 19430763 0
65 0 21850968 0
66 0 15317037 0
67 0 19538316 0
68 1 1453900 6712
69 1 430629 1975
70 1 1067587 4947
71 0 20022946 0
72 0 19745448 0
73 0 20384125 0
74 1 1108225 5087
75 0 22669617 0
76 0 21274588 0
77 0 15433986 0
78 1 761173 3487
79 0 19880115 0
80 1 849397 3901
81 0 15250470 0
82 1 905195 4182
83 1 906805 4194
84 0 20652799 0
85 0 18434998 0
86 1 741541 3396
87 0 19049006 0
88 1 1592918 7347
89 0 18807591 0
90 0 19135453 0
91 0 15427731 0
92 1 1302060 5971
93 0 21121310 0
94 1 817675 4282
95 1 926905 4831
96 1 733817 3376
97 0 19820316 0
98 1 946794 4346
99 1 1122917 5177
100 0 21701087 0
101 1 1009575 4612
102 1 1561915 7226
103 1 1030440 4742
104 1 1036248 4775
105 1 1059289 4883
106 0 22643311 0
107 0 18444828 0
108 0 19738587 0
109 0 19434454 0
110 0 15500681 0
111 1 882594 4049
112 0 22356962 0
113 0 21603402 0
114 0 15489830 0
115 1 1081829 4972
116 1 1004356 4597
117 0 20150755 0
118 0 19677729 0
119 0 19709423 0
120 0 15489551 0
121 1 1211731 5543
122 1 1168066 5379
123 0 19474763 0
124 1 1132254 5179
125 1 838393 3862
126 1 961868 4438
127 0 21055617 0
128 0 20991437 0
129 0 21988814 0
130 1 877690 4031
131 0 23071178 0
132 0 15349759 0
133 0 20971040 0
134 1 713814 3276
135 0 22897979 0
136 1 985346 4523
137 1 948276 4977
138 1 614721 2819
139 0 22053265 0
140 0 20312004 0
141 1 856555 3928
142 1 966598 4432
143 1 490311 2240
144 1 843867 3880
145 1 664111 3059
146 0 20503258 0
147 0 21163661 0
148 0 21287038 0
149 1 1106283 5094
150 0 22333022 0
151 0 19830581 0
152 0 20538832 0
153 0 20210981 0
154 1 984689 4526
155 1 1071262 4934
156 0 20161456 0
157 0 20374050 0
158 1 655771 2980
159 0 20093346 0
160 0 22438019 0
161 1 526522 2414
162 0 19638821 0
163 0 19725965 0
164 1 877899 4007
165 0 22118578 0
166 0 21076363 0
167 0 20030235 0
168 0 21857656 0
169 0 20518630 0
170 0 22000954 0
171 0 19490939 0
172 0 19634498 0
173 0 22267659 0
174 0 22788605 0
175 0 22578977 0
176 0 15578906 0
177 1 181427 784
178 1 829749 3831
179 0 22665544 0
180 1 788740 3612
181 0 21874502 0
182 0 20491695 0
183 1 1260653 5781
184 1 558920 2564
185 1 741240 3404
186 1 926659 4266
187 0 21583881 0
188 1 843593 3878
189 0 22013831 0
190 1 507410 2308
191 1 1246443 5739
192 1 1358706 6263
193 0 15271976 0
194 1 956731 4404
195 0 22448837 0
196 0 21370016 0
197 0 15443804 0
198 0 21779639 0
199 0 18849063 0
200 0 15481593 0
201 1 1335249 6156
202 0 19862604 0
203 0 21443299 0
204 1 592149 3078
205 1 516280 2385
206 1 570917 2631
207 1 2031393 9371
208 0 20240257 0
209 0 19678677 0
210 0 15633571 0
211 0 19719995 0
212 0 19782475 0
213 1 1119884 5868
214 0 20555946 0
215 1 611632 2790
216 1 867154 3976
217 0 19732284 0
218 0 18796542 0
219 1 1052353 4843
220 0 19665245 0
221 1 867489 3989
222 0 18521054 0
223 1 618888 2855
224 0 18917629 0
225 0 15534290 0
226 1 846924 3877
227 0 19185367 0
228 1 726813 3336
229 0 22266989 0
230 1 954667 4408
231 1 1135138 5261
232 0 19386648 0
233 1 791358 3589
234 0 18787450 0
235 0 19593427 0
236 0 20212883 0
237 0 18982134 0
238 0 19269384 0
239 0 15706840 0
240 0 21787376 0
241 0 20719964 0
242 1 1707028 7926
243 0 19670720 0
244 1 1596346 7390
245 1 499027 2617
246 1 1263737 5854
247 0 18988006 0
248 0 19593786 0
249 0 21697553 0
250 1 212721 949
251 0 18894773 0
252 1 457146 2088
253 1 166673 759
254 0 18802892 0
255 1 778135 3579
256 1 540072 2477
257 0 15648336 0
258 0 22282389 0
259 0 15559105 0
260 0 18567827 0
261 1 572663 2616
262 0 19826473 0
263 0 21184808 0
264 0 19012507 0
265 1 866169 3971
266 0 21884471 0
267 0 15744982 0
268 1 843095 4413
269 0 22384378 0
270 1 543271 2442
271 1 23241 86
272 1 850708 3904
273 0 20620249 0
274 0 22047712 0
275 0 22079693 0
276 1 727309 3317
277 1 2506953 11522
278 0 22839423 0
279 0 22401797 0
280 1 529714 2380
281 0 22860682 0
282 0 22738088 0
283 0 22519414 0
284 1 339190 1522
285 0 20980377 0
286 0 19624981 0
287 0 19910369 0
288 1 22248 73
289 1 781670 3620
290 1 1365051 6164
291 1 727228 3369
292 1 416420 1921
293 0 19375638 0
294 1 870278 3988
295 0 18640183 0
296 0 20369513 0
297 1 369917 1650
298 0 19357465 0
299 0 20030030 0
300 0 21375991 0
301 1 693268 3174
302 1 718488 3325
303 1 938850 4344
304 1 379683 1718
305 1 1788601 8317
306 0 20910260 0
307 0 19475703 0
308 1 1341186 6189
309 1 771501 3502
310 0 19099050 0
311 1 108028 460
312 0 20058832 0
313 1 875669 4015
314 1 999344 4621
315 0 20195062 0
316 0 20249960 0
317 1 1128456 5218
318 0 22011143 0
319 0 22642352 0
320 0 20788865 0
321 1 783450 4086
322 1 1109522 5108
323 1 1122156 5176
324 0 15607220 0
325 0 19878795 0
326 0 20192605 0
327 0 15630523 0
328 0 19250571 0
329 1 804491 3709
330 1 729120 3366
331 1 765954 3543
332 0 20889565 0
333 0 15658026 0
334 0 19481274 0
335 0 19277554 0
336 1 858465 3948
337 0 19426309 0
338 1 1516017 7015
339 1 980013 5086
340 0 19443301 0
341 1 1198187 5528
342 0 20316013 0
343 1 956853 4398
344 0 20179336 0
345 1 914018 4215
346 1 311010 1427
347 1 944287 4356
348 0 19086522 0
349 0 20215688 0
350 0 18722776 0
351 0 21842588 0
352 1 669227 3026
353 0 18957181 0
354 1 1029399 4756
355 0 18527147 0
356 1 694343 3199
357 0 22656962 0
358 0 21137203 0
359 0 21851076 0
360 0 22416200 0
361 1 616382 2832
362 0 19512644 0
363 0 22389341 0
364 0 20124807 0
365 1 1024943 4735
366 1 375799 1733
367 1 909000 4179
368 0 22911010 0
369 1 143661 642
370 1 1259369 5814
371 1 161668 723
372 0 19670495 0
373 0 15874392 0
374 1 1717299 7950
375 0 19053257 0
376 1 1048514 4831
377 0 15640368 0
378 1 587287 2667
379 0 19290706 0
380 0 19957348 0
381 0 21292177 0
382 0 18817909 0
383 0 18849543 0
384 1 478454 2188
385 0 15633151 0
386 1 1073220 4970
387 1 666365 3068
388 1 264137 1206
389 1 884001 4059
390 0 19962555 0
391 0 20050560 0
392 0 20914442 0
393 1 611266 2813
394 0 22001523 0
395 0 19395972 0
396 1 1097916 5079
397 0 19446049 0
398 0 20101021 0
399 0 19403640 0
400 0 19379769 0
401 0 22643094 0
402 1 1441100 6663
403 0 19591358 0
404 1 548044 2505
405 1 660291 3044
406 0 19479094 0
407 0 18968611 0
408 0 19232636 0
409 1 175608 794
410 1 585340 2706
411 0 19155452 0
412 0 15740480 0
413 1 891109 4645
414 0 20627920 0
415 0 19728987 0
416 0 15554638 0
417 0 21361321 0
418 1 1148044 5290
419 0 22074765 0
420 0 21690108 0
421 0 20827085 0
422 0 21109042 0
423 1 59765 254
424 0 21932454 0
425 0 22562190 0
426 0 15625739 0
427 1 778756 3585
428 0 15663001 0
429 0 15762314 0
430 0 19677268 0
431 1 1343275 6214
432 1 872489 4040
433 1 750658 3440
434 1 908783 4206
435 0 19792324 0
436 0 19567399 0
437 0 19742422 0
438 0 20357086 0
439 1 536663 2472
440 0 15544235 0
441 0 19885058 0
442 0 19756247 0
443 1 1077461 4954
444 0 20148492 0
445 1 928237 4276
446 0 18635913 0
447 1 1046119 4820
448 0 20395482 0
449 0 21652567 0
450 0 19173361 0
451 0 18615482 0
452 1 1513573 6995
453 0 18544152 0
454 0 18767511 0
455 0 18676814 0
456 1 62779 248
457 1 998671 4623
458 1 891865 4124
459 0 19010967 0
460 1 854760 3940
461 0 19395581 0
462 1 238715 1195
463 1 1089303 5022
464 1 989834 4582
465 0 20476703 0
466 0 19960255 0
467 0 18932381 0
468 0 21359126 0
469 1 1217874 5614
470 1 729637 3377
471 0 19822532 0
472 1 935790 4296
473 1 966391 4470
474 1 1020694 4721
475 0 19474363 0
476 0 21322648 0
477 1 778877 3556
478 0 22254595 0
479 0 21489577 0
480 0 21440568 0
481 1 175624 887
482 0 22025657 0
483 1 42466 151
484 0 21509016 0
485 1 913606 4227
486 0 20251225 0
487 0 19839048 0
488 1 1664567 7676
489 0 19721619 0
490 1 611159 2822
491 0 20691179 0
492 1 505028 2305
493 0 20529600 0
494 1 1181644 6217
495 0 18892923 0
496 1 797013 3664
497 1 579367 2675
498 0 19522736 0
499 0 20446208 0
500 0 19814815 0
501 0 21680793 0
502 0 15787459 0
503 1 1124113 5189
504 1 695866 3208
505 1 560628 2570
506 1 708490 3264
507 1 789444 3641
508 1 753007 3952
509 1 850894 3943
510 0 19768951 0
511 1 48475 188
512 0 18728228 0
513 0 19741108 0
514 0 21391698 0
515 1 556691 2556
516 0 19903979 0
517 0 15850004 0
518 0 20833908 0
519 0 19461602 0
520 1 792699 3661
521 0 19725572 0
522 0 21151135 0
523 0 22081563 0
524 1 682608 3551
525 1 733645 3376
526 0 20034010 0
527 1 1574748 7264
528 0 21220025 0
529 1 2025212 9376
530 0 15573084 0
531 0 20433160 0
532 1 476785 2194
533 1 942382 4363
534 0 21539747 0
535 0 15391238 0
536 0 19073848 0
537 0 20509937 0
538 0 19410741 0
539 1 339953 1548
540 0 19758927 0
541 0 17916825 0
542 0 19360627 0
543 1 865927 3975
544 0 15184548 0
545 1 515504 2692
546 0 19921124 0
547 0 19453327 0
548 1 1085868 5011
549 0 19487875 0
550 0 18863799 0
551 0 18829061 0
552 1 1003450 4641
553 0 21178865 0
554 1 899691 4138
555 1 463535 2069
556 0 20181697 0
557 0 19365565 0
558 0 21593929 0
559 1 1051486 5534
560 0 19298695 0
561 0 18507375 0
562 1 1155023 5316
563 0 22161642 0
564 1 759832 3476
565 0 15570568 0
566 0 22642445 0
567 0 22581944 0
568 0 21871527 0
569 0 21253563 0
570 1 939130 4313
571 0 20311249 0
572 0 19573390 0
573 0 22431244 0
574 1 245233 1107
575 0 15257840 0
576 0 19671557 0
577 0 15597789 0
578 1 740931 3383
579 0 18938362 0
580 0 20892847 0
581 1 1133645 5206
582 0 20072377 0
583 0 19430758 0
584 0 19756369 0
585 1 335598 1522
586 0 18761530 0
587 0 19424231 0
588 0 20790488 0
589 0 20720220 0
590 0 18837191 0
591 1 832862 3827
592 1 676118 3113
593 0 19295280 0
594 1 762454 3489
595 0 22506862 0
596 1 856938 4459
597 1 1342216 6192
598 0 22119113 0
599 0 19980504 0
600 0 18781028 0
601 1 746509 3411
602 1 923284 4257
603 1 231619 1046
604 0 19201803 0
605 0 19417921 0
606 1 785663 3592
607 0 18513901 0
608 0 19375027 0
609 0 20359818 0
610 0 19507980 0
611 1 842012 3869
612 1 2133415 9822
613 0 20057089 0
614 0 19658785 0
615 1 885719 4076
616 1 459462 2102
617 1 1054438 4841
618 0 19328502 0
619 0 21929160 0
620 1 858874 4505
621 1 645106 2980
622 0 19575271 0
623 1 976441 4516
624 1 552748 2550
625 1 252106 1157
626 1 1299492 6032
627 0 18966564 0
628 0 15454880 0
629 0 20386697 0
630 0 18294741 0
631 0 19387009 0
632 1 958069 4439
633 1 743117 3414
634 0 15554414 0
635 1 827120 4316
636 1 786424 3633
637 1 1112038 5149
638 1 610342 2817
639 0 18943908 0
640 0 20246351 0
641 0 19563903 0
642 1 1143517 5282
643 0 19101742 0
644 1 915566 4235
645 0 19120214 0
646 1 1032469 4767
647 0 22507483 0
648 0 20514555 0
649 0 19822068 0
650 1 975731 4497
651 0 19997577 0
652 0 18558445 0
653 1 726587 3348
654 0 19272350 0
655 1 1875732 8628
656 1 887526 4109
657 1 1396739 6464
658 1 5324 13
659 1 1086545 5041
660 1 1103484 5108
661 1 839507 3884
662 1 912264 4221
663 1 927078 4286
664 0 19137730 0
665 0 18733611 0
666 1 830199 3829
667 0 21326581 0
668 0 21039444 0
669 0 19456246 0
670 0 17308121 0
671 1 927877 4262
672 0 19741059 0
673 1 1842611 8501
674 0 15664640 0
675 0 20094875 0
676 1 1039886 5452
677 0 22221557 0
678 1 694855 3169
679 1 590627 2713
680 0 19604405 0
681 0 22180266 0
682 1 666568 3044
683 0 21358204 0
684 0 19639163 0
685 0 21726360 0
686 1 1114786 5828
687 0 19683383 0
688 0 15660618 0
689 0 19989210 0
690 0 15528781 0
691 1 698643 3197
692 1 935989 4306
693 1 530778 2442
694 1 37413 161
695 1 835993 3852
696 0 18954300 0
697 0 15407950 0
698 0 19110989 0
699 0 22144463 0
700 1 243821 1087
701 0 21131458 0
702 0 22531446 0
703 1 842808 3879
704 0 19332413 0
705 0 19178582 0
706 1 762583 3492
707 0 20449187 0
708 0 20469922 0
709 0 15734552 0
710 1 1542655 7086
711 0 20344085 0
712 1 1286272 5928
713 0 19279015 0
714 0 19630090 0
715 0 19046764 0
716 0 19546277 0
717 0 19418172 0
718 0 19130529 0
719 1 1893625 8707
720 1 1997505 9204
721 1 927899 4275
722 0 21916657 0
723 0 17867963 0
724 0 22507975 0
725 0 15493246 0
726 1 778347 3577
727 0 20911593 0
728 1 18067 58
729 1 2158759 9941
730 0 19620393 0
731 1 1399263 6447
732 1 899350 4145
733 0 20013536 0
734 0 21366595 0
735 0 19976265 0
736 0 15632357 0
737 0 20689526 0
738 0 22458956 0
739 1 784592 3585
740 0 20036784 0
741 1 840828 4414
742 0 19675743 0
743 1 565000 2556
744 0 19380179 0
745 1 1740556 7979
746 0 22845717 0
747 0 22613172 0
748 1 311889 1419
749 0 22407113 0
750 1 749100 3435
751 0 15543133 0
752 1 516824 2370
753 0 22431877 0
754 0 22651369 0
755 1 220546 958
756 1 787283 3623
757 0 22989787 0
758 0 19011411 0
759 1 354875 1602
760 1 1148521 5300
761 0 19627849 0
762 0 22937748 0
763 0 20188108 0
764 1 472210 2155
765 1 895358 4132
766 0 19092184 0
767 1 954538 4384
768 1 1827665 8444
769 1 810188 3737
770 0 20035471 0
771 1 606968 2761
772 0 19197991 0
773 1 978042 4521
774 0 18546797 0
775 0 15383244 0
776 1 401639 1846
777 0 18876244 0
778 1 815113 3763
779 1 1299185 5998
780 1 593046 2736
781 1 409350 1868
782 1 643093 2973
783 0 18632005 0
784 0 19789142 0
785 1 1067517 4946
786 0 18538196 0
787 1 692419 3185
788 1 299877 1377
789 0 20718745 0
790 1 774291 3552
791 1 854442 3955
792 0 19907770 0
793 0 22015893 0
794 1 780213 3539
795 1 1122042 5199
796 1 980662 4538
797 1 475788 2192
798 1 746084 3437
799 1 835976 3863
800 0 18990442 0
801 0 22736605 0
802 0 20516122 0
803 0 19785650 0
804 1 932322 4319
805 0 20036649 0
806 0 18823510 0
807 1 219086 982
808 0 15652892 0
809 0 20272953 0
810 1 155824 702
811 0 19471822 0
812 0 15862798 0
813 0 20119307 0
814 1 825824 3816
815 1 87068 389
816 1 930351 4287
817 1 1107464 5132
818 0 19685075 0
819 1 697603 3195
820 1 280886 1285
821 0 19346924 0
822 1 181502 814
823 0 20892178 0
824 0 19114298 0
825 1 1077324 4967
826 0 15551827 0
827 0 21139985 0
828 1 704187 3228
829 1 816195 3779
830 1 102901 451
831 0 19432263 0
832 1 750884 3442
833 1 1238439 5704
834 1 561045 2590
835 0 19367516 0
836 1 367089 1672
837 1 1157057 5353
838 1 966637 4479
839 0 19785103 0
840 1 188333 845
841 1 221446 1013
842 0 19868915 0
843 1 568911 2602
844 0 19787641 0
845 0 20378857 0
846 1 819432 4243
847 0 19530688 0
848 0 19725293 0
849 0 21041797 0
850 1 579024 2991
851 0 19858202 0
852 0 19962454 0
853 1 1404946 6453
854 0 19522230 0
855 0 19310667 0
856 1 134080 600
857 0 19473559 0
858 1 766722 3534
859 1 1095883 5040
860 1 1610763 7476
861 0 21624848 0
862 0 19801237 0
863 0 20627767 0
864 1 919308 4250
865 0 20520252 0
866 1 828117 3825
867 1 412544 1895
868 1 963386 4438
869 1 480305 2205
870 0 22410673 0
871 0 22185909 0
872 0 15571026 0
873 0 22196366 0
874 0 15420627 0
875 1 711971 3279
876 1 13439 43
877 1 2244228 10440
878 0 22641406 0
879 0 20619115 0
880 0 22055467 0
881 0 15648824 0
882 1 570069 2616
883 1 1617172 7480
884 0 20363497 0
885 1 573493 2989
886 1 945280 4347
887 1 125982 568
888 1 88747 389
889 0 21969531 0
890 1 1202311 5546
891 0 19438303 0
892 0 18909125 0
893 0 20133847 0
894 1 1263402 5845
895 1 837420 3841
896 0 19944510 0
897 0 21211079 0
898 1 686933 3166
899 1 1180042 5468
900 0 19277143 0
901 1 139607 618
902 1 298940 1376
903 0 19056771 0
904 0 19869143 0
905 0 19129225 0
906 0 18567486 0
907 0 15355101 0
908 0 20491583 0
909 0 20247551 0
910 1 488049 2246
911 1 783682 3599
912 1 6579 14
913 0 18800507 0
914 0 22549361 0
915 0 22992345 0
916 0 21763259 0
917 0 19036446 0
918 1 271747 1231
919 1 1023370 4711
920 1 610963 2788
921 0 19870030 0
922 1 852086 4441
923 1 1003191 5265
924 1 509096 2302
925 0 17705139 0
926 1 284253 1267
927 0 20772393 0
928 1 582104 2655
929 0 19818370 0
930 1 1082168 4965
931 0 19709161 0
932 1 996332 4562
933 1 747056 3436
934 1 449130 2058
935 0 19790474 0
936 0 19041968 0
937 1 717750 3304
938 1 484961 2235
939 0 20087308 0
940 0 18519452 0
941 0 21062307 0
942 0 19544567 0
943 0 20728170 0
944 0 19987649 0
945 1 606930 2780
946 0 19711710 0
947 0 19375242 0
948 0 19417898 0
949 0 18663825 0
950 0 18968207 0
951 0 21510643 0
952 1 1093051 5059
953 0 20558187 0
954 0 15659167 0
955 0 19312398 0
956 1 597593 2738
957 0 20708715 0
958 1 1162338 5382
959 1 253582 1158
960 1 230141 1044
961 0 19130271 0
962 1 540284 2481
963 0 19785040 0
964 1 890238 4082
965 0 20463109 0
966 1 1555563 7208
967 1 1133243 5247
968 0 15729458 0
969 1 478468 2189
970 1 295363 1323
971 0 20741430 0
972 1 134350 603
973 1 641076 2943
974 1 1095259 5069
975 1 379809 1748
976 1 614706 2828
977 1 1816747 8424
978 0 20347655 0
979 1 798288 3698
980 1 133431 678
981 1 966525 4474
982 1 993789 4602
983 1 909397 4210
984 1 522433 2417
985 0 19058811 0
986 0 19984429 0
987 1 109576 481
988 0 21798312 0
989 1 1023893 4664
990 1 202794 919
991 1 607954 2794
992 1 375479 1728
993 0 22285748 0
994 0 22414604 0
995 0 19693198 0
996 0 20283209 0
997 1 428977 1956
998 1 154085 695
999 0 19957928 0
1000 1 955347 4398
1001 1 572469 2631
1002 1 308178 1399
1003 0 19552920 0
1004 1 1143302 5281
1005 0 15624863 0
1006 1 1208392 5567
1007 0 20306724 0
1008 0 22209183 0
1009 0 20270792 0
1010 1 774533 3577
1011 0 15322024 0
1012 1 681769 3138
1013 1 976558 4527
1014 0 19157301 0
1015 1 708523 3283
1016 1 533449 2424
1017 0 19943740 0
1018 0 20217323 0
1019 1 395484 1799
1020 1 1295875 6002
1021 0 18363240 0
1022 0 18719720 0
1023 1 1256917 5820
1024 1 552089 2548
1025 0 20501791 0
1026 0 18695295 0
1027 0 19379305 0
1028 0 22163165 0
1029 0 19877962 0
1030 0 18150363 0
1031 0 19318323 0
1032 1 1232819 5695
1033 0 17873084 0
1034 0 18778472 0
1035 0 21259253 0
1036 1 388908 1787
1037 0 20318600 0
1038 0 18915347 0
1039 1 1182533 5418
1040 0 20631703 0
1041 0 18661999 0
1042 0 22164891 0
1043 0 21284110 0
1044 0 20401901 0
1045 0 15606715 0
1046 0 21032726 0
1047 0 20632348 0
1048 0 22621257 0
1049 1 155448 657
1050 0 22238766 0
1051 0 21841974 0
1052 0 22269148 0
1053 0 22678560 0
1054 0 22641210 0
1055 1 1103643 5110
1056 1 774171 4051
1057 0 15454330 0
1058 0 22730318 0
1059 0 22809620 0
1060 1 523924 2402
1061 0 20307159 0
1062 1 622112 2865
1063 0 21213929 0
1064 0 20891929 0
1065 1 1410572 6522
1066 0 17708456 0
1067 0 20276772 0
1068 0 21776014 0
1069 1 900065 4141
1070 0 20344706 0
1071 0 22523661 0
1072 1 590946 2682
1073 0 19161570 0
1074 1 917180 4820
1075 1 46629 180
1076 1 277856 1282
1077 1 779561 3584
1078 0 20026419 0
1079 1 1541726 7103
1080 0 20134721 0
1081 0 21599524 0
1082 0 19715429 0
1083 1 444180 2028
1084 0 21412877 0
1085 0 20683558 0
1086 1 771674 3538
1087 0 19578295 0
1088 1 670849 3038
1089 0 20338575 0
1090 0 22146557 0
1091 0 22725489 0
1092 0 21940353 0
1093 0 21098149 0
1094 0 20402226 0
1095 0 22789081 0
1096 0 22402313 0
1097 0 21404189 0
1098 1 725702 3312
1099 1 1134195 5222
1100 0 22109664 0
1101 0 22294486 0
1102 1 1643225 7450
1103 0 22172932 0
1104 1 78939 336
1105 0 19292721 0
1106 1 845365 3895
1107 0 22646296 0
1108 0 19185584 0
1109 1 517002 2347
1110 0 20953548 0
1111 0 21166481 0
1112 0 21537161 0
1113 0 20766042 0
1114 0 19898702 0
1115 1 618816 3246
1116 0 19266080 0
1117 1 596550 2704
1118 0 15318679 0
1119 0 19474377 0
1120 0 20250092 0
1121 1 729497 3348
1122 0 18909668 0
1123 1 1095865 5050
1124 1 658995 3038
1125 0 19356233 0
1126 0 19711241 0
1127 0 15614922 0
1128 1 208544 950
1129 1 1091885 5068
1130 1 512272 2361
1131 1 505173 2329
1132 1 835507 3871
1133 1 1536484 7052
1134 1 685095 3173
1135 1 586614 2702
1136 1 1055543 5524
1137 0 19243371 0
1138 0 19691080 0
1139 0 21276648 0
1140 0 19789107 0
1141 0 18639269 0
1142 0 19517178 0
1143 1 1017517 4695
1144 0 19493695 0
1145 0 15457828 0
1146 0 20789695 0
1147 1 659269 3437
1148 1 296851 1337
1149 0 18995024 0
1150 1 1200728 6297
1151 1 533126 2460
1152 0 15676464 0
1153 0 20013205 0
1154 1 1221686 5649
1155 0 15635539 0
1156 1 493294 2226
1157 0 19167107 0
1158 0 18875183 0
1159 0 15546673 0
1160 0 20347867 0
1161 1 910736 4214
1162 0 20128139 0
1163 1 1438349 6649
1164 0 21926489 0
1165 0 20565467 0
1166 0 21088944 0
1167 0 20099954 0
1168 0 20037855 0
1169 1 243858 1098
1170 0 20586098 0
1171 1 903310 4736
1172 0 20005409 0
1173 0 20329161 0
1174 0 19797974 0
1175 1 532065 2435
1176 0 19108980 0
1177 0 19719910 0
1178 0 19086480 0
1179 0 18658972 0
1180 0 19758168 0
1181 0 21573324 0
1182 1 1591609 7359
1183 1 624033 2885
1184 1 1137229 5269
1185 1 750541 3464
1186 1 1405088 6523
1187 1 1123954 5193
1188 1 791227 3649
1189 0 19541405 0
1190 1 10898 28
1191 0 19129623 0
1192 1 651965 2997
1193 1 1319243 6082
1194 1 671867 3103
1195 0 19366926 0
1196 1 743585 3434
1197 0 21675166 0
1198 1 942051 4927
1199 0 19070400 0
0 1 690448 3148
1 1 882006 4072
2 1 357251 1644
3 0 20124714 0
4 0 22012627 0
5 1 694233 3617
6 1 842041 3886
7 0 19390793 0
8 0 21749401 0
9 1 598936 2719
10 0 19298689 0
11 0 18894237 0
12 0 19344133 0
13 0 20884517 0
14 0 19149122 0
15 0 19771716 0
16 1 910248 4195
17 1 1037562 4797
18 0 17471338 0
19 1 803564 3680
20 0 19154058 0
21 1 101697 490
22 0 18499114 0
23 0 21688118 0
24 0 19204095 0
25 0 21189931 0
26 0 20392584 0
27 0 15510265 0
28 1 1197841 5542
29 0 19701418 0
30 0 21474346 0
31 0 20589961 0
32 1 1135194 5230
33 0 21139814 0
34 0 15245231 0
35 0 15470702 0
36 0 19862501 0
37 0 19345788 0
38 1 1033932 4740
39 0 23210993 0
40 1 1402310 6466
41 1 565190 2601
42 0 18906042 0
43 0 20903817 0
44 1 887434 4104
45 1 686418 3178
46 0 19487230 0
47 0 15593993 0
48 1 1447050 6688
49 0 19244334 0
50 0 19073881 0
51 1 625774 2872
52 0 19099449 0
53 1 1228444 5645
54 0 19629249 0
55 0 20058229 0
56 1 797874 3645
57 0 19028564 0
58 1 845716 3884
59 0 21609495 0
60 0 20379647 0
61 0 19862166 0
62 0 19422507 0
63 1 887455 4636
64 0 18858864 0
65 0 18706238 0
66 1 1033085 4764
67 0 15502254 0
68 1 1004054 4616
69 1 789073 3626
70 0 19062358 0
71 1 1356487 6259
72 0 18922631 0
73 0 19827219 0
74 0 15663140 0
75 0 18468829 0
76 1 337879 1537
77 1 665047 3496
78 1 298916 1359
79 1 465743 2445
80 0 19747694 0
81 1 828135 3796
82 0 22287981 0
83 0 15457350 0
84 1 419575 1880
85 0 20636787 0
86 1 1799854 8295
87 0 19208491 0
88 1 236273 1036
89 0 19189499 0
90 1 553136 2507
91 1 843284 3867
92 0 20761122 0
93 0 20239185 0
94 0 19929823 0
95 0 18767029 0
96 1 796960 3604
97 0 19296287 0
98 0 19305739 0
99 1 1830127 8437
100 1 898765 4132
101 1 1143631 5269
102 0 19294370 0
103 0 22545908 0
104 0 22533583 0
105 0 18576285 0
106 0 15819251 0
107 1 424666 2202
108 0 19279950 0
109 0 19083737 0
110 1 1071481 4878
111 0 19325348 0
112 0 19266344 0
113 1 706963 3235
114 0 15506236 0
115 0 15709081 0
116 1 400382 1822
117 1 1493287 6891
118 1 304709 1401
119 1 735131 3399
120 0 19457604 0
121 0 22183590 0
122 0 20857389 0
123 1 640703 2934
124 0 19807658 0
125 0 19747650 0
126 1 880792 4058
127 1 985190 4472
128 1 1204560 5554
129 0 19309758 0
130 0 19222132 0
131 0 15460524 0
132 1 259965 1178
133 0 20104553 0
134 0 20016109 0
135 0 15656786 0
136 0 18758510 0
137 0 18356304 0
138 0 19268213 0
139 0 16010974 0
140 0 15437607 0
141 1 903807 4164
142 1 495667 2290
143 0 19067434 0
144 0 15507993 0
145 0 19893256 0
146 0 15528073 0
147 1 125002 545
148 1 959306 4435
149 0 18825884 0
150 0 19237429 0
151 0 18739600 0
152 1 570433 2631
153 0 20069125 0
154 0 19201294 0
155 1 1120630 5155
156 1 585278 2698
157 1 1414784 6571
158 1 992134 4590
159 1 764038 3483
160 0 18409076 0
161 0 15498561 0
162 1 894206 4100
163 1 597902 2735
164 1 489008 2205
165 0 19024262 0
166 0 18658147 0
167 0 15603661 0
168 0 19171480 0
169 1 1090972 4980
170 0 19400082 0
171 0 19203670 0
172 1 866866 3994
173 0 19412005 0
174 0 15615090 0
175 1 888449 4640
176 0 17962234 0
177 1 1152133 5325
178 1 650345 3005
179 1 1442884 6681
180 0 18524835 0
181 0 19474231 0
182 1 471448 2143
183 1 1583493 7363
184 0 18996476 0
185 1 719471 3301
186 1 1002173 5256
187 1 614911 2837
188 0 18922132 0
189 1 1077267 4957
190 0 20080573 0
191 0 19665983 0
192 0 19253818 0
193 0 18541068 0
194 1 794008 4157
195 0 18540349 0
196 1 1064198 4922
197 0 20117971 0
198 0 15118631 0
199 0 19987971 0
200 0 22410557 0
201 1 859079 3965
202 0 17399698 0
203 1 495460 2275
204 0 22327429 0
205 1 246223 1267
206 0 21572544 0
207 1 1245743 5734
208 0 19649293 0
209 0 18572159 0
210 1 1086439 5000
211 0 18953628 0
212 1 1157411 5310
213 0 15640191 0
214 1 716466 3281
215 0 20068663 0
216 0 18757709 0
217 0 19511878 0
218 0 15569151 0
219 0 21566799 0
220 0 18272956 0
221 0 19104203 0
222 1 1045311 4793
223 0 19450168 0
224 0 20031380 0
225 0 19800724 0
226 1 704530 3228
227 1 2260747 10419
228 1 690302 3176
229 1 1066675 4921
230 0 15508477 0
231 0 19233979 0
232 0 20567488 0
233 1 882933 4041
234 1 725101 3328
235 0 19376882 0
236 0 19732772 0
237 0 19909169 0
238 1 524368 2392
239 1 785527 3612
240 0 19384527 0
241 1 748379 3433
242 0 20244944 0
243 0 22597851 0
244 1 1548500 7139
245 1 924364 4253
246 0 18998551 0
247 0 19920072 0
248 0 19828802 0
249 1 1141777 5252
250 0 18548321 0
251 1 774587 3553
252 0 17724199 0
253 0 20444370 0
254 1 657684 3010
255 0 20523041 0
256 0 21415960 0
257 0 22140520 0
258 1 548295 2516
259 0 19883271 0
260 1 343173 1548
261 0 22242850 0
262 1 735306 3370
263 1 857222 3859
264 0 20306533 0
265 0 20434008 0
266 0 20386730 0
267 1 1239024 5718
268 0 20784724 0
269 0 21530482 0
270 0 19929194 0
271 1 1138988 5215
272 1 814908 3745
273 0 19649027 0
274 1 964813 4430
275 0 21736076 0
276 1 970180 4450
277 0 20897431 0
278 1 1447099 6622
279 0 20012267 0
280 0 20046179 0
281 1 494951 2233
282 1 2010939 9244
283 0 18570468 0
284 0 15476976 0
285 1 947629 4376
286 1 1554664 7172
287 0 18848758 0
288 0 20644696 0
289 0 18738585 0
290 0 17130303 0
291 1 1445554 6681
292 0 19024754 0
293 0 15265521 0
294 1 784055 3618
295 0 20597312 0
296 1 408832 1830
297 0 19518255 0
298 0 19071580 0
299 1 721745 3333
300 0 18963935 0
301 0 18387798 0
302 0 21816279 0
303 0 19829264 0
304 1 727454 3346
305 1 985330 4557
306 0 20109795 0
307 1 845666 3909
308 1 465958 2443
309 0 19525674 0
310 0 18292535 0
311 0 15601406 0
312 0 19529168 0
313 1 955258 4409
314 1 850333 3926
315 1 1572798 7295
316 0 18842699 0
317 0 20498132 0
318 0 19880011 0
319 1 1304578 6037
320 0 18462230 0
321 1 979819 4533
322 0 19534992 0
323 0 19724236 0
324 0 19031218 0
325 1 1180009 5464
326 0 19168240 0
327 0 21549040 0
328 1 1202777 5558
329 0 21009118 0
330 1 899762 4158
331 0 19382618 0
332 1 476471 2190
333 1 873079 4565
334 0 19865248 0
335 1 587008 3030
336 1 1508574 6955
337 1 1676770 7770
338 1 11624 40
339 0 17765716 0
340 0 21419452 0
341 1 640492 3352
342 0 19648472 0
343 1 593098 2707
344 1 288685 1325
345 0 20252118 0
346 0 20076124 0
347 1 1149871 5304
348 1 1303701 6839
349 0 21958224 0
350 0 16762853 0
351 0 19861495 0
352 1 801033 4184
353 1 1435917 6645
354 1 506087 2341
355 1 724087 3779
356 0 20532205 0
357 0 19400099 0
358 0 21780880 0
359 0 20403733 0
360 1 819613 3725
361 0 19587357 0
362 0 18395351 0
363 0 15570400 0
364 0 15319932 0
365 1 506035 2617
366 1 1151426 5333
367 0 19038266 0
368 1 620542 2815
369 1 715267 3311
370 1 839277 3881
371 1 1120604 5163
372 1 621559 2875
373 0 19264598 0
374 0 20226615 0
375 1 942352 4348
376 0 18245218 0
377 0 20824021 0
378 1 565436 2606
379 0 19891930 0
380 1 580360 2654
381 1 754020 3960
382 1 866049 4001
383 0 18411817 0
384 0 15567800 0
385 0 18690493 0
386 0 18881772 0
387 0 15743258 0
388 0 19334750 0
389 1 250175 1140
390 0 19210842 0
391 0 18983883 0
392 0 20385121 0
393 1 895211 4110
394 1 1995495 9241
395 1 568404 2621
396 0 19143520 0
397 0 19031611 0
398 1 839921 3844
399 1 1071972 4942
400 0 21806053 0
401 1 998326 4606
402 1 511321 2352
403 1 1656886 7677
404 0 21375748 0
405 0 20665780 0
406 0 15443964 0
407 0 19117332 0
408 0 19364965 0
409 1 1303014 6016
410 1 1087833 5031
411 0 19920569 0
412 0 19114900 0
413 0 21090728 0
414 0 19948736 0
415 0 22309854 0
416 0 19606398 0
417 0 15694579 0
418 1 921096 4251
419 1 324490 1692
420 0 19317619 0
421 0 21393262 0
422 1 514548 2347
423 0 19336888 0
424 0 21120654 0
425 0 20105472 0
426 0 19556683 0
427 1 891900 4112
428 0 20077835 0
429 0 20318390 0
430 0 20846618 0
431 1 893441 4097
432 0 19764032 0
433 0 19461318 0
434 1 288928 1289
435 1 845169 3871
436 1 345374 1587
437 0 19907458 0
438 1 735169 3394
439 1 879127 4065
440 0 19530417 0
441 0 19465159 0
442 1 399378 1831
443 1 1151716 5338
444 1 892649 4701
445 0 16777141 0
446 1 956936 4424
447 0 20008028 0
448 1 1335929 6173
449 1 777758 3597
450 0 22255393 0
451 0 21215136 0
452 1 991779 4572
453 1 581380 2681
454 1 1298676 6000
455 1 759775 3515
456 1 594239 2721
457 0 20978499 0
458 0 18811728 0
459 1 934015 4292
460 1 866747 4559
461 0 19373682 0
462 0 20006655 0
463 0 21969699 0
464 0 18659104 0
465 0 20157347 0
466 1 854958 4462
467 0 19276280 0
468 0 15679885 0
469 1 1340880 7027
470 0 18695159 0
471 1 1240585 5723
472 1 1119989 5149
473 0 18666536 0
474 0 19803500 0
475 0 19333326 0
476 1 419920 1923
477 0 15410309 0
478 0 16975906 0
479 0 22935827 0
480 1 835414 3828
481 1 633167 2909
482 0 15430684 0
483 0 16811162 0
484 0 15310348 0
485 1 1019218 4691
486 0 18754409 0
487 0 19480184 0
488 0 19137990 0
489 1 1621724 7501
490 1 963531 4460
491 0 19217233 0
492 0 18637445 0
493 0 19671933 0
494 0 19928988 0
495 1 546213 2513
496 0 20040594 0
497 0 20797197 0
498 1 260251 1194
499 0 19828015 0
500 1 727685 3359
501 0 19433941 0
502 1 877646 4059
503 0 20259546 0
504 1 847423 3918
505 0 19796986 0
506 1 1130620 5221
507 1 845909 3901
508 0 18988973 0
509 0 15667265 0
510 1 1170777 5408
511 0 19804199 0
512 1 859139 4469
513 0 21971619 0
514 1 1755636 8133
515 1 1108103 5122
516 1 685656 3159
517 0 19612958 0
518 1 1120706 5179
519 1 1031191 4771
520 1 771635 3576
521 0 19510369 0
522 0 20801634 0
523 1 1412859 6509
524 0 22340385 0
525 1 516042 2363
526 1 543930 2517
527 1 149693 671
528 0 22053522 0
529 1 1923353 8930
530 0 20484697 0
531 1 1169286 5408
532 1 611528 3200
533 1 933917 4245
534 0 19540100 0
535 0 18638501 0
536 1 594307 2734
537 0 15754471 0
538 1 1315216 6088
539 0 20438686 0
540 1 717390 3301
541 0 19134175 0
542 1 580343 2649
543 1 1283185 5886
544 0 19455159 0
545 1 778808 3559
546 1 1693968 7838
547 0 18815682 0
548 0 19502910 0
549 1 888387 4097
550 0 15459537 0
551 0 22081376 0
552 0 15462130 0
553 1 540789 2478
554 0 18698288 0
555 1 552794 2516
556 1 523835 2405
557 0 19062810 0
558 1 774161 3541
559 1 301528 1369
560 0 19081461 0
561 1 846401 3858
562 1 1167585 5373
563 0 15517510 0
564 0 18975194 0
565 1 648760 2968
566 1 28730 118
567 0 19367118 0
568 0 19444762 0
569 1 869688 3978
570 0 19699157 0
571 0 19186384 0
572 0 18938786 0
573 0 18971127 0
574 1 1762868 8147
575 0 18834892 0
576 1 1232777 5657
577 0 18304762 0
578 0 21153470 0
579 1 490129 2236
580 0 21965386 0
581 0 19363531 0
582 1 594675 2722
583 0 21886300 0
584 0 20072514 0
585 1 1305782 6011
586 0 22547869 0
587 0 20578898 0
588 0 20907356 0
589 1 514901 2362
590 0 20789657 0
591 0 20621549 0
592 0 21047807 0
593 1 724754 3261
594 0 20240081 0
595 0 20603924 0
596 0 15543276 0
597 1 752636 3432
598 1 1065262 4924
599 1 1063860 4907
600 1 873229 4045
601 0 19874202 0
602 1 1092346 5034
603 1 1473812 6835
604 0 19750658 0
605 0 19482262 0
606 1 401854 1835
607 1 394698 1815
608 1 1136183 5253
609 0 19406891 0
610 0 18682692 0
611 0 20205661 0
612 0 15367891 0
613 0 19598105 0
614 0 15591364 0
615 1 928731 4261
616 0 18846299 0
617 1 775687 3554
618 1 1250783 5800
619 0 21747362 0
620 1 874741 4007
621 0 22058440 0
622 0 22421966 0
623 1 410634 1877
624 0 21350691 0
625 0 21627106 0
626 0 19270820 0
627 0 18617048 0
628 1 1192158 5509
629 1 1216837 5636
630 1 1934553 8997
631 1 1440903 6686
632 1 925953 4282
633 1 129376 579
634 1 299653 1539
635 0 19403197 0
636 0 19131112 0
637 0 19378385 0
638 0 15190789 0
639 0 22707264 0
640 0 22259270 0
641 1 260108 1341
642 1 495410 2265
643 0 17902398 0
644 1 994836 4570
645 0 20392323 0
646 0 18930880 0
647 0 19579565 0
648 1 1717692 7876
649 0 19464448 0
650 1 596332 2728
651 0 19331388 0
652 0 19634662 0
653 1 1440736 6635
654 0 19146827 0
655 0 19776651 0
656 1 130532 565
657 0 19352002 0
658 1 869842 3987
659 0 18991617 0
660 0 15342804 0
661 0 19584902 0
662 1 1123499 5181
663 1 145454 659
664 0 18937575 0
665 1 916310 4213
666 1 1137177 5266
667 1 985114 4566
668 1 335985 1543
669 1 1177130 5438
670 1 875159 4041
671 1 749988 3469
672 1 698073 3212
673 1 4208 5
674 0 19173036 0
675 1 1367827 6305
676 0 21329217 0
677 1 1027540 4734
678 0 19304608 0
679 1 950812 4366
680 0 19383930 0
681 0 16080095 0
682 1 559547 2519
683 0 21730831 0
684 1 1646096 7611
685 0 18538115 0
686 1 1146628 5282
687 0 19104622 0
688 0 21882266 0
689 0 20442221 0
690 1 173864 778
691 0 21216577 0
692 0 18834472 0
693 0 21807343 0
694 0 19882327 0
695 1 525585 2419
696 0 18720981 0
697 0 20183635 0
698 0 22158736 0
699 0 15832568 0
700 1 16861 55
701 1 897323 4157
702 0 15424312 0
703 0 19564664 0
704 0 22590686 0
705 1 727553 3337
706 1 409967 1875
707 1 884884 4082
708 1 1051566 4863
709 1 792386 3662
710 0 20746252 0
711 1 946918 4948
712 0 22606332 0
713 0 20083323 0
714 0 19435058 0
715 1 1410144 6489
716 1 913366 4224
717 0 19237456 0
718 0 21209953 0
719 0 18925745 0
720 0 21712416 0
721 1 755526 3479
722 0 15434767 0
723 0 20937168 0
724 0 15388890 0
725 0 19968553 0
726 1 1436345 6623
727 0 20657894 0
728 0 15353581 0
729 0 20302094 0
730 0 21735349 0
731 0 22045435 0
732 0 19990085 0
733 1 518590 2365
734 1 899492 4150
735 1 916292 4214
736 1 771085 3552
737 1 308392 1404
738 1 623529 2871
739 1 388590 1775
740 0 22416276 0
741 1 611377 3189
742 1 638749 2942
743 1 482963 2194
744 0 20673957 0
745 1 1130466 5942
746 1 872389 4020
747 1 865621 3986
748 0 19610515 0
749 0 20037431 0
750 0 19326498 0
751 1 1123249 5178
752 0 20606252 0
753 0 21895465 0
754 1 795291 3648
755 0 19966203 0
756 0 19438861 0
757 0 19032003 0
758 1 457864 2089
759 1 912912 4189
760 0 19115467 0
761 1 1055926 4837
762 1 741094 3412
763 0 19356868 0
764 1 1429652 6617
765 1 1000141 4599
766 1 1132903 5206
767 0 20460322 0
768 1 1063119 4902
769 1 732338 3388
770 1 196100 891
771 0 21715623 0
772 0 21779019 0
773 0 22198758 0
774 1 869240 3959
775 1 919313 4824
776 0 21932968 0
777 0 21979985 0
778 1 1384558 6418
779 1 839731 4383
780 1 1147842 5299
781 0 22173424 0
782 0 22593292 0
783 1 1049029 4849
784 0 21710380 0
785 0 20726327 0
786 0 19700140 0
787 0 15302076 0
788 0 21080269 0
789 1 37153 147
790 0 19268947 0
791 0 20769457 0
792 1 681070 3106
793 1 868377 3993
794 1 1451080 6674
795 1 854023 3941
796 1 1044633 4826
797 0 19401421 0
798 0 19688230 0
799 0 21398828 0
800 1 686452 3154
801 0 19842282 0
802 0 18806877 0
803 0 19895581 0
804 0 18888742 0
805 1 800170 3688
806 1 111738 503
807 0 18460626 0
808 0 18765507 0
809 1 968197 4439
810 0 22293064 0
811 0 18351355 0
812 0 18625345 0
813 1 466526 2102
814 0 19222001 0
815 0 15482265 0
816 0 19564603 0
817 1 1685786 7724
818 0 19223619 0
819 1 770516 3527
820 0 19278795 0
821 0 18609963 0
822 0 18468545 0
823 0 20209110 0
824 1 1095560 5047
825 1 848237 3922
826 0 15675526 0
827 0 15589254 0
828 0 18475364 0
829 0 18300822 0
830 0 20548501 0
831 1 542565 2503
832 0 20087617 0
833 0 15396073 0
834 1 760436 3493
835 0 19323782 0
836 0 20660573 0
837 1 256751 1168
838 0 19071137 0
839 0 19664621 0
840 0 21278776 0
841 1 1186122 5481
842 0 19452717 0
843 1 334093 1715
844 1 1170823 5420
845 0 20823478 0
846 0 19371458 0
847 0 21015180 0
848 1 1167343 5395
849 1 555769 2509
850 1 94323 417
851 0 19460582 0
852 0 15333100 0
853 0 19667714 0
854 0 20282242 0
855 1 335875 1503
856 0 15510167 0
857 0 15588578 0
858 1 441557 2015
859 0 16566578 0
860 1 244389 1098
861 1 157388 712
862 0 18538291 0
863 1 415259 1889
864 1 366812 1684
865 0 18999999 0
866 1 1279226 6713
867 1 541070 2455
868 1 863277 3995
869 0 17816075 0
870 1 754721 3476
871 1 791053 3646
872 1 190863 860
873 1 268336 1184
874 0 20295436 0
875 1 342876 1549
876 1 469895 2171
877 0 21605149 0
878 1 873895 4027
879 1 619821 2854
880 1 649246 2996
881 1 209166 960
882 1 1386794 6575
883 0 19967158 0
884 0 19990166 0
885 0 15402887 0
886 0 20515369 0
887 1 318568 1423
888 1 813706 3766
889 1 778947 3599
890 1 1151762 5329
891 0 19818523 0
892 1 537540 2459
893 1 1156476 5370
894 0 19528540 0
895 0 22521710 0
896 0 19975669 0
897 0 19204112 0
898 1 804987 3712
899 1 823086 3820
900 1 577204 2666
901 1 909800 4205
902 0 18860374 0
903 1 798221 3652
904 0 20758913 0
905 0 21652334 0
906 1 745965 3421
907 0 18943041 0
908 1 1503876 6913
909 0 19266622 0
910 1 1035058 4760
911 0 18906368 0
912 1 353585 1602
913 0 19380319 0
914 0 19439221 0
915 0 20315398 0
916 1 534425 2790
917 0 18984916 0
918 1 990668 4572
919 1 777183 3596
920 1 402268 1850
921 0 19789771 0
922 0 15701155 0
923 0 15351556 0
924 1 646922 2968
925 1 45594 188
926 1 260464 1172
927 1 377198 1730
928 0 19916238 0
929 0 19942660 0
930 0 19703325 0
931 1 944340 4368
932 0 20153842 0
933 0 19730680 0
934 0 19835521 0
935 0 20269824 0
936 0 22542012 0
937 1 968517 4434
938 1 968333 4448
939 1 396347 1793
940 1 63923 283
941 0 19100496 0
942 0 15694319 0
943 1 639859 2938
944 1 845542 3891
945 1 757296 3466
946 1 212421 956
947 0 18853582 0
948 0 15372482 0
949 0 18759832 0
950 1 928260 4268
951 0 18840491 0
952 0 19667057 0
953 1 935431 4297
954 0 18658406 0
955 0 18652792 0
956 1 795268 3611
957 0 22058373 0
958 0 20146524 0
959 0 19775025 0
960 1 776022 3569
961 0 16437587 0
962 0 19060789 0
963 0 19605155 0
964 0 17032455 0
965 0 19103216 0
966 0 18349912 0
967 0 21017305 0
968 0 21111767 0
969 0 15696771 0
970 1 1303497 5983
971 0 19260111 0
972 1 69031 292
973 1 789799 3625
974 0 19018752 0
975 1 1418671 6535
976 1 645787 2965
977 0 22363865 0
978 1 832782 3807
979 0 21199530 0
980 1 655005 2999
981 1 453985 2083
982 1 1141653 5997
983 0 20714838 0
984 1 946028 4326
985 1 772277 3551
986 1 480306 2524
987 0 21344058 0
988 1 434025 1948
989 0 15596218 0
990 0 20997161 0
991 1 580567 3002
992 1 1006470 4638
993 0 19780115 0
994 1 842589 3859
995 1 907797 4150
996 0 19549083 0
997 1 585588 2676
998 1 881644 4004
999 0 22297234 0
1000 0 22048122 0
1001 1 953897 4369
1002 1 235453 1073
1003 0 19751195 0
1004 1 760303 3478
1005 0 15715578 0
1006 0 19209476 0
1007 0 22312540 0
1008 0 20563968 0
1009 0 19485674 0
1010 0 22171815 0
1011 1 608750 2769
1012 0 20244693 0
1013 1 1530595 7054
1014 1 614024 2824
1015 0 20651712 0
1016 1 200688 888
1017 1 611895 2805
1018 1 475021 2177
1019 1 531149 2428
1020 1 703797 3238
1021 0 22216862 0
1022 1 776128 3556
1023 0 21313865 0
1024 1 1209898 5551
1025 0 19513660 0
1026 0 20512932 0
1027 0 15398050 0
1028 0 19029610 0
1029 1 898678 4090
1030 0 19435125 0
1031 1 2013448 9231
1032 0 19153786 0
1033 1 1658943 7637
1034 1 593360 2733
1035 1 221974 1005
1036 1 956013 4404
1037 1 738787 3321
1038 1 958337 4417
1039 1 1763670 8109
1040 1 587321 2681
1041 1 1107614 5079
1042 0 19496261 0
1043 0 20807537 0
1044 0 19146758 0
1045 0 22142470 0
1046 0 21623911 0
1047 0 15616614 0
1048 1 764309 3495
1049 0 19575763 0
1050 1 738858 3371
1051 0 22516146 0
1052 1 677178 3106
1053 0 21803788 0
1054 1 1099604 5049
1055 0 23115615 0
1056 1 344336 1549
1057 0 20484520 0
1058 0 20300374 0
1059 0 18925137 0
1060 0 18762478 0
1061 0 17770092 0
1062 1 700221 3217
1063 0 18725585 0
1064 1 732960 3831
1065 0 22170327 0
1066 0 20451193 0
1067 0 19374608 0
1068 0 19669118 0
1069 1 533967 2410
1070 0 20298809 0
1071 1 811999 3707
1072 1 837910 3858
1073 1 811694 3745
1074 0 20236636 0
1075 1 876632 4608
1076 1 1448844 6695
1077 0 19421455 0
1078 1 889916 4108
1079 0 16624140 0
1080 1 787679 3612
1081 0 19364262 0
1082 1 215136 943
1083 1 1037568 5457
1084 0 18421589 0
1085 0 18904808 0
1086 1 584060 2700
1087 0 19078230 0
1088 1 870588 4011
1089 1 1370184 6349
1090 0 19081763 0
1091 0 19960969 0
1092 0 18730061 0
1093 0 18773034 0
1094 1 822862 3766
1095 1 852161 3943
1096 1 694945 3211
1097 1 1143678 5298
1098 0 17437964 0
1099 0 19278769 0
1100 1 955547 4402
1101 1 642793 2962
1102 1 1204441 5587
1103 1 762724 3525
1104 0 19008268 0
1105 0 19268684 0
1106 1 966392 4432
1107 0 20169725 0
1108 1 1541525 7115
1109 1 683138 3152
1110 1 841347 3887
1111 1 779887 3595
1112 1 657045 3040
1113 0 19287679 0
1114 1 444597 2024
1115 1 1016701 4704
1116 1 709034 3259
1117 0 18418650 0
1118 0 15451161 0
1119 0 20495364 0
1120 0 20563709 0
1121 1 981286 5142
1122 1 781872 3603
1123 0 19174026 0
1124 0 19893041 0
1125 0 19848018 0
1126 1 868795 4538
1127 1 1079908 5003
1128 0 19265055 0
1129 0 19257945 0
1130 1 49163 220
1131 0 16107862 0
1132 0 18993550 0
1133 0 19628700 0
1134 0 20512243 0
1135 1 874535 4014
1136 1 1046090 4837
1137 0 19903966 0
1138 1 1363946 6305
1139 0 19946431 0
1140 0 18906746 0
1141 0 19095511 0
1142 1 755843 3942
1143 0 15422198 0
1144 1 1081655 4982
1145 1 984676 4539
1146 0 19868821 0
1147 0 19300821 0
1148 0 20715976 0
1149 0 20864005 0
1150 1 961639 4404
1151 1 765269 3546
1152 1 690869 3180
1153 0 19359902 0
1154 1 1350569 6222
1155 0 20969270 0
1156 0 20268955 0
1157 1 960686 4421
1158 0 15594624 0
1159 0 18507354 0
1160 0 19164784 0
1161 1 804550 3714
1162 0 21682402 0
1163 1 996351 4564
1164 1 381272 1753
1165 1 763656 3542
1166 0 20603489 0
1167 0 18157089 0
1168 0 20197588 0
1169 1 79528 296
1170 0 21600338 0
1171 1 1013146 4669
1172 1 875861 4046
1173 0 19501815 0
1174 0 15573230 0
1175 0 20063832 0
1176 1 990423 4583
1177 0 19874738 0
1178 1 999926 4612
1179 0 22008966 0
1180 0 21780552 0
1181 1 851207 3914
1182 1 919460 4244
1183 1 1260460 5821
1184 0 19735333 0
1185 0 15843249 0
1186 0 19258423 0
1187 0 16644609 0
1188 0 22866893 0
1189 0 21853528 0
1190 1 514207 2369
1191 1 138256 626
1192 1 1064425 4929
1193 0 20022204 0
1194 1 681941 3111
1195 0 19746367 0
1196 1 978683 4529
1197 1 1740885 8106
1198 0 19318932 0
1199 0 20930349 0
0 1 933155 4277
1 0 19105145 0
2 0 20827654 0
3 0 18676560 0
4 1 677111 3094
5 0 19495286 0
6 0 22010186 0
7 0 20492186 0
8 1 722718 3327
9 0 19383537 0
10 0 19487796 0
11 0 20330254 0
12 0 20012892 0
13 0 20613401 0
14 1 521752 2390
15 1 1107966 5120
16 0 19173831 0
17 0 15785700 0
18 1 1064635 4898
19 0 20293675 0
20 0 19751617 0
21 1 1231202 5678
22 1 759283 3980
23 1 1129532 5197
24 1 1117383 5150
25 1 628048 2894
26 0 19000098 0
27 1 1054655 4879
28 0 20375880 0
29 1 1239343 5711
30 0 15598347 0
31 0 20018591 0
32 1 810272 3730
33 1 552070 2544
34 0 20131636 0
35 1 755425 3484
36 0 19634557 0
37 0 19614676 0
38 0 20590583 0
39 1 932641 4295
40 0 22171633 0
41 0 19325154 0
42 1 833935 3839
43 0 21840881 0
44 0 20352807 0
45 1 671422 3082
46 1 1559381 7214
47 1 1177643 5448
48 0 19690148 0
49 0 19315584 0
50 1 755735 3483
51 0 19614705 0
52 0 16196266 0
53 0 19969206 0
54 1 615294 2791
55 1 1176384 5447
56 1 1811676 8343
57 1 1121776 5199
58 1 733387 3379
59 0 20661096 0
60 0 19871351 0
61 0 19246243 0
62 1 1143558 5996
63 0 19276813 0
64 0 22981457 0
65 1 867112 3995
66 1 567726 2981
67 0 19946262 0
68 1 1884959 8757
69 0 18713335 0
70 0 18853484 0
71 1 2208594 10234
72 0 21945370 0
73 0 20886957 0
74 0 20538796 0
75 1 157621 705
76 0 19158647 0
77 1 672140 3088
78 1 678837 3123
79 0 20436359 0
80 1 208663 801
81 0 20387593 0
82 0 21151033 0
83 1 1067453 4923
84 0 19129812 0
85 0 22306221 0
86 0 22136886 0
87 0 19521101 0
88 0 20904400 0
89 1 624837 2878
90 1 919393 4115
91 0 19507078 0
92 1 1110014 5129
93 0 18770249 0
94 0 21784163 0
95 0 19745936 0
96 1 1005117 4648
97 1 1136284 5242
98 0 18914566 0
99 0 19269125 0
100 1 1126814 5203
101 0 19237835 0
102 1 557556 2912
103 1 747101 3455
104 0 22207132 0
105 0 20454346 0
106 1 1041568 4807
107 1 700538 3223
108 0 19211610 0
109 0 20791141 0
110 1 1247879 5756
111 0 19880308 0
112 0 19486376 0
113 1 431682 1975
114 0 19246932 0
115 1 55623 227
116 1 677643 3109
117 0 22859998 0
118 0 22444944 0
119 1 920413 4215
120 1 238998 1088
121 1 1287980 5937
122 0 20347447 0
123 1 1183374 5437
124 1 842367 3846
125 1 918479 4227
126 0 19076823 0
127 1 924003 4201
128 1 1254862 5767
129 0 19197117 0
130 1 1710274 7852
131 0 19678638 0
132 1 585541 2682
133 1 802572 3694
134 0 19606910 0
135 0 19480471 0
136 1 887091 4063
137 1 1303720 6001
138 1 584341 2688
139 0 21211784 0
140 0 20814250 0
141 0 20324074 0
142 0 20125719 0
143 0 19910620 0
144 1 644241 2940
145 1 695042 3199
146 0 20455205 0
147 0 15434065 0
148 1 671255 3081
149 1 514134 2677
150 0 20139917 0
151 0 20232880 0
152 1 784744 3607
153 1 909397 4193
154 1 880822 4063
155 0 19239011 0
156 1 1453963 6718
157 0 20060660 0
158 1 757036 3939
159 0 19488863 0
160 1 1204996 5571
161 1 618700 2805
162 1 1062058 4897
163 0 22337101 0
164 1 614081 2767
165 0 20193069 0
166 0 19542038 0
167 1 869717 3996
168 1 1618210 7486
169 1 381873 1762
170 1 1791623 8315
171 1 749042 3444
172 0 15699136 0
173 0 21831931 0
174 0 15635323 0
175 0 20599597 0
176 1 389841 1771
177 1 1096277 5077
178 1 1038548 4782
179 0 19605143 0
180 0 19379920 0
181 1 448600 2049
182 1 1073090 4951
183 0 20300787 0
184 0 19400368 0
185 0 19153689 0
186 1 502605 2311
187 0 18820002 0
188 1 627677 2887
189 0 19345652 0
190 0 19847607 0
191 1 1249317 5746
192 0 18755189 0
193 0 18630587 0
194 1 182744 821
195 0 21160619 0
196 1 1834991 8476
197 0 21648418 0
198 1 284119 1284
199 1 910339 4196
200 1 1925939 8911
201 1 768889 3552
202 1 317501 1627
203 1 805466 3723
204 1 540529 2485
205 0 19818250 0
206 0 22199129 0
207 1 1179648 5430
208 1 485058 2234
209 1 1081925 5004
210 1 277620 1265
211 1 1218078 5636
212 1 676204 3122
213 0 20341208 0
214 1 1075706 4932
215 0 20769526 0
216 0 20979012 0
217 1 337117 1543
218 0 20944214 0
219 1 271115 1222
220 1 1016618 4709
221 0 20579812 0
222 0 22366734 0
223 0 20487096 0
224 0 18983211 0
225 1 1424761 6575
226 0 21645175 0
227 0 21522945 0
228 0 20546420 0
229 1 1435292 6634
230 0 20183305 0
231 1 828481 3810
232 1 812443 3753
233 0 15530432 0
234 1 1207797 5584
235 0 19133921 0
236 1 142028 634
237 0 19999464 0
238 0 22428416 0
239 0 22732476 0
240 1 1045751 4813
241 1 867620 4007
242 1 1498341 6900
243 0 20514527 0
244 0 15969376 0
245 0 20281589 0
246 0 20219872 0
247 1 662400 3046
248 0 20806621 0
249 0 18712963 0
250 0 19391450 0
251 0 20638972 0
252 1 749881 3444
253 0 18788380 0
254 1 351264 1591
255 1 832948 3855
256 0 18728332 0
257 0 19306526 0
258 0 21504037 0
259 1 2035524 9385
260 1 489041 2254
261 0 20351006 0
262 0 19909042 0
263 0 18801322 0
264 1 231524 1039
265 0 20084174 0
266 0 18890117 0
267 1 139601 616
268 0 20226106 0
269 0 19847121 0
270 0 19223779 0
271 1 1307781 6021
272 0 18803755 0
273 0 20259093 0
274 1 863565 4511
275 0 19800502 0
276 1 858626 3953
277 0 22433993 0
278 0 22181007 0
279 1 1261927 5789
280 1 853653 3925
281 0 20170140 0
282 1 1000140 4604
283 1 1086969 4984
284 1 771673 3546
285 0 19246679 0
286 1 809047 3709
287 0 20988060 0
288 0 19622184 0
289 0 19817765 0
290 1 285773 1285
291 0 20995700 0
292 1 1171620 5362
293 1 940008 4320
294 1 1087770 4995
295 1 411568 1888
296 0 19737083 0
297 0 15630470 0
298 1 166975 846
299 0 20159652 0
300 0 15212566 0
301 1 963821 4438
302 1 556434 2564
303 1 835912 3855
304 1 397331 1823
305 0 18596804 0
306 1 1061090 4880
307 0 21426901 0
308 0 20169717 0
309 0 21398170 0
310 0 20492402 0
311 1 465003 2124
312 1 608991 2810
313 0 19659791 0
314 1 1467464 6716
315 0 19289679 0
316 0 18774577 0
317 1 898705 4083
318 0 21730145 0
319 0 21650242 0
320 0 20163166 0
321 0 22282425 0
322 0 21189436 0
323 1 749931 3432
324 0 15563107 0
325 1 785777 3603
326 0 19159314 0
327 0 18562742 0
328 0 15680549 0
329 1 294060 1338
330 0 19644967 0
331 0 19824909 0
332 1 1564214 7226
333 0 19459557 0
334 1 488450 2228
335 1 1596262 7398
336 1 849171 3895
337 0 20674736 0
338 0 15601334 0
339 1 663574 3048
340 1 1621190 7490
341 0 20485929 0
342 0 22483646 0
343 1 1217028 5600
344 0 22352901 0
345 0 20892027 0
346 1 1095880 5056
347 0 18987086 0
348 0 20269823 0
349 0 15713529 0
350 0 19157823 0
351 1 678702 3125
352 1 1815699 8405
353 0 19210314 0
354 0 19698800 0
355 0 19331266 0
356 1 1777403 8200
357 0 19372863 0
358 1 906549 4729
359 0 19292768 0
360 0 15498592 0
361 1 991547 4565
362 1 540508 2466
363 1 973434 4501
364 1 605796 2782
365 0 21579963 0
366 1 484092 2207
367 1 1352815 7129
368 0 20328384 0
369 0 18516723 0
370 1 1520748 6983
371 0 18877682 0
372 0 19687301 0
373 0 19023298 0
374 0 19224611 0
375 0 19352382 0
376 0 15523220 0
377 1 1034860 4755
378 0 22757602 0
379 1 1959353 8992
380 1 295738 1335
381 1 140925 636
382 0 20184460 0
383 0 19624244 0
384 1 1401401 6438
385 0 20665251 0
386 1 275122 1245
387 0 20395482 0
388 0 19264660 0
389 0 19838188 0
390 0 20976603 0
391 1 837343 4370
392 1 797098 3661
393 1 1671685 7700
394 0 19645868 0
395 0 19252430 0
396 0 21415569 0
397 1 1190075 5437
398 1 621422 2854
399 1 1353053 6244
400 0 19468015 0
401 0 22443147 0
402 1 879203 4045
403 0 20196414 0
404 1 613118 2801
405 0 19941028 0
406 1 163590 733
407 1 991990 4569
408 1 713259 3276
409 0 20500267 0
410 1 845238 3871
411 0 22638980 0
412 1 631056 2845
413 1 963399 4433
414 0 21907662 0
415 0 16558340 0
416 0 20027764 0
417 1 52238 203
418 0 19046827 0
419 1 1054674 4841
420 1 820667 3772
421 1 154907 702
422 1 1798049 8322
423 1 743146 3418
424 0 23289825 0
425 0 15413877 0
426 1 1071718 4850
427 0 20072766 0
428 1 536291 2428
429 0 20375993 0
430 0 21594569 0
431 0 20831937 0
432 1 516950 2362
433 1 1737193 8037
434 0 20278008 0
435 1 742062 3386
436 0 19981518 0
437 1 474190 2167
438 0 19002403 0
439 0 18847907 0
440 0 21654874 0
441 0 20673124 0
442 1 559864 2569
443 1 1405430 6481
444 1 907962 4171
445 1 1242867 5716
446 1 714338 3739
447 1 143273 649
448 1 1168704 5353
449 0 19163031 0
450 1 1327951 6076
451 0 22291785 0
452 0 21934855 0
453 1 328234 1482
454 0 22465563 0
455 1 661229 3029
456 0 21796425 0
457 1 467983 2122
458 0 20462123 0
459 1 731234 3341
460 1 1382345 6333
461 1 877183 3971
462 0 22537891 0
463 1 433862 1956
464 0 19464451 0
465 1 870186 3993
466 0 18743398 0
467 0 19313342 0
468 1 1054625 5520
469 1 1003749 4609
470 1 635054 2918
471 1 1045175 4806
472 0 20737230 0
473 0 20776245 0
474 0 21375367 0
475 0 20982593 0
476 0 15601193 0
477 1 761911 3472
478 0 19366213 0
479 0 20237799 0
480 1 570649 2607
481 0 20675210 0
482 1 998700 4577
483 0 22907779 0
484 1 157131 707
485 0 20587562 0
486 0 20610148 0
487 1 1118901 5132
488 0 15687392 0
489 1 555603 2522
490 1 820559 3779
491 1 1500938 6893
492 0 20841007 0
493 0 19418734 0
494 0 18709591 0
495 1 417128 1905
496 1 233946 1066
497 0 19907543 0
498 1 994043 4575
499 1 369236 1697
500 1 678765 3114
501 1 610170 2816
502 0 19080044 0
503 1 1021579 4706
504 1 2001265 9266
505 0 22540163 0
506 0 20209098 0
507 1 799144 3677
508 0 18713655 0
509 0 22189562 0
510 0 19603589 0
511 0 20472820 0
512 0 19298424 0
513 0 20152757 0
514 1 647766 2930
515 0 20873556 0
516 0 15663009 0
517 0 21208579 0
518 0 22420576 0
519 0 20123882 0
520 0 19617707 0
521 0 20118934 0
522 0 20976455 0
523 0 20411869 0
524 0 18734671 0
525 0 18695880 0
526 0 19726324 0
527 0 22227068 0
528 1 277747 1243
529 0 19544415 0
530 1 776086 3550
531 1 852733 3933
532 1 776642 3582
533 0 19307416 0
534 0 19244785 0
535 1 27249 90
536 1 503111 2316
537 0 19422660 0
538 0 19429062 0
539 0 21350104 0
540 0 20730183 0
541 1 947714 4363
542 0 22473798 0
543 1 641809 2954
544 0 20694408 0
545 0 21184828 0
546 1 1699318 7824
547 0 20623493 0
548 0 21822876 0
549 0 15553151 0
550 0 19869869 0
551 0 19426908 0
552 0 19158851 0
553 1 235953 1053
554 1 1016147 4702
555 1 903892 4182
556 0 21458778 0
557 1 487011 2237
558 0 20857786 0
559 0 21071484 0
560 0 15476194 0
561 1 139148 608
562 1 963626 4453
563 0 18960748 0
564 1 525783 2416
565 0 18625550 0
566 1 1037028 4792
567 1 785683 3625
568 0 18501862 0
569 0 19355309 0
570 1 1308596 5993
571 0 16116252 0
572 0 19793281 0
573 0 15531643 0
574 1 291311 1329
575 1 877404 4059
576 1 1395917 6387
577 1 85726 380
578 0 15467688 0
579 0 18770140 0
580 0 20272394 0
581 0 15499877 0
582 0 21321438 0
583 1 802153 3690
584 0 19066319 0
585 0 18928893 0
586 0 21268142 0
587 0 22475694 0
588 0 20710133 0
589 0 18768295 0
590 0 19034769 0
591 1 731301 3365
592 0 19086399 0
593 0 15461936 0
594 1 584567 3055
595 0 20202794 0
596 1 1117309 5121
597 0 22770176 0
598 0 19804793 0
599 0 20249111 0
600 0 19632158 0
601 0 18589556 0
602 0 19048296 0
603 0 20548506 0
604 1 1118861 5097
605 1 412516 1855
606 0 20361033 0
607 0 18926902 0
608 0 18944236 0
609 0 19853787 0
610 1 1269602 5824
611 1 1689903 7784
612 1 1060047 4864
613 1 362068 1654
614 1 297519 1353
615 0 19896541 0
616 0 15585528 0
617 0 20608041 0
618 0 18918812 0
619 0 21162057 0
620 1 1197223 5514
621 0 19182712 0
622 1 1366385 6261
623 1 797176 3673
624 0 19688426 0
625 1 834323 4365
626 0 19313680 0
627 0 18812859 0
628 1 229477 1012
629 0 21544437 0
630 1 716224 3262
631 0 19237764 0
632 1 285574 1229
633 1 654856 3015
634 1 865022 3979
635 1 834782 3841
636 0 18565977 0
637 1 620552 2831
638 0 20134663 0
639 0 21344921 0
640 1 737195 3365
641 0 19198236 0
642 1 500656 2292
643 0 22866473 0
644 1 791227 3620
645 1 347471 1592
646 1 749703 3435
647 0 22679055 0
648 0 22782456 0
649 1 872911 4545
650 0 19310175 0
651 0 21876504 0
652 1 760940 3486
653 1 382245 1745
654 1 700914 3220
655 1 832834 3831
656 0 15302623 0
657 1 1252278 5688
658 1 310887 1425
659 1 1314632 6020
660 0 19836572 0
661 1 1654222 7563
662 1 722490 3316
663 0 19140958 0
664 0 20448599 0
665 0 21186572 0
666 0 20186220 0
667 0 20244977 0
668 0 19673358 0
669 0 21755580 0
670 1 1389808 6363
671 1 842090 3886
672 0 19371366 0
673 1 794376 3655
674 1 1114038 5129
675 1 645281 2969
676 0 18514992 0
677 0 18454450 0
678 0 21779877 0
679 1 634365 2885
680 0 22644343 0
681 0 20039128 0
682 1 446853 2011
683 1 523013 2409
684 1 530331 2445
685 1 1022149 4734
686 0 19432242 0
687 1 760393 3499
688 0 19725890 0
689 1 1088581 4985
690 1 817545 3751
691 0 22150160 0
692 1 706189 3204
693 1 893977 4096
694 0 19056565 0
695 1 1346651 6142
696 0 21706262 0
697 0 19911191 0
698 1 894853 4065
699 0 21181918 0
700 1 692695 3174
701 1 78635 353
702 0 22566007 0
703 1 1565815 7181
704 1 940476 4330
705 0 19151920 0
706 1 1223151 6102
707 0 20389103 0
708 0 19131087 0
709 1 844350 3896
710 1 1082421 5000
711 1 651414 3017
712 1 930734 4301
713 0 18396103 0
714 1 1006237 4637
715 0 17278530 0
716 0 18724212 0
717 0 18652042 0
718 1 1171780 5403
719 0 19643896 0
720 1 672942 3093
721 0 19126068 0
722 1 558422 2553
723 0 20538957 0
724 1 772775 3558
725 0 19976381 0
726 1 874224 4003
727 0 19407771 0
728 0 19291393 0
729 1 1010964 4641
730 0 22546746 0
731 1 558262 2565
732 0 20701494 0
733 0 20675773 0
734 1 705986 3252
735 1 696419 3214
736 1 1197823 5546
737 0 20224795 0
738 0 19000287 0
739 1 68258 289
740 1 823200 4320
741 1 453737 2085
742 0 19236265 0
743 0 20330171 0
744 1 629927 2886
745 1 1143086 5289
746 1 236259 1073
747 1 858376 3969
748 1 399376 1839
749 0 18404806 0
750 0 18926533 0
751 0 20710854 0
752 1 1306571 6022
753 1 1045754 4834
754 0 19588528 0
755 0 19062339 0
756 0 19173198 0
757 0 19466743 0
758 1 1055674 5515
759 1 452732 2087
760 0 19250838 0
761 0 20425340 0
762 0 22720750 0
763 1 431224 1965
764 0 20100646 0
765 0 19467196 0
766 0 20098443 0
767 0 20283642 0
768 1 743816 3420
769 0 21280300 0
770 0 18770369 0
771 0 19462049 0
772 1 854672 3924
773 0 19990443 0
774 1 1076248 4933
775 1 959098 4426
776 0 19035507 0
777 0 20003604 0
778 0 22670401 0
779 0 22720036 0
780 1 583569 2667
781 0 21124006 0
782 0 19490847 0
783 0 22351371 0
784 1 1093303 5037
785 1 770609 3562
786 1 838840 3861
787 1 516810 2380
788 0 21306784 0
789 1 1212103 5576
790 0 22370677 0
791 0 21265700 0
792 0 18850462 0
793 0 19575373 0
794 1 980268 4497
795 0 20594921 0
796 0 19679755 0
797 0 18991220 0
798 0 18774473 0
799 0 21258321 0
800 1 370467 1915
801 1 504276 2312
802 1 1727430 7946
803 1 912308 4167
804 0 22966089 0
805 0 21645403 0
806 0 22294747 0
807 1 926154 4838
808 1 2113639 9715
809 0 20030137 0
810 1 812348 3721
811 1 998807 4598
812 1 639202 2931
813 0 20396765 0
814 1 26938 84
815 0 21718823 0
816 0 19543838 0
817 0 15644147 0
818 0 19824652 0
819 1 613293 2779
820 1 890108 4098
821 1 928971 4277
822 0 19094713 0
823 0 15751703 0
824 0 19342761 0
825 0 18859799 0
826 1 897020 4105
827 0 22584656 0
828 0 20213291 0
829 0 19861844 0
830 0 19549627 0
831 0 21763306 0
832 1 1711878 7836
833 1 1386900 6384
834 0 19362678 0
835 0 20530177 0
836 1 802475 3683
837 0 22322541 0
838 0 21920477 0
839 0 20698719 0
840 1 889774 4071
841 0 19352454 0
842 1 19317 53
843 0 18721917 0
844 0 18996660 0
845 0 19248889 0
846 0 21116933 0
847 1 797081 3641
848 0 22856152 0
849 0 21198415 0
850 1 1895420 8648
851 1 817361 3752
852 0 20427754 0
853 0 19355608 0
854 1 626052 3278
855 1 853044 3899
856 0 19815702 0
857 0 20480759 0
858 1 1053323 4848
859 0 21845449 0
860 1 1010251 4628
861 1 272369 1244
862 0 20062618 0
863 1 615016 2764
864 1 977584 4515
865 0 20126286 0
866 1 749024 3447
867 1 958659 4433
868 1 1345372 6223
869 0 20338451 0
870 0 21024479 0
871 0 19490198 0
872 1 550322 2512
873 1 901983 4029
874 0 20103683 0
875 0 21925068 0
876 0 20956077 0
877 0 19524389 0
878 1 1095076 5047
879 0 21751908 0
880 1 676624 3538
881 0 19256109 0
882 0 21897589 0
883 0 15698893 0
884 1 829979 4322
885 0 19381062 0
886 1 523851 2721
887 1 451967 2090
888 1 1093629 5057
889 0 19287213 0
890 1 762497 3513
891 0 21129501 0
892 1 514886 2335
893 0 19493275 0
894 1 1173224 5391
895 1 363220 1662
896 0 19127505 0
897 0 19851397 0
898 1 1021178 4719
899 1 503005 2320
900 0 19250626 0
901 1 62164 250
902 0 19219366 0
903 1 1437661 6631
904 0 20157237 0
905 0 19491779 0
906 0 19149974 0
907 0 19658152 0
908 1 1369692 6306
909 0 19313362 0
910 1 525005 2733
911 1 530580 2437
912 1 1264740 5821
913 0 20267524 0
914 1 354278 1599
915 1 795575 3656
916 0 20592164 0
917 0 19845320 0
918 0 22003767 0
919 1 313146 1411
920 0 20223821 0
921 0 20659707 0
922 1 401161 1807
923 0 20199563 0
924 0 22541031 0
925 1 966581 4427
926 1 844158 3884
927 1 358567 1578
928 1 620518 2836
929 0 19402767 0
930 0 15958201 0
931 0 19678570 0
932 0 20400849 0
933 1 566352 2589
934 0 15772313 0
935 0 20917999 0
936 0 19575646 0
937 0 19919556 0
938 1 896704 4134
939 0 15395152 0
940 0 19576299 0
941 1 889950 4096
942 0 15427489 0
943 1 232350 1045
944 1 692284 3187
945 1 727660 3364
946 0 20256313 0
947 0 19870535 0
948 0 21518425 0
949 0 19453912 0
950 1 843381 3883
951 1 1750601 8116
952 0 20761762 0
953 1 840718 3862
954 1 243436 1081
955 1 718174 3320
956 0 21194070 0
957 0 15516372 0
958 0 20638887 0
959 1 977533 4507
960 1 382289 1756
961 0 20656739 0
962 0 20332348 0
963 1 1180358 5425
964 0 20467413 0
965 0 19455918 0
966 1 534002 2456
967 1 92479 416
968 1 487719 2228
969 1 1281424 5920
970 0 20550798 0
971 1 682190 3138
972 1 757767 3495
973 1 396786 1829
974 0 19011656 0
975 0 19426696 0
976 1 1231886 5648
977 0 19804672 0
978 1 1060142 4876
979 0 21136925 0
980 0 20077873 0
981 1 1152247 5300
982 0 15477925 0
983 0 20412601 0
984 0 20316188 0
985 0 18998631 0
986 0 19517686 0
987 0 19326068 0
988 1 829767 3813
989 1 819136 3778
990 0 20013175 0
991 0 20039687 0
992 0 21075442 0
993 0 20343990 0
994 0 19775068 0
995 1 673275 3084
996 1 544713 2511
997 0 19797496 0
998 0 18802794 0
999 1 861367 3975
1000 0 21937461 0
1001 0 19456675 0
1002 0 22364036 0
1003 1 1111210 5132
1004 1 1101513 5083
1005 1 766873 3548
1006 0 21379245 0
1007 1 695103 3169
1008 0 22184077 0
1009 0 22762160 0
1010 1 712838 3248
1011 0 20208620 0
1012 0 19143303 0
1013 0 20475416 0
1014 0 19654206 0
1015 1 922317 4219
1016 1 794927 3654
1017 0 22378965 0
1018 0 19917241 0
1019 0 21974590 0
1020 1 972869 4495
1021 0 19386726 0
1022 0 18972262 0
1023 1 1053385 4860
1024 0 19779680 0
1025 1 156776 696
1026 0 19144674 0
1027 1 848882 3901
1028 1 1031764 4757
1029 0 20681657 0
1030 0 18903974 0
1031 0 19163432 0
1032 0 19313593 0
1033 1 887173 3931
1034 0 15387990 0
1035 0 20163118 0
1036 0 19231593 0
1037 0 22071040 0
1038 0 21683794 0
1039 1 1964270 9090
1040 1 1244152 5746
1041 0 20392479 0
1042 1 2216157 10212
1043 1 1239487 5737
1044 1 638861 2951
1045 1 402969 1854
1046 0 19792348 0
1047 1 270582 1158
1048 1 760423 3499
1049 1 754007 3482
1050 0 18669180 0
1051 0 21296552 0
1052 1 337055 1534
1053 1 904882 4166
1054 0 21711554 0
1055 1 609115 2798
1056 0 21652765 0
1057 0 22511197 0
1058 1 803886 3689
1059 0 16130717 0
1060 0 21564763 0
1061 1 703558 3230
1062 1 976417 4497
1063 1 138038 596
1064 1 461276 2126
1065 0 21181395 0
1066 0 15631062 0
1067 1 1101402 5079
1068 1 1247317 5762
1069 0 15854645 0
1070 1 803407 3712
1071 0 19242445 0
1072 1 1171775 5413
1073 0 19950473 0
1074 0 19904295 0
1075 0 20130825 0
1076 1 804108 3697
1077 1 530853 2437
1078 1 922315 4233
1079 1 807273 3737
1080 0 15855589 0
1081 0 19410586 0
1082 1 1155510 6061
1083 0 19166549 0
1084 1 861272 4511
1085 1 327359 1507
1086 0 20412064 0
1087 0 22314534 0
1088 0 21534192 0
1089 0 22593236 0
1090 0 21855845 0
1091 1 146675 648
1092 1 751563 3913
1093 1 1049810 4853
1094 1 556222 2568
1095 1 455537 2100
1096 1 1150573 5305
1097 0 20817067 0
1098 0 15792826 0
1099 1 1339109 6187
1100 1 759723 3495
1101 1 1062883 4913
1102 1 923662 4265
1103 1 470459 2169
1104 1 324975 1493
1105 1 854143 4489
1106 0 22632876 0
1107 0 20558949 0
1108 0 20256133 0
1109 0 20293468 0
1110 0 21073312 0
1111 1 443973 1996
1112 1 679901 3132
1113 0 19698929 0
1114 0 15514349 0
1115 0 20205737 0
1116 0 18543209 0
1117 1 874934 4020
1118 1 1253510 5790
1119 0 19170469 0
1120 1 1371040 7169
1121 1 1356757 6246
1122 0 19813076 0
1123 0 18966862 0
1124 0 19204078 0
1125 0 15809477 0
1126 0 18964297 0
1127 0 20543029 0
1128 0 20005252 0
1129 1 871011 4005
1130 0 19150748 0
1131 0 19317362 0
1132 0 21776547 0
1133 0 19708794 0
1134 1 161374 708
1135 0 15637549 0
1136 1 652497 2992
1137 1 467130 2146
1138 0 19085771 0
1139 0 19340853 0
1140 0 18654295 0
1141 0 19736214 0
1142 0 20463192 0
1143 0 19269711 0
1144 0 21059057 0
1145 1 641301 2936
1146 1 542505 2500
1147 1 510243 2348
1148 0 19556156 0
1149 0 19274276 0
1150 1 711548 3281
1151 0 22884154 0
1152 0 20720286 0
1153 0 15899363 0
1154 1 844637 3891
1155 1 1950961 9040
1156 0 20410459 0
1157 0 19339886 0
1158 0 19262464 0
1159 1 582847 2668
1160 1 905555 4187
1161 0 21911627 0
1162 0 19387506 0
1163 1 961342 4359
1164 1 754184 3482
1165 0 19257239 0
1166 1 536853 2449
1167 1 265867 1222
1168 0 22387113 0
1169 1 837555 3857
1170 1 1654930 7635
1171 1 121076 548
1172 0 19714712 0
1173 0 18597770 0
1174 0 19645028 0
1175 1 919680 4236
1176 0 19916358 0
1177 1 690253 3168
1178 1 910757 4203
1179 1 1569085 7263
1180 1 931449 4293
1181 1 666403 3065
1182 1 1081148 5004
1183 1 785415 3632
1184 0 18498536 0
1185 1 1035675 5408
1186 0 19775867 0
1187 0 18705617 0
1188 1 1456999 6679
1189 1 1139244 5244
1190 0 19616947 0
1191 0 19075720 0
1192 1 989392 4534
1193 0 19182102 0
1194 0 18488860 0
1195 0 21584811 0
1196 0 19658957 0
1197 1 1088195 5025
1198 0 20654097 0
1199 0 21580790 0
0 0 19625455 0
1 1 631469 2901
2 0 22378537 0
3 0 21045328 0
4 1 1991240 9216
5 1 1763260 8144
6 1 859179 3959
7 1 929407 4293
8 0 20339137 0
9 1 669372 3070
10 1 1071868 4949
11 1 760959 3518
12 0 19409723 0
13 0 20476527 0
14 1 420898 1917
15 0 19811058 0
16 1 205946 917
17 0 19754588 0
18 1 1243185 5725
19 0 19708918 0
20 1 313065 1418
21 0 22408847 0
22 0 20909816 0
23 1 751234 3940
24 1 619383 2840
25 1 783296 3578
26 0 20463864 0
27 1 886630 4069
28 0 21950422 0
29 1 510762 2313
30 0 20715537 0
31 0 22406591 0
32 1 910283 4187
33 0 21844403 0
34 0 15555693 0
35 0 21383978 0
36 1 760031 3481
37 1 870575 3996
38 1 1323552 6071
39 1 867067 3992
40 0 20872505 0
41 0 15418134 0
42 0 20392725 0
43 0 19500039 0
44 0 20211431 0
45 0 19210202 0
46 0 19055629 0
47 1 694652 3191
48 1 853551 3946
49 0 19201256 0
50 0 15761824 0
51 1 709367 3239
52 1 915435 4230
53 0 21087267 0
54 1 823908 3786
55 0 19730494 0
56 1 784830 3611
57 0 20775731 0
58 0 15468561 0
59 0 20565962 0
60 0 19718969 0
61 0 15479149 0
62 0 19236335 0
63 1 1157869 5355
64 1 543117 2503
65 1 1504202 6945
66 0 19537077 0
67 0 20050649 0
68 1 767352 3522
69 1 701313 3675
70 1 1100660 5096
71 0 19333416 0
72 0 20247164 0
73 0 20817829 0
74 0 16178647 0
75 1 767226 3507
76 1 338526 1559
77 0 19669344 0
78 1 1054293 4858
79 1 520541 2385
80 0 18798596 0
81 1 1106955 5111
82 0 19651820 0
83 1 992676 4545
84 1 1443119 6645
85 1 1117343 5175
86 1 567013 2623
87 1 899361 4141
88 0 18780023 0
89 1 964022 4448
90 0 18963869 0
91 1 1225697 5613
92 1 497543 2300
93 0 20760462 0
94 0 19588112 0
95 0 19149046 0
96 0 20841154 0
97 1 534045 2452
98 1 242147 1106
99 0 19525758 0
100 1 1342332 6192
101 0 21664624 0
102 0 21112443 0
103 1 1724224 8003
104 1 727705 3350
105 1 791335 3646
106 0 18612283 0
107 0 19288170 0
108 0 20992548 0
109 0 19775015 0
110 1 1695943 7846
111 0 15575662 0
112 0 19962185 0
113 1 1252043 5748
114 0 21270184 0
115 0 20411892 0
116 0 19306997 0
117 0 19682323 0
118 1 1649639 7568
119 0 19773493 0
120 1 983127 5149
121 0 19931242 0
122 0 19758410 0
123 0 19582403 0
124 0 15666586 0
125 1 730964 3351
126 1 549095 2520
127 0 19117752 0
128 1 2088743 9581
129 0 21333802 0
130 1 345141 1556
131 1 1477922 6809
132 1 1346412 6197
133 0 19829311 0
134 0 20884678 0
135 1 379188 1977
136 0 19775041 0
137 0 20601902 0
138 0 19539994 0
139 0 19426271 0
140 1 568492 2585
141 0 22585508 0
142 1 609433 2789
143 1 264912 1209
144 1 758763 3463
145 0 19350849 0
146 1 887955 4070
147 1 808443 3712
148 0 19362621 0
149 0 19692779 0
150 0 20355739 0
151 1 1936599 8946
152 1 501342 2244
153 0 19418473 0
154 0 19466789 0
155 0 20009806 0
156 0 18438617 0
157 0 20230334 0
158 1 1086454 4977
159 1 586554 2683
160 0 20077877 0
161 1 1238928 5664
162 1 469789 2148
163 1 523999 2398
164 0 19526473 0
165 0 23057838 0
166 1 1465464 6745
167 0 22922364 0
168 1 1089074 5006
169 1 1084452 4986
170 0 22515217 0
171 1 955883 4360
172 1 707200 3244
173 1 974189 4484
174 0 20163275 0
175 0 21669481 0
176 0 22704650 0
177 1 1058875 5513
178 1 793761 3654
179 0 22943368 0
180 1 1150139 5282
181 1 814096 4275
182 0 21710842 0
183 0 23013214 0
184 1 1539089 7017
185 1 869889 3986
186 0 22557676 0
187 0 21949463 0
188 0 22415661 0
189 0 22271959 0
190 0 20055069 0
191 1 1598147 7332
192 0 21175354 0
193 0 20661909 0
194 1 725355 3313
195 0 22626912 0
196 0 20150853 0
197 0 20999001 0
198 1 344357 1546
199 0 20777803 0
200 0 20950518 0
201 1 1917924 8798
202 1 1222676 5613
203 1 1674136 7660
204 0 22635919 0
205 0 22174656 0
206 0 21719109 0
207 0 19304719 0
208 1 1278450 5869
209 0 20169597 0
210 0 20158050 0
211 0 20370817 0
212 1 619043 2800
213 1 260510 1171
214 0 19779496 0
215 1 554682 2508
216 0 19397182 0
217 0 19694809 0
218 0 18686976 0
219 0 18480164 0
220 1 352545 1598
221 0 22335143 0
222 0 19616980 0
223 0 22243280 0
224 0 19688635 0
225 1 931883 4303
226 1 998320 4603
227 0 18960854 0
228 0 18846389 0
229 1 1224307 5646
230 0 21390195 0
231 0 19394414 0
232 0 19023069 0
233 0 20080897 0
234 0 18785372 0
235 1 929705 4280
236 1 56189 237
237 0 19096140 0
238 0 19073280 0
239 0 20015102 0
240 1 773282 3556
241 0 19833138 0
242 1 655958 3003
243 0 19086582 0
244 0 21278907 0
245 1 860805 4502
246 0 18830350 0
247 0 20228481 0
248 0 19605687 0
249 0 19378735 0
250 0 20200212 0
251 0 21250436 0
252 0 22855132 0
253 0 20477658 0
254 0 20156058 0
255 0 20128189 0
256 0 18707841 0
257 0 19784055 0
258 0 20084571 0
259 0 19042034 0
260 1 943164 4351
261 1 740621 3424
262 0 19582026 0
263 0 20418341 0
264 0 19037744 0
265 0 19499837 0
266 1 965829 4453
267 0 15697309 0
268 1 1240797 5719
269 0 22081311 0
270 0 22355790 0
271 0 15876437 0
272 1 326235 1483
273 1 411132 1883
274 1 484729 2210
275 1 497781 2293
276 0 20511722 0
277 1 1662573 7695
278 1 1074013 4964
279 0 19890711 0
280 1 958143 4416
281 1 814942 3766
282 0 20311223 0
283 0 19178244 0
284 0 20502148 0
285 1 111894 481
286 0 19885118 0
287 0 18668630 0
288 1 938043 4330
289 0 21149772 0
290 1 651008 2979
291 1 1003647 4599
292 0 23264921 0
293 0 15603005 0
294 1 256979 1175
295 0 21387729 0
296 1 961848 4398
297 1 858785 4483
298 1 1386558 6425
299 0 22256532 0
300 1 647219 2981
301 1 964295 4461
302 1 2691816 12429
303 0 15738766 0
304 1 653247 3006
305 1 709871 3240
306 1 948060 4382
307 0 21303092 0
308 0 22636278 0
309 0 21117528 0
310 0 17945239 0
311 1 570965 2617
312 0 20801331 0
313 0 19700988 0
314 1 650631 3405
315 0 20433310 0
316 1 676587 3108
317 1 356202 1633
318 0 20393037 0
319 0 22168791 0
320 0 20515956 0
321 0 19316949 0
322 1 864210 4510
323 1 1060684 5576
324 0 19840142 0
325 0 20619337 0
326 1 1543610 7135
327 0 20753084 0
328 0 19045904 0
329 0 23009766 0
330 0 15537866 0
331 0 20878015 0
332 1 679003 3511
333 0 18504332 0
334 0 20049874 0
335 1 1015491 4690
336 0 19620514 0
337 1 670879 3072
338 0 19318146 0
339 1 960369 4435
340 1 383932 1769
341 1 1274037 5894
342 0 15373576 0
343 1 1033090 4783
344 1 834612 3863
345 0 19538283 0
346 0 21340335 0
347 1 1199085 5533
348 0 19640350 0
349 0 19762604 0
350 0 20627063 0
351 1 1145604 5282
352 1 1093706 5060
353 0 19259330 0
354 1 682161 3132
355 1 359517 1653
356 0 21597335 0
357 1 79188 331
358 0 20978000 0
359 0 20641838 0
360 0 21960541 0
361 1 729285 3349
362 1 878425 4049
363 1 434410 2000
364 1 16077 56
365 0 19190489 0
366 0 21596465 0
367 0 20168047 0
368 0 19648224 0
369 1 989662 4574
370 0 20510098 0
371 1 1790117 8278
372 0 15614191 0
373 1 372506 1702
374 1 766585 3540
375 0 18493205 0
376 0 21821298 0
377 0 20595212 0
378 1 565969 2603
379 0 19217491 0
380 0 21344349 0
381 1 990308 4569
382 0 22529631 0
383 1 639724 2946
384 0 20220001 0
385 0 20268102 0
386 0 20843089 0
387 1 231413 1049
388 0 21787418 0
389 1 850239 3891
390 0 20228315 0
391 0 19326019 0
392 1 694215 3626
393 0 18696428 0
394 1 225527 1007
395 0 22293056 0
396 0 20322484 0
397 0 21652445 0
398 0 22955438 0
399 1 675608 3514
400 1 706544 3252
401 1 1534550 7081
402 0 22107346 0
403 0 19668118 0
404 0 17450442 0
405 1 312028 1597
406 0 23118908 0
407 1 885273 4048
408 1 1931738 8925
409 0 22570904 0
410 0 22041970 0
411 0 15686531 0
412 1 722365 3307
413 1 453383 2075
414 1 1046343 4819
415 1 1076452 4952
416 0 19940147 0
417 1 948719 4348
418 1 857755 3920
419 0 15337168 0
420 1 1672366 7707
421 0 22682707 0
422 1 1477439 6680
423 0 22352460 0
424 0 22397783 0
425 0 15260099 0
426 0 20361600 0
427 1 947300 4339
428 1 860376 3951
429 0 19819769 0
430 1 1467209 6774
431 0 19578908 0
432 0 19642989 0
433 0 20182792 0
434 0 18259657 0
435 0 15474837 0
436 1 681857 3144
437 0 19060668 0
438 0 19223544 0
439 1 627759 2880
440 1 1240667 5728
441 0 18591569 0
442 1 1221869 5635
443 0 15542832 0
444 0 19631492 0
445 0 19050679 0
446 0 19993770 0
447 0 20010195 0
448 0 18534502 0
449 0 19865476 0
450 1 1164568 5384
451 0 19740302 0
452 1 929742 4254
453 1 840696 3839
454 0 19585058 0
455 1 712676 3271
456 1 759753 3466
457 1 599929 2770
458 0 19234773 0
459 1 949989 4376
460 1 139302 632
461 1 878937 4054
462 0 20200019 0
463 0 15607040 0
464 0 20254077 0
465 0 21183826 0
466 0 19761002 0
467 1 240158 1073
468 0 19798700 0
469 0 20046937 0
470 1 365207 1666
471 0 19872012 0
472 1 740664 3379
473 0 19971034 0
474 1 947220 4375
475 0 18854289 0
476 0 15513748 0
477 1 1170091 5387
478 1 1332719 6161
479 0 20905792 0
480 1 629540 2876
481 0 20356535 0
482 1 648527 2982
483 0 22849681 0
484 0 21746020 0
485 0 22704557 0
486 1 253980 1136
487 1 1382797 6391
488 1 555585 2561
489 0 21624139 0
490 1 826148 3802
491 0 20265360 0
492 1 1262133 5831
493 0 19719943 0
494 0 19119125 0
495 1 543034 2493
496 1 456630 2084
497 0 22243925 0
498 1 632432 2892
499 1 588904 2716
500 1 1098512 5069
501 0 22509727 0
502 1 924465 4219
503 1 967232 4422
504 0 19376296 0
505 1 778836 3583
506 0 20513545 0
507 0 20205188 0
508 0 19001039 0
509 0 18874196 0
510 0 20700618 0
511 1 999456 4554
512 0 19824059 0
513 1 563919 2584
514 1 1263344 5844
515 1 1088695 5012
516 1 846309 3916
517 0 22356510 0
518 0 19577867 0
519 1 485251 2219
520 1 876328 4040
521 1 649716 3001
522 1 538489 2485
523 1 1141614 5277
524 1 923732 4272
525 0 19121227 0
526 0 20357337 0
527 0 20344729 0
528 1 1556829 7171
529 1 643039 2966
530 1 1179848 5441
531 0 19878975 0
532 0 19287171 0
533 0 22028006 0
534 0 22352267 0
535 1 1070003 4922
536 1 1204269 5570
537 0 22583744 0
538 1 504222 2319
539 0 20775752 0
540 0 23188658 0
541 0 22644899 0
542 0 22803613 0
543 1 800639 4197
544 1 912829 4219
545 0 22484110 0
546 0 21713405 0
547 0 20100460 0
548 1 1267777 5829
549 1 242165 1107
550 0 20421767 0
551 1 1230165 5668
552 0 20147055 0
553 1 673687 3024
554 1 729692 3373
555 0 19974101 0
556 1 1193077 5502
557 0 19560769 0
558 1 967709 4458
559 0 19645248 0
560 1 821174 3778
561 1 1281139 5921
562 0 21233368 0
563 0 15996359 0
564 0 19051127 0
565 1 1050937 4863
566 0 18834414 0
567 0 19016357 0
568 0 21805437 0
569 1 613486 2807
570 1 667509 3087
571 0 15481175 0
572 1 1073072 4961
573 1 566464 2609
574 1 622900 2870
575 0 21330526 0
576 1 557936 2547
577 0 18829009 0
578 1 284719 1298
579 0 18464805 0
580 0 22056974 0
581 0 21359722 0
582 0 21951460 0
583 1 1086328 5018
584 1 426711 1921
585 0 15653126 0
586 0 18947303 0
587 0 15820116 0
588 1 708977 3251
589 0 19269631 0
590 1 908389 4188
591 0 19239259 0
592 1 773374 4062
593 0 19183876 0
594 0 19331398 0
595 0 19577906 0
596 0 19584780 0
597 1 1067205 4934
598 0 20615136 0
599 0 20331236 0
600 0 15464250 0
601 1 770307 3560
602 0 19650339 0
603 1 904024 4165
604 0 20036025 0
605 0 18796576 0
606 1 663849 3028
607 0 20004298 0
608 0 21345400 0
609 0 19960305 0
610 0 19354709 0
611 0 22600169 0
612 0 20351851 0
613 0 15407409 0
614 0 19856172 0
615 0 22270111 0
616 0 19872955 0
617 0 21366676 0
618 0 20664427 0
619 0 15540213 0
620 0 20818817 0
621 0 19192613 0
622 0 19258919 0
623 0 19016891 0
624 1 1715068 7939
625 0 20263340 0
626 0 15193041 0
627 0 18781088 0
628 1 1088308 5012
629 1 452534 2359
630 0 20790436 0
631 1 955109 4405
632 1 2118830 9811
633 0 22496280 0
634 0 20780978 0
635 0 19052499 0
636 0 19456600 0
637 0 20196356 0
638 0 20831753 0
639 0 19587287 0
640 0 20543023 0
641 0 21085792 0
642 1 948462 4347
643 0 19034182 0
644 0 20540501 0
645 1 590454 2698
646 0 19375811 0
647 0 22320827 0
648 0 15443854 0
649 0 18924981 0
650 0 18864012 0
651 1 601648 2759
652 0 19993688 0
653 0 22160760 0
654 0 22240001 0
655 0 20259527 0
656 0 15560686 0
657 1 648169 2967
658 0 19093344 0
659 1 915507 4218
660 0 20314832 0
661 0 19121564 0
662 0 19214616 0
663 1 1412989 6531
664 0 20625382 0
665 0 20993490 0
666 0 20896671 0
667 1 1176209 5401
668 1 856775 3916
669 1 867670 4011
670 0 20647923 0
671 0 15463843 0
672 1 877534 4034
673 0 20775628 0
674 0 19856492 0
675 0 22191006 0
676 0 20963403 0
677 1 1795416 8251
678 0 20103560 0
679 0 18913326 0
680 0 19379515 0
681 0 22183075 0
682 0 19277771 0
683 0 18677819 0
684 0 18975973 0
685 1 683434 3135
686 1 1271806 5814
687 0 19635726 0
688 0 20608139 0
689 0 19395053 0
690 1 1115011 5102
691 1 718482 3303
692 1 774368 3555
693 0 21045780 0
694 0 21415545 0
695 1 1032093 4722
696 1 989600 4545
697 0 18680026 0
698 0 19128882 0
699 0 19970153 0
700 0 21044412 0
701 1 1257928 5817
702 1 826259 3815
703 1 461652 2085
704 1 945638 4373
705 1 641481 2959
706 1 649069 3001
707 0 18504901 0
708 0 18860550 0
709 0 19791600 0
710 1 1344015 6189
711 1 780733 3595
712 1 794429 3662
713 0 19074215 0
714 1 782233 3588
715 0 20389177 0
716 1 1127497 5200
717 1 211840 956
718 1 1438239 6661
719 0 18911926 0
720 0 18574981 0
721 0 20775167 0
722 1 696354 3198
723 0 19283866 0
724 0 19636403 0
725 0 19377271 0
726 0 19567825 0
727 0 19048991 0
728 1 744840 3426
729 0 19310497 0
730 0 15663635 0
731 0 19488061 0
732 1 1004611 4640
733 1 387697 1781
734 1 143226 650
735 1 765661 3529
736 0 19547806 0
737 1 1824269 8411
738 0 19372674 0
739 1 585397 2675
740 0 18959249 0
741 1 1021648 5367
742 1 788762 3642
743 1 953398 4415
744 1 1259151 5820
745 0 20825921 0
746 0 21138887 0
747 0 20817664 0
748 1 1177831 5433
749 0 22074440 0
750 0 15738727 0
751 0 19899750 0
752 0 20859258 0
753 1 895766 4119
754 0 18344811 0
755 0 20049806 0
756 1 748454 3421
757 0 15897205 0
758 0 19957906 0
759 0 15410419 0
760 0 21712566 0
761 1 957990 4985
762 1 637504 2930
763 1 779785 3582
764 0 20594709 0
765 0 21438579 0
766 1 716769 3280
767 0 23161398 0
768 1 186442 836
769 0 20901008 0
770 1 482715 2185
771 0 19346174 0
772 0 15428503 0
773 0 21053661 0
774 1 1042502 4794
775 0 19700883 0
776 1 1140584 5235
777 0 20271407 0
778 0 15428653 0
779 1 582428 2645
780 1 30223 120
781 1 1026199 4747
782 0 19317621 0
783 0 20239586 0
784 0 21978492 0
785 0 15536200 0
786 1 930033 4279
787 1 526928 2366
788 0 19793388 0
789 0 19909953 0
790 0 22410524 0
791 0 20057942 0
792 0 20832208 0
793 0 20676706 0
794 1 732847 3356
795 0 20265750 0
796 0 19479868 0
797 1 1017604 4694
798 0 19337421 0
799 0 20059006 0
800 0 20417907 0
801 0 15501607 0
802 0 20849001 0
803 1 403949 1827
804 0 19062692 0
805 1 631203 2891
806 0 20160266 0
807 0 20984402 0
808 1 1220807 5640
809 0 19135115 0
810 0 22355497 0
811 0 20476915 0
812 0 20645571 0
813 0 20193203 0
814 1 638373 2938
815 1 788030 3638
816 0 19232260 0
817 0 19154332 0
818 1 968075 4458
819 1 874669 4018
820 0 19172767 0
821 1 1744972 8039
822 1 1137861 5249
823 1 745495 3920
824 0 18603812 0
825 0 22157196 0
826 0 19364218 0
827 0 18748167 0
828 0 21884672 0
829 1 754212 3462
830 0 20858048 0
831 0 19430227 0
832 1 551412 2510
833 0 19536297 0
834 0 22568800 0
835 1 1090458 4979
836 0 20588622 0
837 1 867811 3975
838 1 1008891 4653
839 0 18961046 0
840 0 19968786 0
841 0 19420982 0
842 0 20048386 0
843 0 21601424 0
844 0 15664455 0
845 1 417505 2174
846 0 19705009 0
847 0 19324762 0
848 1 865647 3957
849 0 21592621 0
850 0 19656930 0
851 1 946662 4945
852 0 20191243 0
853 0 15810199 0
854 1 700876 3658
855 0 20328389 0
856 1 187776 822
857 0 15739422 0
858 0 21383305 0
859 1 959569 4383
860 0 19958275 0
861 0 21115600 0
862 0 15612708 0
863 0 15569197 0
864 0 18801863 0
865 0 20654160 0
866 0 22093061 0
867 0 21259087 0
868 0 22840576 0
869 0 18969807 0
870 0 21808136 0
871 1 371385 1689
872 0 22478678 0
873 0 21624108 0
874 1 1907937 8802
875 0 21971087 0
876 1 985379 5142
877 0 19213526 0
878 0 19848374 0
879 1 284679 1421
880 0 20748764 0
881 1 186574 832
882 0 19523840 0
883 1 788779 3607
884 0 19912052 0
885 1 1039822 4769
886 0 22687526 0
887 1 304436 1378
888 1 461501 2117
889 0 20957284 0
890 0 19377371 0
891 0 19834029 0
892 1 1183086 5447
893 0 22576597 0
894 0 19605933 0
895 0 19090430 0
896 1 369153 1683
897 0 19618996 0
898 0 19623506 0
899 0 20511184 0
900 1 915721 4788
901 1 746410 3435
902 1 856126 3941
903 0 22477965 0
904 0 22196676 0
905 0 19251533 0
906 1 1061218 4866
907 1 398330 1806
908 0 21609351 0
909 0 21177870 0
910 1 538371 2444
911 1 887840 4083
912 0 19413060 0
913 1 966432 4408
914 0 22700799 0
915 1 2057866 9470
916 0 22685042 0
917 1 471585 2143
918 0 19919955 0
919 1 653914 2985
920 0 19509840 0
921 0 22541148 0
922 0 22129599 0
923 1 1925280 8864
924 1 492916 2258
925 1 384839 1765
926 0 21969805 0
927 0 15728300 0
928 0 18932684 0
929 1 1213497 5547
930 0 15573602 0
931 0 18750332 0
932 0 22436169 0
933 0 21519041 0
934 1 1240530 5711
935 1 1047025 4825
936 0 19113247 0
937 0 19496757 0
938 1 823463 3765
939 1 132789 603
940 0 20279336 0
941 0 19420846 0
942 1 618114 2818
943 0 22551431 0
944 1 1170618 5367
945 0 21136568 0
946 0 20385739 0
947 0 22321033 0
948 0 21706241 0
949 1 1153616 5302
950 0 21660521 0
951 0 19808097 0
952 0 22066084 0
953 1 922777 4831
954 0 19351198 0
955 0 19710509 0
956 1 650879 2994
957 1 1539601 7125
958 0 19251544 0
959 0 19834459 0
960 0 18946479 0
961 1 486500 2240
962 0 21590109 0
963 1 1130178 5220
964 1 1320224 6097
965 1 926207 4280
966 0 19943843 0
967 0 19944842 0
968 1 683388 3133
969 0 21567179 0
970 1 1000948 4606
971 0 20414618 0
972 0 21155121 0
973 1 685744 3126
974 0 21941247 0
975 0 21081259 0
976 1 733822 3347
977 0 19371575 0
978 1 910485 4172
979 1 1789318 8258
980 1 577452 2649
981 1 702505 3228
982 0 22746502 0
983 1 684046 3563
984 0 22243440 0
985 1 787680 3570
986 1 690971 3173
987 0 20342965 0
988 0 19585661 0
989 1 867774 3962
990 0 20523022 0
991 0 19337252 0
992 0 15704842 0
993 1 839608 3845
994 1 807464 3716
995 0 18819368 0
996 1 929021 4251
997 0 18993353 0
998 0 19323716 0
999 0 19673946 0
1000 1 798327 3647
1001 0 20440567 0
1002 0 21685942 0
1003 0 21337731 0
1004 1 917913 4209
1005 0 15644831 0
1006 0 19911072 0
1007 0 20027746 0
1008 1 1313962 6087
1009 0 19057423 0
1010 1 519329 2714
1011 0 20971662 0
1012 0 15825897 0
1013 0 19282787 0
1014 1 533763 2432
1015 0 19192445 0
1016 0 20070588 0
1017 0 22629000 0
1018 0 21492137 0
1019 0 21420621 0
1020 0 21942507 0
1021 1 596057 3124
1022 1 1106704 5034
1023 0 22542415 0
1024 0 20835438 0
1025 0 22023439 0
1026 0 21914125 0
1027 1 724601 3316
1028 1 1025709 4703
1029 1 756033 3465
1030 0 20853911 0
1031 1 255619 1144
1032 1 579227 2659
1033 0 21762821 0
1034 1 1274036 5855
1035 1 870100 4002
1036 0 20835487 0
1037 1 979602 4485
1038 0 20540913 0
1039 1 1738830 8017
1040 0 22899213 0
1041 0 22107771 0
1042 0 21418282 0
1043 1 864352 3949
1044 0 21120324 0
1045 0 20457072 0
1046 0 19672495 0
1047 0 19034519 0
1048 0 21505379 0
1049 1 534973 2780
1050 1 1190275 5486
1051 0 19703750 0
1052 0 19383701 0
1053 0 15556411 0
1054 1 1269836 5841
1055 0 20092998 0
1056 0 19352415 0
1057 1 654267 2988
1058 1 1024671 4713
1059 0 21312876 0
1060 1 124577 539
1061 1 234761 1072
1062 1 1089962 5042
1063 1 866536 4545
1064 0 18839822 0
1065 0 18461623 0
1066 0 21617818 0
1067 0 22333290 0
1068 1 317399 1436
1069 0 21418100 0
1070 0 20845740 0
1071 1 574950 2640
1072 1 926062 4274
1073 1 246739 1111
1074 0 20281492 0
1075 0 16113067 0
1076 1 464999 2126
1077 1 715359 3297
1078 0 19575285 0
1079 0 19751368 0
1080 1 1107357 5113
1081 0 20664107 0
1082 0 19850657 0
1083 1 984892 4553
1084 0 15624250 0
1085 1 923946 4856
1086 1 1050707 4862
1087 0 20258984 0
1088 1 1292595 5925
1089 1 701503 3224
1090 0 18733379 0
1091 0 18521804 0
1092 1 324796 1466
1093 0 19661973 0
1094 1 660490 3046
1095 1 922238 4266
1096 1 690713 3186
1097 0 19597384 0
1098 0 19967348 0
1099 0 20841083 0
1100 0 20029151 0
1101 0 22669887 0
1102 0 19420774 0
1103 0 22229291 0
1104 1 250578 1139
1105 1 770772 3540
1106 1 1513370 7015
1107 0 22091219 0
1108 1 1819676 8456
1109 1 939957 4345
1110 1 242564 1091
1111 0 21798877 0
1112 0 15512489 0
1113 0 20408814 0
1114 0 19222378 0
1115 1 1115929 5146
1116 1 939908 4339
1117 0 19960966 0
1118 1 1275956 5885
1119 0 22347435 0
1120 0 19880407 0
1121 0 15790533 0
1122 0 18946542 0
1123 0 20843455 0
1124 0 19938756 0
1125 1 803566 3694
1126 0 22411507 0
1127 1 1113237 5081
1128 1 843451 3885
1129 1 1224388 5658
1130 0 19401455 0
1131 0 22437025 0
1132 1 999137 4605
1133 0 15630831 0
1134 1 911764 4210
1135 0 22878627 0
1136 1 880876 4066
1137 0 21194458 0
1138 1 649855 2977
1139 0 21346652 0
1140 1 720893 3319
1141 1 982511 4536
1142 1 614025 2812
1143 0 20053460 0
1144 1 956261 4398
1145 1 519131 2393
1146 0 20730637 0
1147 1 934142 4309
1148 0 19792855 0
1149 0 15288195 0
1150 1 1242389 5731
1151 1 1108883 5128
1152 1 1276619 5911
1153 0 19381622 0
1154 1 441081 2004
1155 0 19800931 0
1156 0 19843788 0
1157 0 22548631 0
1158 0 17489344 0
1159 1 340934 1557
1160 0 19629063 0
1161 1 112183 468
1162 0 20069735 0
1163 0 21198697 0
1164 0 19484595 0
1165 0 19870983 0
1166 0 19416387 0
1167 0 20083708 0
1168 0 20698901 0
1169 0 20469247 0
1170 0 19364261 0
1171 0 18920466 0
1172 0 19324214 0
1173 1 526506 2737
1174 0 21571490 0
1175 1 1101390 5070
1176 1 1207897 5577
1177 0 19058602 0
1178 0 20939847 0
1179 0 19643131 0
1180 0 19886853 0
1181 1 530696 2430
1182 0 20189757 0
1183 0 18954517 0
1184 0 18621415 0
1185 0 20770497 0
1186 1 971876 4480
1187 0 20296202 0
1188 0 19535821 0
1189 1 370736 1680
1190 0 19297887 0
1191 0 18683634 0
1192 0 20674529 0
1193 1 822421 3797
1194 1 412764 1895
1195 1 2023621 9397
1196 1 822941 3802
1197 0 20307937 0
1198 1 1105233 5102
1199 0 22192508 0
