0 0 15709197 0
1 0 19579457 0
2 0 20408345 0
3 0 20021104 0
4 0 19875179 0
5 0 15639661 0
6 0 19588029 0
7 0 20131807 0
8 0 15635178 0
9 0 20311761 0
10 0 22253838 0
11 0 21181843 0
12 0 21840010 0
13 0 21619819 0
14 0 22044977 0
15 0 22965385 0
16 0 22492291 0
17 0 21758576 0
18 0 20505129 0
19 0 21130591 0
20 0 22581509 0
21 0 19523539 0
22 0 20059653 0
23 0 19643076 0
24 0 15775529 0
25 0 21826424 0
26 0 21376052 0
27 0 16030818 0
28 0 19609249 0
29 0 19526661 0
30 0 19228887 0
31 0 15715415 0
32 0 19394752 0
33 0 15141402 0
34 0 18892145 0
35 0 18830068 0
36 0 19495346 0
37 0 19293839 0
38 0 20115279 0
39 0 19768364 0
40 0 19358212 0
41 0 15582555 0
42 0 18554075 0
43 0 19232764 0
44 1 33105 124
45 0 18445031 0
46 0 19241036 0
47 0 19245594 0
48 0 19920447 0
49 0 15660738 0
50 0 20395407 0
51 0 15605021 0
52 0 19731976 0
53 0 21441696 0
54 0 18507590 0
55 0 15595425 0
56 0 22077261 0
57 0 20014588 0
58 0 19107546 0
59 0 21762434 0
60 0 20325185 0
61 0 22523596 0
62 0 19986464 0
63 0 22057762 0
64 0 22697262 0
65 0 16003912 0
66 0 20584471 0
67 0 19735425 0
68 0 19057292 0
69 0 20473979 0
70 0 15831270 0
71 0 19911040 0
72 0 19630906 0
73 0 19537925 0
74 0 19796288 0
75 0 15574798 0
76 0 20403008 0
77 0 15512305 0
78 0 20137818 0
79 0 15558158 0
80 0 15578464 0
81 0 19392991 0
82 0 19655934 0
83 0 19597743 0
84 0 20234058 0
85 0 15441298 0
86 0 20720581 0
87 0 19385817 0
88 0 19513957 0
89 0 20666483 0
90 0 15507814 0
91 0 21085289 0
92 0 19235680 0
93 0 20272907 0
94 1 16122 25
95 0 19893660 0
96 0 19091780 0
97 0 21733237 0
98 0 20115558 0
99 0 22097158 0
100 0 21340004 0
101 0 19396863 0
102 0 22853102 0
103 0 20288997 0
104 0 21125078 0
105 0 22034429 0
106 0 15955238 0
107 0 21067098 0
108 0 19731294 0
109 0 19228300 0
110 1 174440 773
111 0 20276160 0
112 0 22326084 0
113 0 15881477 0
114 0 22834499 0
115 0 20614012 0
116 0 22619503 0
117 0 15629412 0
118 0 22265164 0
119 0 20133534 0
120 0 21846839 0
121 0 21476994 0
122 0 22553592 0
123 0 22824283 0
124 0 22356899 0
125 0 22040754 0
126 0 15497134 0
127 0 20399238 0
128 0 19422508 0
129 0 15535485 0
130 0 19325920 0
131 0 21851560 0
132 0 21349407 0
133 0 21070724 0
134 0 20046943 0
135 0 19866660 0
136 0 21022730 0
137 0 21237045 0
138 0 19880666 0
139 0 15225287 0
140 0 15511352 0
141 0 18517293 0
142 0 19467518 0
143 0 19655597 0
144 0 20368872 0
145 0 15764816 0
146 0 18766016 0
147 0 18718172 0
148 0 15602067 0
149 0 18636007 0
150 0 21422544 0
151 0 19196117 0
152 0 20887448 0
153 0 19329889 0
154 0 20411817 0
155 0 22162882 0
156 0 19642996 0
157 0 22588452 0
158 0 22472432 0
159 0 20958516 0
160 0 22696294 0
161 0 15371401 0
162 0 15342051 0
163 0 21464902 0
164 0 15979641 0
165 0 21081735 0
166 0 21238683 0
167 0 20009919 0
168 0 19455806 0
169 0 16868522 0
170 0 22488638 0
171 0 15474551 0
172 0 19725198 0
173 0 15299830 0
174 0 16119674 0
175 0 15598095 0
176 0 19201225 0
177 0 15848875 0
178 0 18911158 0
179 0 15812245 0
180 0 19054983 0
181 0 18751510 0
182 0 19537998 0
183 0 15695426 0
184 0 19176434 0
185 0 15908728 0
186 1 68413 285
187 0 20086393 0
188 0 18509717 0
189 0 18704797 0
190 0 20380244 0
191 0 19451718 0
192 0 19153945 0
193 0 19418501 0
194 0 20992293 0
195 0 19151811 0
196 0 19514984 0
197 0 19883781 0
198 0 21666920 0
199 0 19363591 0
200 0 15620911 0
201 0 18945165 0
202 0 20003878 0
203 0 19758110 0
204 0 15424558 0
205 0 22326587 0
206 0 21137205 0
207 0 19022686 0
208 0 19435319 0
209 0 15932523 0
210 0 19422247 0
211 0 19938949 0
212 0 15983602 0
213 0 15723407 0
214 0 19984999 0
215 0 20643784 0
216 0 22809698 0
217 0 15607630 0
218 0 15439774 0
219 0 18900062 0
220 0 19518092 0
221 0 15683959 0
222 0 16305884 0
223 1 10589 8
224 0 18708989 0
225 0 22086137 0
226 0 18847409 0
227 0 19320714 0
228 0 19569569 0
229 1 51470 219
230 0 21779040 0
231 0 15831447 0
232 0 18773973 0
233 0 15520021 0
234 0 19173819 0
235 0 15269894 0
236 0 22127061 0
237 0 21364760 0
238 0 20057218 0
239 0 22462028 0
240 0 22423499 0
241 0 19137895 0
242 0 18587890 0
243 0 15285867 0
244 0 18648964 0
245 0 20021865 0
246 0 19054858 0
247 0 18921201 0
248 0 20650126 0
249 0 18754700 0
250 0 19278393 0
251 0 18963894 0
252 0 21294706 0
253 0 20339348 0
254 0 20155938 0
255 0 15792618 0
256 0 19219968 0
257 0 15554445 0
258 0 19040018 0
259 0 19051247 0
260 0 18144025 0
261 0 19403313 0
262 0 19372954 0
263 0 15939408 0
264 0 19215184 0
265 0 19225521 0
266 0 19808933 0
267 0 19479220 0
268 0 19378018 0
269 0 15614458 0
270 0 20279665 0
271 0 19082891 0
272 0 20657615 0
273 0 21129932 0
274 0 20871886 0
275 0 20582915 0
276 0 20002783 0
277 0 15694610 0
278 0 18900830 0
279 0 18588855 0
280 0 19503408 0
281 0 15268892 0
282 0 20456508 0
283 0 15710467 0
284 0 19702924 0
285 0 18895913 0
286 0 22125189 0
287 0 21638735 0
288 0 19501305 0
289 0 19563233 0
290 0 20944842 0
291 0 19734309 0
292 0 20133029 0
293 0 21231240 0
294 0 20106281 0
295 0 21201196 0
296 0 19344955 0
297 0 15523307 0
298 0 19080062 0
299 0 19668645 0
300 0 21714234 0
301 0 19583451 0
302 0 20088968 0
303 0 19991111 0
304 0 19618340 0
305 0 20085115 0
306 0 19723859 0
307 0 18583613 0
308 0 15364270 0
309 0 19264985 0
310 0 19687737 0
311 0 19282648 0
312 0 21981534 0
313 0 21691207 0
314 0 20080813 0
315 0 21897888 0
316 0 19342511 0
317 1 90186 405
318 0 21126977 0
319 0 19274184 0
320 0 18401594 0
321 0 20514890 0
322 0 19426572 0
323 0 21136238 0
324 0 18180008 0
325 0 19545037 0
326 0 19597150 0
327 0 20062952 0
328 0 21202798 0
329 0 20615441 0
330 0 20018123 0
331 0 15862407 0
332 0 19567878 0
333 0 18246823 0
334 0 21755133 0
335 0 19721490 0
336 0 19630650 0
337 0 18516049 0
338 0 21842601 0
339 0 15838465 0
340 0 21164195 0
341 0 21773558 0
342 0 21253230 0
343 0 15515470 0
344 0 22532695 0
345 0 21817583 0
346 0 20201101 0
347 1 36798 103
348 0 20004110 0
349 0 21924254 0
350 0 19692012 0
351 0 21151197 0
352 0 21000678 0
353 0 19479343 0
354 0 20235364 0
355 0 20829614 0
356 0 22642091 0
357 0 15530488 0
358 0 22053740 0
359 0 15669095 0
360 0 15474766 0
361 0 15620406 0
362 0 15704127 0
363 0 15666321 0
364 0 20422303 0
365 0 15670562 0
366 0 15804592 0
367 0 20672283 0
368 0 19079472 0
369 0 19416726 0
370 0 18960662 0
371 0 15795355 0
372 0 20624746 0
373 0 21519859 0
374 0 19122305 0
375 0 15986657 0
376 0 21013685 0
377 0 18972274 0
378 0 21752618 0
379 0 20040911 0
380 0 15690701 0
381 0 20499287 0
382 0 20868496 0
383 0 20040971 0
384 0 19193581 0
385 0 19397626 0
386 0 19198807 0
387 0 19968825 0
388 0 20074874 0
389 0 20500767 0
390 0 22309835 0
391 0 15875618 0
392 0 21593760 0
393 0 19999177 0
394 0 19823912 0
395 0 22410424 0
396 0 15642093 0
397 0 21408567 0
398 0 22094745 0
399 0 20093111 0
400 0 21099470 0
401 0 20239933 0
402 0 20166202 0
403 0 20278380 0
404 1 124929 543
405 0 22865032 0
406 0 20538597 0
407 0 15668091 0
408 0 20459160 0
409 0 15456455 0
410 0 20105435 0
411 0 20943499 0
412 0 20897091 0
413 0 21021637 0
414 0 20225934 0
415 0 21474716 0
416 0 15966241 0
417 0 20003369 0
418 0 20346382 0
419 1 31330 84
420 0 20831336 0
421 0 19026759 0
422 0 20551002 0
423 0 19873050 0
424 0 21803880 0
425 0 20440646 0
426 0 19511984 0
427 0 20223689 0
428 0 15752530 0
429 0 22495554 0
430 0 15816386 0
431 0 20359387 0
432 0 20868622 0
433 0 15867069 0
434 0 19999773 0
435 0 19090255 0
436 0 19605566 0
437 0 19069880 0
438 0 19802123 0
439 0 19147601 0
440 0 19467342 0
441 0 19431087 0
442 0 20520950 0
443 0 19579354 0
444 0 21431295 0
445 0 19767763 0
446 0 18755125 0
447 0 19393073 0
448 0 21136544 0
449 0 20926764 0
450 0 20071823 0
451 0 15829542 0
452 0 21928378 0
453 0 21118558 0
454 0 15700577 0
455 0 20507146 0
456 0 22028454 0
457 0 19183446 0
458 0 18937220 0
459 0 15906049 0
460 0 19161419 0
461 0 19469067 0
462 0 22563162 0
463 0 20076980 0
464 0 20025738 0
465 0 19782976 0
466 0 19149085 0
467 0 15816019 0
468 0 18914736 0
469 0 19713972 0
470 0 18851830 0
471 0 19148735 0
472 0 19119192 0
473 0 19811049 0
474 0 19051993 0
475 0 20515826 0
476 0 19788173 0
477 0 15300082 0
478 0 16396794 0
479 0 20787761 0
480 0 20436886 0
481 0 15900232 0
482 0 18606681 0
483 0 19176119 0
484 0 19465694 0
485 0 19798931 0
486 0 19522899 0
487 0 18807091 0
488 0 19616305 0
489 0 18504526 0
490 0 19434272 0
491 0 19411556 0
492 0 19842392 0
493 0 19835944 0
494 0 19070201 0
495 0 19684342 0
496 0 19404814 0
497 0 19048039 0
498 0 19585339 0
499 0 15641306 0
500 0 19586165 0
501 0 19331705 0
502 0 18618418 0
503 0 20070008 0
504 0 15563858 0
505 0 15525606 0
506 0 19740087 0
507 0 19465078 0
508 0 19695271 0
509 0 19880502 0
510 0 19077564 0
511 0 19099969 0
512 0 19390935 0
513 0 18858421 0
514 0 15817509 0
515 0 20031994 0
516 0 18370012 0
517 0 18940637 0
518 0 19071015 0
519 0 19635036 0
520 0 20425077 0
521 0 21420936 0
522 0 15522047 0
523 0 20902835 0
524 0 20744814 0
525 0 20484990 0
526 0 19840485 0
527 0 15405065 0
528 0 18789184 0
529 0 19617772 0
530 0 19941230 0
531 0 20245529 0
532 0 19627244 0
533 0 21582682 0
534 0 21942006 0
535 0 21457285 0
536 0 19044542 0
537 0 20228888 0
538 0 19356920 0
539 0 19580213 0
540 0 15408479 0
541 0 18631573 0
542 0 20533252 0
543 0 19861748 0
544 0 15648009 0
545 0 20524423 0
546 0 19623369 0
547 0 20240332 0
548 0 19043577 0
549 0 21149880 0
550 0 15781624 0
551 0 19843692 0
552 0 19722476 0
553 0 15529641 0
554 0 20546817 0
555 0 20129896 0
556 0 20979706 0
557 0 19309226 0
558 0 19606826 0
559 0 22433077 0
560 0 22398367 0
561 0 19097415 0
562 0 20689758 0
563 0 15895340 0
564 0 19054078 0
565 0 20506211 0
566 0 20381647 0
567 0 21877605 0
568 0 20655961 0
569 0 15694647 0
570 0 20455266 0
571 0 16314364 0
572 0 19952921 0
573 0 15511605 0
574 0 20717092 0
575 0 15368939 0
576 0 20107916 0
577 0 19066276 0
578 0 20402208 0
579 0 19311392 0
580 0 18943049 0
581 0 22255018 0
582 0 21830228 0
583 0 19208148 0
584 0 16033393 0
585 0 19730480 0
586 0 20078062 0
587 0 15391531 0
588 0 19610172 0
589 0 21606058 0
590 0 15232646 0
591 0 21184157 0
592 0 16017935 0
593 0 19677029 0
594 0 19753919 0
595 0 15542432 0
596 1 14998 40
597 0 19781470 0
598 0 19562824 0
599 0 21398948 0
600 0 20342963 0
601 0 15569862 0
602 0 19440681 0
603 0 19104479 0
604 0 15786410 0
605 0 18764304 0
606 0 19367435 0
607 0 19543707 0
608 0 19871857 0
609 0 19894437 0
610 0 21881400 0
611 0 19371838 0
612 0 20565322 0
613 0 20150959 0
614 0 21089292 0
615 0 19506731 0
616 0 22081161 0
617 0 15483176 0
618 0 20349897 0
619 0 15669842 0
620 0 22374711 0
621 0 20834264 0
622 0 15634186 0
623 0 15475214 0
624 0 19410186 0
625 0 19504837 0
626 0 21352753 0
627 0 20623485 0
628 0 20499209 0
629 0 21279266 0
630 0 22559733 0
631 0 22232793 0
632 0 19873440 0
633 0 19553574 0
634 0 19049650 0
635 0 21076773 0
636 0 18788369 0
637 0 19105154 0
638 0 15680195 0
639 0 18689118 0
640 0 18770925 0
641 0 22420479 0
642 1 14294 26
643 0 22552068 0
644 0 21291524 0
645 0 20340789 0
646 0 15589008 0
647 0 18696742 0
648 0 20266609 0
649 0 15265560 0
650 0 19720729 0
651 0 20021275 0
652 0 20972196 0
653 0 18416317 0
654 0 15454056 0
655 0 19921699 0
656 0 21186084 0
657 0 20942243 0
658 0 22415918 0
659 0 21725864 0
660 0 21295066 0
661 0 15848556 0
662 0 19058809 0
663 0 20473320 0
664 0 18291791 0
665 0 18625712 0
666 0 20527113 0
667 0 19697620 0
668 0 19301909 0
669 0 18634293 0
670 0 18648848 0
671 0 21806555 0
672 0 20097658 0
673 0 19240804 0
674 0 20487920 0
675 0 20121843 0
676 0 15690429 0
677 0 19043405 0
678 0 22476837 0
679 0 21530538 0
680 0 19785069 0
681 0 19362337 0
682 0 20078197 0
683 0 21668917 0
684 0 22219264 0
685 0 20043122 0
686 0 15486125 0
687 0 19874728 0
688 0 15319694 0
689 0 18561995 0
690 0 18378163 0
691 0 15550427 0
692 0 21946561 0
693 0 19984597 0
694 0 19767944 0
695 0 15641970 0
696 0 20194053 0
697 0 19693643 0
698 0 19711612 0
699 0 19539914 0
700 0 18656419 0
701 0 22475994 0
702 0 21391128 0
703 0 15392616 0
704 0 19088941 0
705 0 19636514 0
706 0 18573881 0
707 0 19084355 0
708 0 21790367 0
709 0 19758961 0
710 0 20577304 0
711 0 19410132 0
712 0 18584542 0
713 0 20407943 0
714 0 19963978 0
715 0 18328345 0
716 0 15286359 0
717 0 18970486 0
718 0 18376908 0
719 0 20147483 0
720 0 19344474 0
721 0 15540069 0
722 0 18831800 0
723 0 19459104 0
724 0 21272528 0
725 0 20116330 0
726 0 19216192 0
727 0 19145748 0
728 0 18812303 0
729 0 19299364 0
730 0 21779256 0
731 0 20940497 0
732 0 20303150 0
733 0 19297976 0
734 0 18843301 0
735 0 19420153 0
736 0 18323444 0
737 0 19429072 0
738 0 19856213 0
739 0 18832748 0
740 0 21026895 0
741 0 19751792 0
742 0 19705944 0
743 0 19658414 0
744 0 15659039 0
745 0 19213205 0
746 0 15393835 0
747 0 19810347 0
748 0 15610420 0
749 0 15702201 0
750 0 18748469 0
751 0 20040449 0
752 0 18861842 0
753 0 19476343 0
754 0 16393792 0
755 0 20100094 0
756 0 18210848 0
757 0 17005302 0
758 0 19568132 0
759 0 19174231 0
760 0 19877172 0
761 0 18938042 0
762 0 19562952 0
763 0 19332288 0
764 0 22573025 0
765 0 20472992 0
766 0 20009532 0
767 0 19576336 0
768 0 19311543 0
769 0 20584459 0
770 0 19274480 0
771 0 20862620 0
772 0 21598122 0
773 0 19497745 0
774 0 19246620 0
775 0 20264247 0
776 0 19866627 0
777 0 19329053 0
778 0 15700172 0
779 0 19199053 0
780 0 22660431 0
781 0 22177770 0
782 0 20627630 0
783 0 21800502 0
784 0 20077160 0
785 0 19537792 0
786 0 19559725 0
787 0 15623818 0
788 0 19943845 0
789 0 20220866 0
790 0 18548865 0
791 0 18798972 0
792 0 18778161 0
793 0 20222185 0
794 0 18384222 0
795 0 15456548 0
796 0 15539450 0
797 0 19937615 0
798 0 19024130 0
799 0 21695232 0
800 0 19667735 0
801 0 19688750 0
802 0 19823764 0
803 0 21202925 0
804 0 15573230 0
805 0 20296445 0
806 0 18675333 0
807 0 22559996 0
808 0 22985403 0
809 0 20224368 0
810 0 22224274 0
811 0 22128374 0
812 0 19961647 0
813 0 18646331 0
814 0 21999299 0
815 0 20278969 0
816 0 19450401 0
817 0 23064290 0
818 0 21601384 0
819 0 20023788 0
820 0 19583054 0
821 0 19685131 0
822 0 19892037 0
823 0 15563626 0
824 0 15440941 0
825 0 16140136 0
826 0 21958637 0
827 0 22857204 0
828 0 19879920 0
829 0 15550283 0
830 0 15706031 0
831 0 18853068 0
832 0 18360174 0
833 0 20652764 0
834 0 20388486 0
835 0 15626716 0
836 0 18420307 0
837 0 18964464 0
838 1 227699 1012
839 0 15346150 0
840 0 19514948 0
841 0 19441125 0
842 0 20580294 0
843 0 18428709 0
844 0 19121102 0
845 0 22053534 0
846 0 19108483 0
847 0 19620278 0
848 0 19649303 0
849 0 18467779 0
850 0 20214769 0
851 0 19341560 0
852 0 18616434 0
853 0 19290860 0
854 0 20766925 0
855 0 18684986 0
856 0 20779116 0
857 0 19914886 0
858 0 18771808 0
859 0 18792109 0
860 0 19811308 0
861 0 19342109 0
862 0 19631508 0
863 0 19505750 0
864 0 15916697 0
865 0 19098024 0
866 0 16920907 0
867 0 15839151 0
868 0 15836262 0
869 0 19720796 0
870 0 19713231 0
871 0 21559825 0
872 0 15663038 0
873 0 19623578 0
874 0 19848185 0
875 0 20270681 0
876 0 19092625 0
877 0 19555228 0
878 0 18492978 0
879 0 22505602 0
880 0 22273780 0
881 0 15461735 0
882 0 19646663 0
883 0 15793633 0
884 0 19506215 0
885 0 21317056 0
886 0 15653947 0
887 0 19788528 0
888 0 15846032 0
889 0 15319690 0
890 0 15619439 0
891 0 21926853 0
892 0 15188233 0
893 0 20594025 0
894 0 20038101 0
895 0 19936085 0
896 0 19745503 0
897 0 15800399 0
898 0 20306949 0
899 0 19537463 0
900 0 19153682 0
901 0 21885209 0
902 0 20967672 0
903 0 20681975 0
904 0 21073080 0
905 0 19936492 0
906 0 21745356 0
907 0 20062820 0
908 0 20304798 0
909 0 19199466 0
910 0 19833392 0
911 0 15690181 0
912 0 19206117 0
913 0 15976762 0
914 0 18708325 0
915 0 15865738 0
916 0 20473170 0
917 0 20771136 0
918 0 20571511 0
919 0 19339153 0
920 0 21346603 0
921 0 19663882 0
922 0 19800236 0
923 0 15795941 0
924 0 15743994 0
925 0 18986184 0
926 0 19164165 0
927 0 18361028 0
928 0 19256751 0
929 0 19099863 0
930 0 18640472 0
931 0 18063466 0
932 0 18906914 0
933 0 20242828 0
934 0 15698243 0
935 0 19974051 0
936 0 21254701 0
937 0 18637160 0
938 0 19841302 0
939 0 21384840 0
940 0 19865797 0
941 0 19493913 0
942 0 18686369 0
943 0 18953372 0
944 0 19297863 0
945 0 21215416 0
946 0 19092064 0
947 0 18965259 0
948 0 21170859 0
949 0 15780481 0
950 0 21490639 0
951 0 21741762 0
952 0 22526824 0
953 0 15849467 0
954 0 20533759 0
955 0 20393812 0
956 0 21672443 0
957 0 20527451 0
958 0 15590364 0
959 0 19191139 0
960 0 19845694 0
961 0 19292995 0
962 0 22206884 0
963 0 21987362 0
964 0 20698702 0
965 0 15427212 0
966 0 19811318 0
967 0 19255201 0
968 0 19449755 0
969 0 19030770 0
970 0 19600189 0
971 0 15618090 0
972 0 20519405 0
973 0 18255449 0
974 0 22289899 0
975 0 20679702 0
976 0 22300213 0
977 0 19754636 0
978 0 19692854 0
979 0 21874801 0
980 0 15632339 0
981 0 22429758 0
982 0 22173715 0
983 0 21696249 0
984 0 20712204 0
985 0 22804543 0
986 0 21545273 0
987 0 21547054 0
988 0 21006785 0
989 0 15576804 0
990 0 22484429 0
991 0 15075402 0
992 0 21404089 0
993 0 22119210 0
994 0 21700401 0
995 0 20459982 0
996 0 20831899 0
997 0 20237559 0
998 0 22774595 0
999 0 22314923 0
1000 0 15498453 0
1001 0 22772358 0
1002 0 22401190 0
1003 0 22901042 0
1004 0 23054031 0
1005 0 21329559 0
1006 0 19838317 0
1007 0 22076905 0
1008 0 16010691 0
1009 0 19270361 0
1010 0 19344952 0
1011 0 18868849 0
1012 0 18746769 0
1013 0 18873042 0
1014 1 110542 525
1015 0 18845725 0
1016 0 19013387 0
1017 0 21812473 0
1018 0 20410833 0
1019 0 19738105 0
1020 0 19442896 0
1021 0 15499755 0
1022 0 19674805 0
1023 0 21777770 0
1024 0 20376769 0
1025 0 19315757 0
1026 0 19356538 0
1027 0 19135969 0
1028 0 19173701 0
1029 0 19122607 0
1030 0 21070656 0
1031 0 15662867 0
1032 0 20059482 0
1033 0 16067515 0
1034 0 20156598 0
1035 0 19303635 0
1036 0 20660542 0
1037 0 15619161 0
1038 0 19432930 0
1039 0 18924282 0
1040 0 19180492 0
1041 0 19047172 0
1042 0 18881238 0
1043 0 18326451 0
1044 0 20808729 0
1045 0 19972273 0
1046 0 18730537 0
1047 0 22301107 0
1048 0 22169235 0
1049 0 20852735 0
1050 0 19134441 0
1051 0 20940418 0
1052 0 21904713 0
1053 0 19910312 0
1054 0 19940419 0
1055 0 19658332 0
1056 0 20677799 0
1057 0 15499282 0
1058 0 19251653 0
1059 0 19340694 0
1060 0 19667924 0
1061 0 18728894 0
1062 0 19541230 0
1063 0 18456985 0
1064 0 22377077 0
1065 0 19980954 0
1066 0 15651952 0
1067 0 19070922 0
1068 0 19494229 0
1069 0 19240175 0
1070 0 19791386 0
1071 0 15528989 0
1072 0 18925407 0
1073 0 19977181 0
1074 0 15635809 0
1075 0 18774585 0
1076 0 15676446 0
1077 0 19590862 0
1078 0 19781122 0
1079 0 18684453 0
1080 0 21228191 0
1081 0 19429813 0
1082 0 22428443 0
1083 0 20790037 0
1084 0 20983980 0
1085 0 19424447 0
1086 0 22578319 0
1087 0 20061939 0
1088 0 19910661 0
1089 0 18970050 0
1090 0 22782438 0
1091 0 22073491 0
1092 0 20670695 0
1093 0 19645690 0
1094 0 20734787 0
1095 0 21339836 0
1096 0 21025692 0
1097 0 20739159 0
1098 0 19610284 0
1099 0 19091022 0
1100 0 19350425 0
1101 0 19200520 0
1102 0 19217677 0
1103 0 15563511 0
1104 0 18579085 0
1105 0 20107111 0
1106 0 19496716 0
1107 0 19131650 0
1108 0 18380332 0
1109 0 18370712 0
1110 0 20172133 0
1111 0 19225328 0
1112 0 19343260 0
1113 0 19916612 0
1114 0 22435117 0
1115 0 21298644 0
1116 0 19551633 0
1117 0 20599582 0
1118 0 21136015 0
1119 0 19565669 0
1120 0 19571036 0
1121 0 19186705 0
1122 0 19885806 0
1123 0 19806842 0
1124 0 21337974 0
1125 1 146167 629
1126 0 21643652 0
1127 0 18823308 0
1128 0 19636040 0
1129 0 15427558 0
1130 0 19427196 0
1131 0 19240348 0
1132 0 19579490 0
1133 0 19878273 0
1134 0 18884910 0
1135 0 16043659 0
1136 0 18897200 0
1137 0 15614852 0
1138 0 19622402 0
1139 0 21870221 0
1140 0 18860996 0
1141 0 20778831 0
1142 0 15350174 0
1143 0 18763206 0
1144 0 19881733 0
1145 0 15655825 0
1146 0 18941393 0
1147 0 20283695 0
1148 0 21044308 0
1149 0 19308969 0
1150 0 19971837 0
1151 0 15573355 0
1152 0 19160617 0
1153 0 19096993 0
1154 0 19797098 0
1155 0 15409280 0
1156 0 19959419 0
1157 0 18388837 0
1158 0 19019276 0
1159 0 18941860 0
1160 0 21962880 0
1161 0 20363240 0
1162 0 20124581 0
1163 0 15769501 0
1164 0 20260866 0
1165 0 18509388 0
1166 0 18598115 0
1167 0 15717178 0
1168 0 19577117 0
1169 0 19318269 0
1170 0 19653868 0
1171 0 19030183 0
1172 0 21026763 0
1173 0 19264613 0
1174 0 19991662 0
1175 0 19605262 0
1176 0 20877316 0
1177 0 21320286 0
1178 0 19076316 0
1179 0 18796965 0
1180 0 19554408 0
1181 0 18751540 0
1182 0 19502513 0
1183 0 15753153 0
1184 0 18602769 0
1185 0 20533278 0
1186 0 22170284 0
1187 0 15682722 0
1188 0 21114863 0
1189 0 15139109 0
1190 0 19557516 0
1191 0 19067240 0
1192 0 15354708 0
1193 0 15627521 0
1194 0 15717440 0
1195 0 19533959 0
1196 0 20051011 0
1197 0 19840873 0
1198 0 15481421 0
1199 0 19435800 0
0 0 18914927 0
1 0 18059687 0
2 0 20219868 0
3 0 19281723 0
4 0 19634586 0
5 0 18565440 0
6 0 19744063 0
7 0 20244728 0
8 0 20488217 0
9 0 20607615 0
10 0 15703436 0
11 1 251128 1123
12 0 22169499 0
13 0 20599863 0
14 0 22438566 0
15 0 19468014 0
16 0 22284640 0
17 0 22725196 0
18 0 15549967 0
19 0 15450402 0
20 0 19235588 0
21 0 15823127 0
22 0 19880552 0
23 0 20320656 0
24 0 22092601 0
25 0 22382735 0
26 0 22303392 0
27 0 22507616 0
28 0 22432551 0
29 0 15616543 0
30 0 15805857 0
31 0 19879076 0
32 0 19890421 0
33 0 21806026 0
34 0 18961474 0
35 0 19824393 0
36 0 19599753 0
37 0 19647659 0
38 0 22652735 0
39 0 21011867 0
40 0 18277567 0
41 0 19174460 0
42 0 19361431 0
43 0 20953302 0
44 0 18827005 0
45 0 19163135 0
46 0 18885770 0
47 0 22076096 0
48 0 15537728 0
49 0 17353729 0
50 0 20155110 0
51 0 19165137 0
52 0 19027329 0
53 0 19817814 0
54 0 15478298 0
55 0 21693414 0
56 0 20798844 0
57 1 69374 299
58 0 19349860 0
59 0 20521526 0
60 0 22121026 0
61 0 20317303 0
62 0 15694102 0
63 0 19793533 0
64 0 21382827 0
65 0 18980125 0
66 0 18920878 0
67 0 20152292 0
68 0 19120952 0
69 0 18726393 0
70 0 19994215 0
71 0 18610300 0
72 0 22412010 0
73 0 18903794 0
74 0 18771801 0
75 0 19868768 0
76 0 19735013 0
77 0 22397960 0
78 0 19960597 0
79 0 19121867 0
80 0 19024306 0
81 0 19410371 0
82 0 22317770 0
83 0 20631128 0
84 0 19365196 0
85 0 19402133 0
86 0 19759311 0
87 0 21720935 0
88 0 19593530 0
89 0 19118559 0
90 0 19738317 0
91 0 19426161 0
92 0 20036918 0
93 0 15690269 0
94 0 19847973 0
95 0 18884205 0
96 0 19967747 0
97 0 20869860 0
98 0 18486545 0
99 0 19062724 0
100 0 19349654 0
101 0 20409082 0
102 0 15660789 0
103 0 19709067 0
104 0 19105585 0
105 0 20155457 0
106 0 19739331 0
107 0 20074326 0
108 0 18977179 0
109 0 18460133 0
110 0 18999825 0
111 0 21659111 0
112 0 21394865 0
113 0 18935824 0
114 0 18516716 0
115 0 15747558 0
116 0 19479764 0
117 0 21693125 0
118 0 19525597 0
119 0 19349077 0
120 0 19442251 0
121 0 20711590 0
122 0 19908621 0
123 0 19755620 0
124 0 15984328 0
125 0 19686825 0
126 0 18935210 0
127 0 20489522 0
128 0 21770405 0
129 1 129257 579
130 0 21220293 0
131 0 20146661 0
132 0 19832342 0
133 0 15498721 0
134 0 19413168 0
135 0 18907379 0
136 0 22976682 0
137 0 15920765 0
138 0 20417859 0
139 0 22372412 0
140 0 20678187 0
141 0 19075059 0
142 0 20172183 0
143 0 20496218 0
144 0 21933684 0
145 0 15263702 0
146 0 15757469 0
147 0 18971086 0
148 0 20434026 0
149 0 19243763 0
150 0 18961619 0
151 0 19163325 0
152 0 19376650 0
153 0 19246225 0
154 0 18949001 0
155 0 19099868 0
156 0 19389411 0
157 0 19416358 0
158 0 18587606 0
159 0 20758194 0
160 0 19377337 0
161 0 15486106 0
162 0 21285762 0
163 0 15886810 0
164 0 20133892 0
165 0 16902409 0
166 0 19603392 0
167 0 19384214 0
168 0 19353608 0
169 0 19276889 0
170 0 19306256 0
171 0 20517602 0
172 0 18738010 0
173 0 15781205 0
174 0 19448217 0
175 0 22382666 0
176 0 21577866 0
177 0 20140701 0
178 0 19561352 0
179 0 20911494 0
180 0 20839268 0
181 0 19392799 0
182 0 21221514 0
183 0 21952293 0
184 0 22148353 0
185 0 19657527 0
186 0 20883285 0
187 0 18937833 0
188 0 21448911 0
189 0 21073367 0
190 0 19378775 0
191 0 19752259 0
192 0 18983475 0
193 0 20855416 0
194 0 22294230 0
195 0 21355466 0
196 0 21570949 0
197 0 20534429 0
198 0 21514003 0
199 0 21926362 0
200 0 21519859 0
201 0 20897387 0
202 0 22388220 0
203 0 22564852 0
204 0 22015549 0
205 0 19667355 0
206 0 19729904 0
207 0 19988151 0
208 0 20023597 0
209 0 19352509 0
210 0 22820059 0
211 0 22212197 0
212 0 15276745 0
213 0 20181551 0
214 0 22735186 0
215 0 18360568 0
216 0 22125296 0
217 0 20993558 0
218 0 16936350 0
219 0 20760235 0
220 0 19771838 0
221 0 15447709 0
222 0 19674658 0
223 0 20992616 0
224 0 15909535 0
225 0 20547089 0
226 0 20250081 0
227 0 20959955 0
228 0 21477760 0
229 1 104628 509
230 0 21914109 0
231 0 19567996 0
232 0 21253402 0
233 0 20637788 0
234 0 20501311 0
235 0 21598098 0
236 0 20698542 0
237 0 18706822 0
238 0 20707223 0
239 0 20882101 0
240 0 21346596 0
241 0 20206114 0
242 0 22512228 0
243 0 20930722 0
244 0 19473051 0
245 0 19489121 0
246 0 15753071 0
247 1 36128 128
248 0 19753806 0
249 0 19891034 0
250 0 21919006 0
251 0 19644060 0
252 0 19347098 0
253 0 20034803 0
254 0 19427656 0
255 0 22219524 0
256 0 16115069 0
257 0 18984302 0
258 0 19017510 0
259 0 19438672 0
260 0 19992235 0
261 0 19496354 0
262 0 21972743 0
263 0 21339324 0
264 0 19636635 0
265 0 17446065 0
266 0 15605199 0
267 0 20578084 0
268 0 19044243 0
269 0 15454967 0
270 0 21409146 0
271 0 18705231 0
272 0 21450286 0
273 0 19146835 0
274 0 19431350 0
275 0 20436910 0
276 0 22612126 0
277 0 15549400 0
278 0 21244014 0
279 0 21332470 0
280 0 19184937 0
281 0 19619008 0
282 0 21171881 0
283 0 18944875 0
284 0 20096418 0
285 0 20132951 0
286 0 21966420 0
287 0 22661424 0
288 0 22414989 0
289 0 22840941 0
290 0 21800519 0
291 0 21279207 0
292 0 15780727 0
293 0 20139758 0
294 0 22542235 0
295 0 18637264 0
296 0 22831896 0
297 0 22630009 0
298 0 22456285 0
299 0 22776544 0
300 0 20940142 0
301 0 23438564 0
302 0 22372242 0
303 0 20897080 0
304 0 22253526 0
305 0 22366673 0
306 0 16984738 0
307 0 20414100 0
308 0 22390538 0
309 0 21886310 0
310 0 21603242 0
311 0 15352350 0
312 0 18209425 0
313 0 21475732 0
314 0 20682152 0
315 0 15808537 0
316 0 19406866 0
317 0 22569696 0
318 0 19626608 0
319 0 22593329 0
320 0 19655689 0
321 0 17735226 0
322 0 22775993 0
323 0 21787269 0
324 0 20000702 0
325 0 20083645 0
326 0 20192887 0
327 0 17510798 0
328 0 19158910 0
329 0 19105955 0
330 0 19353166 0
331 0 18744254 0
332 0 19283166 0
333 0 18753721 0
334 0 19985062 0
335 0 19208201 0
336 0 19219884 0
337 0 21339044 0
338 0 18908539 0
339 0 19071969 0
340 0 15908761 0
341 0 18853874 0
342 0 20035663 0
343 0 21413974 0
344 0 19820214 0
345 0 19046253 0
346 0 20738495 0
347 0 21415877 0
348 0 22021115 0
349 0 21394369 0
350 0 20376465 0
351 0 19033643 0
352 0 15988428 0
353 0 19328460 0
354 0 18606950 0
355 0 18709923 0
356 0 20717165 0
357 0 19260418 0
358 0 20262073 0
359 0 19748533 0
360 0 20971148 0
361 0 19823685 0
362 0 22599021 0
363 0 20906265 0
364 0 19360029 0
365 0 19236365 0
366 0 22124317 0
367 0 22381271 0
368 0 21889946 0
369 0 20989744 0
370 0 21718967 0
371 0 21764955 0
372 0 21906695 0
373 0 22332126 0
374 0 21832286 0
375 0 19833360 0
376 0 20389935 0
377 0 15416082 0
378 0 17996113 0
379 0 20729631 0
380 0 20580797 0
381 0 17931738 0
382 0 18738438 0
383 0 19474771 0
384 0 20795075 0
385 0 19879493 0
386 0 22561494 0
387 0 20169244 0
388 0 20244865 0
389 0 19757082 0
390 0 21307293 0
391 0 19979651 0
392 0 18934759 0
393 0 17905471 0
394 0 21075750 0
395 0 19612033 0
396 0 22123492 0
397 0 18477961 0
398 0 19132010 0
399 0 15763567 0
400 0 19591590 0
401 0 19115284 0
402 0 19358516 0
403 0 19065287 0
404 0 18443350 0
405 0 15668772 0
406 0 16675838 0
407 0 19482668 0
408 0 18716660 0
409 0 15918713 0
410 0 19040657 0
411 0 15626870 0
412 0 19265567 0
413 0 19463162 0
414 0 18741299 0
415 0 19349909 0
416 0 19643082 0
417 0 18909769 0
418 0 18630096 0
419 0 20883571 0
420 0 19978104 0
421 0 22128066 0
422 0 21443123 0
423 0 19590025 0
424 0 19072288 0
425 0 19091926 0
426 0 20738902 0
427 0 21929316 0
428 0 21328642 0
429 0 20674486 0
430 0 20570955 0
431 0 20593988 0
432 0 21740961 0
433 0 15579482 0
434 0 19467591 0
435 0 19776790 0
436 0 18962535 0
437 0 21800314 0
438 0 20399418 0
439 0 19527825 0
440 0 22362854 0
441 0 21260163 0
442 0 15295746 0
443 0 19541281 0
444 0 20057067 0
445 0 15635382 0
446 0 15382808 0
447 0 19550083 0
448 0 19648794 0
449 0 19159322 0
450 0 19014009 0
451 0 21244420 0
452 0 19933769 0
453 0 15792900 0
454 0 21716721 0
455 0 15134168 0
456 0 20772747 0
457 0 19078486 0
458 0 18761569 0
459 0 19319177 0
460 0 19116113 0
461 0 19814194 0
462 0 22527102 0
463 0 21908084 0
464 0 20665430 0
465 0 20367211 0
466 0 19629963 0
467 0 21196405 0
468 0 21490958 0
469 0 19610522 0
470 0 20583956 0
471 0 21767046 0
472 0 20368023 0
473 0 18148700 0
474 0 20311090 0
475 0 20029408 0
476 0 19112145 0
477 0 19285726 0
478 0 21754782 0
479 0 20280816 0
480 0 20279632 0
481 0 19848610 0
482 0 19970404 0
483 0 21100959 0
484 0 21063058 0
485 0 21161006 0
486 0 19914363 0
487 0 19900351 0
488 0 19740264 0
489 0 19792393 0
490 0 21502080 0
491 0 17766821 0
492 0 19684437 0
493 0 18725078 0
494 0 15618604 0
495 0 20060756 0
496 0 19649408 0
497 0 22042527 0
498 0 18772185 0
499 0 18866258 0
500 0 22512056 0
501 0 20742782 0
502 0 22845316 0
503 0 15595266 0
504 0 21426559 0
505 0 20226878 0
506 0 20592480 0
507 0 19300307 0
508 0 21039242 0
509 0 21227751 0
510 0 22636763 0
511 0 15683245 0
512 0 20493602 0
513 0 19870873 0
514 0 15752894 0
515 0 22657532 0
516 0 21018282 0
517 0 19635250 0
518 0 19704596 0
519 0 22482691 0
520 0 20080698 0
521 0 18026754 0
522 0 18666214 0
523 0 20654972 0
524 0 15711830 0
525 0 18847819 0
526 0 18852163 0
527 0 15885751 0
528 0 20343885 0
529 0 20248007 0
530 0 21374649 0
531 0 15644182 0
532 0 19795964 0
533 0 20925203 0
534 0 15661852 0
535 0 15788430 0
536 0 20303069 0
537 0 20455623 0
538 0 20297293 0
539 0 20733980 0
540 0 20973831 0
541 0 20543793 0
542 0 20181696 0
543 0 19163050 0
544 0 21150554 0
545 0 21089402 0
546 0 18353620 0
547 0 20399888 0
548 0 15752966 0
549 0 19085108 0
550 0 19371208 0
551 0 15612515 0
552 0 20442477 0
553 1 19358 63
554 0 20318263 0
555 0 20810447 0
556 0 19681977 0
557 0 21706376 0
558 0 19434806 0
559 0 19989876 0
560 1 26435 77
561 0 20581505 0
562 0 20419403 0
563 0 18348490 0
564 0 15571351 0
565 0 18996710 0
566 0 19099085 0
567 0 19007853 0
568 0 19143872 0
569 0 20136308 0
570 0 19952536 0
571 0 15699171 0
572 0 19653606 0
573 0 19675395 0
574 0 18939231 0
575 0 21803928 0
576 0 18514461 0
577 0 15492286 0
578 0 19493249 0
579 0 19037046 0
580 0 20831191 0
581 0 19215367 0
582 0 20070886 0
583 0 19853770 0
584 0 19364032 0
585 0 22935167 0
586 0 21491366 0
587 0 20262106 0
588 0 18947090 0
589 0 20442393 0
590 0 20100311 0
591 0 20174953 0
592 0 19726204 0
593 0 22206973 0
594 0 21519627 0
595 0 20864842 0
596 0 20597455 0
597 0 20517476 0
598 0 20182466 0
599 0 20484863 0
600 0 20426760 0
601 0 19861280 0
602 0 19263082 0
603 0 20641409 0
604 0 15650299 0
605 0 19039277 0
606 0 19164298 0
607 0 20237139 0
608 0 19539176 0
609 0 15875957 0
610 0 20392805 0
611 0 19607458 0
612 0 18825568 0
613 0 19783271 0
614 0 20924326 0
615 0 18819496 0
616 0 19610166 0
617 0 19288666 0
618 0 15525244 0
619 0 19746516 0
620 0 19002672 0
621 0 19345711 0
622 0 19363013 0
623 0 18710428 0
624 0 19146316 0
625 0 19367152 0
626 0 18982147 0
627 0 15538074 0
628 0 18394780 0
629 0 20026194 0
630 0 21677181 0
631 0 15731549 0
632 0 22670873 0
633 0 20975026 0
634 0 22080041 0
635 0 18761128 0
636 0 19387263 0
637 0 18494334 0
638 0 20079402 0
639 0 19949063 0
640 0 21120612 0
641 0 19385662 0
642 0 18869080 0
643 0 21634943 0
644 0 15818405 0
645 0 15600106 0
646 0 19213479 0
647 0 18233560 0
648 0 19549789 0
649 0 18448074 0
650 0 18435269 0
651 0 18893992 0
652 0 18808296 0
653 0 15520213 0
654 0 21636690 0
655 0 21296374 0
656 0 20231149 0
657 0 15567280 0
658 0 20379715 0
659 0 22250863 0
660 0 20156293 0
661 0 19672149 0
662 0 22147961 0
663 0 20000990 0
664 0 22150062 0
665 0 21401620 0
666 0 21286612 0
667 0 19851990 0
668 0 15778818 0
669 0 20842136 0
670 0 21281090 0
671 0 21444615 0
672 0 22528843 0
673 0 21377544 0
674 0 20394767 0
675 0 20715804 0
676 0 21632780 0
677 0 15958695 0
678 0 20154819 0
679 0 15686384 0
680 0 19248430 0
681 0 18937361 0
682 0 19070652 0
683 0 21743770 0
684 0 22028619 0
685 0 20506251 0
686 0 19094240 0
687 0 19814964 0
688 0 19034049 0
689 0 20106482 0
690 0 15657530 0
691 0 19903029 0
692 0 19515490 0
693 0 19085330 0
694 0 19113376 0
695 0 19928099 0
696 0 19606475 0
697 0 20955606 0
698 0 19652841 0
699 0 21707061 0
700 0 22396445 0
701 0 20907518 0
702 0 15827972 0
703 0 20098226 0
704 1 269193 1207
705 0 18914669 0
706 0 19287416 0
707 0 18674579 0
708 0 18616590 0
709 0 19729980 0
710 0 18629474 0
711 0 19389987 0
712 0 18410654 0
713 0 19293711 0
714 0 19375352 0
715 0 17439069 0
716 0 21798075 0
717 0 19469985 0
718 0 19742914 0
719 0 19755030 0
720 0 20004491 0
721 0 19842692 0
722 0 19922960 0
723 0 15576179 0
724 0 19593604 0
725 0 15736151 0
726 0 20102008 0
727 0 19982786 0
728 0 19564866 0
729 0 21339764 0
730 0 19349752 0
731 0 22580997 0
732 0 19804396 0
733 0 18271454 0
734 0 20670211 0
735 0 15763125 0
736 0 22871455 0
737 0 22126345 0
738 0 21397511 0
739 1 87114 365
740 0 15525918 0
741 0 21824582 0
742 0 22908859 0
743 0 22559883 0
744 0 19746806 0
745 0 20970773 0
746 0 19777619 0
747 0 19304805 0
748 0 18077260 0
749 0 15531436 0
750 0 21497926 0
751 0 15569735 0
752 0 19175524 0
753 0 19267808 0
754 0 17274489 0
755 0 19406829 0
756 0 18957027 0
757 0 22383678 0
758 0 20700968 0
759 0 17275139 0
760 0 19825602 0
761 0 19801492 0
762 0 18340074 0
763 0 19083780 0
764 0 21261607 0
765 0 19677279 0
766 0 19458531 0
767 0 22235835 0
768 0 18224649 0
769 0 20156337 0
770 0 22285688 0
771 0 21801993 0
772 0 21480632 0
773 0 22925590 0
774 0 16216735 0
775 0 22985675 0
776 0 22243152 0
777 0 22840276 0
778 0 22504333 0
779 0 22581450 0
780 0 22699386 0
781 0 15581247 0
782 0 15777436 0
783 0 20031571 0
784 0 19093114 0
785 0 20153681 0
786 0 18791010 0
787 0 18676013 0
788 0 19581086 0
789 0 19753664 0
790 0 23248152 0
791 0 21085312 0
792 0 20559964 0
793 0 20222754 0
794 0 21805884 0
795 0 21753801 0
796 0 15943027 0
797 0 15692567 0
798 0 15723660 0
799 1 43558 155
800 0 19483042 0
801 0 22160039 0
802 0 17475047 0
803 0 21293101 0
804 0 18798098 0
805 0 17930688 0
806 0 19315180 0
807 0 20187496 0
808 0 22004326 0
809 0 15624132 0
810 0 19250739 0
811 0 19340413 0
812 0 19451429 0
813 0 18752812 0
814 0 21530964 0
815 0 19783697 0
816 0 20303952 0
817 0 20121162 0
818 0 19324878 0
819 0 15235902 0
820 0 19126366 0
821 0 19838597 0
822 0 19232680 0
823 0 22066066 0
824 0 20442707 0
825 0 20129209 0
826 0 19926231 0
827 0 19595258 0
828 0 19142912 0
829 0 19876076 0
830 0 19488493 0
831 0 18537923 0
832 0 19154364 0
833 0 15812485 0
834 0 18597166 0
835 0 22416047 0
836 0 17484659 0
837 0 18595577 0
838 0 18353853 0
839 0 18248039 0
840 0 19285664 0
841 0 18790623 0
842 0 19742077 0
843 0 15783498 0
844 0 20718595 0
845 0 19462252 0
846 0 15356773 0
847 0 19866445 0
848 0 21861027 0
849 0 18986291 0
850 0 15856493 0
851 0 22151468 0
852 0 15851839 0
853 0 20325023 0
854 0 19515204 0
855 0 19185704 0
856 0 19293568 0
857 0 19273961 0
858 0 18110685 0
859 0 20577471 0
860 0 18933050 0
861 0 19088332 0
862 0 20409143 0
863 0 20202045 0
864 0 19278471 0
865 0 18336321 0
866 0 20304757 0
867 0 19334974 0
868 0 20468479 0
869 0 19198880 0
870 0 21745480 0
871 0 21242387 0
872 0 20533348 0
873 0 15980422 0
874 0 19682996 0
875 0 22555624 0
876 0 21735644 0
877 0 22267491 0
878 0 20805077 0
879 0 15393811 0
880 0 21225542 0
881 0 19928996 0
882 0 19698005 0
883 0 19441335 0
884 0 20094103 0
885 0 19650908 0
886 0 19726713 0
887 0 19648419 0
888 0 19687361 0
889 0 21537080 0
890 0 19968344 0
891 0 19357520 0
892 0 19390089 0
893 0 19710370 0
894 0 19165125 0
895 0 19517582 0
896 0 20125877 0
897 0 19477256 0
898 0 22221708 0
899 1 47789 196
900 0 19803807 0
901 0 20063528 0
902 0 20511681 0
903 0 22469554 0
904 0 19723958 0
905 0 21542628 0
906 0 21808789 0
907 0 20200321 0
908 0 20803773 0
909 0 19441437 0
910 0 19265297 0
911 0 20827782 0
912 0 20497134 0
913 0 19734970 0
914 0 19819125 0
915 0 22689541 0
916 0 18283299 0
917 0 15535904 0
918 0 19643612 0
919 0 15897473 0
920 0 19839073 0
921 0 19029570 0
922 0 18707726 0
923 0 15680785 0
924 0 18605997 0
925 0 18652078 0
926 0 17564869 0
927 0 19571276 0
928 0 21716943 0
929 0 17089849 0
930 0 19308938 0
931 0 19858468 0
932 0 19202271 0
933 0 18906881 0
934 0 21410084 0
935 0 20251368 0
936 0 20522379 0
937 0 18721464 0
938 0 19272434 0
939 0 18801501 0
940 0 18814877 0
941 0 15786753 0
942 0 20051419 0
943 0 18866102 0
944 0 15318555 0
945 0 20266951 0
946 0 22030261 0
947 0 19591676 0
948 0 19283535 0
949 0 18510029 0
950 0 18824768 0
951 0 17005595 0
952 0 19681965 0
953 0 15322794 0
954 0 19336219 0
955 0 15767398 0
956 0 19073823 0
957 0 19216043 0
958 0 20149290 0
959 0 19132246 0
960 0 19454503 0
961 0 15824378 0
962 0 18858330 0
963 0 15715736 0
964 0 18582814 0
965 0 18788264 0
966 0 19206307 0
967 0 22285292 0
968 0 19271061 0
969 0 19452640 0
970 0 18875520 0
971 0 21018745 0
972 0 19410225 0
973 0 18613615 0
974 0 21108210 0
975 0 19555766 0
976 0 20600200 0
977 0 19877813 0
978 0 19380111 0
979 0 19104954 0
980 0 22535497 0
981 0 18740351 0
982 0 18897783 0
983 0 20267322 0
984 0 19781743 0
985 0 21346120 0
986 0 20825256 0
987 0 23034625 0
988 0 22913370 0
989 0 23474641 0
990 0 15445776 0
991 0 18509293 0
992 0 20240686 0
993 0 20645945 0
994 0 19261909 0
995 0 20533621 0
996 0 23113513 0
997 0 23010062 0
998 0 22498302 0
999 0 22696368 0
1000 0 22479482 0
1001 0 22963261 0
1002 0 19266865 0
1003 0 21251985 0
1004 0 20588632 0
1005 0 15577380 0
1006 0 22738207 0
1007 0 22867774 0
1008 0 21866239 0
1009 0 22386312 0
1010 0 20800030 0
1011 0 22771647 0
1012 0 15543856 0
1013 0 21553292 0
1014 0 20047559 0
1015 0 21985726 0
1016 0 20199689 0
1017 0 20404916 0
1018 0 20971449 0
1019 0 19385060 0
1020 0 20443134 0
1021 0 20069354 0
1022 0 22535691 0
1023 0 21322649 0
1024 0 21368382 0
1025 0 21696853 0
1026 0 19433029 0
1027 0 19065824 0
1028 0 19331410 0
1029 0 22146392 0
1030 0 21957411 0
1031 0 18949138 0
1032 0 19956086 0
1033 0 15717512 0
1034 0 19441950 0
1035 0 20611612 0
1036 0 21859147 0
1037 0 20802773 0
1038 0 19296729 0
1039 0 22718518 0
1040 0 20493592 0
1041 0 19711677 0
1042 0 19502405 0
1043 0 21675169 0
1044 0 19577443 0
1045 0 19002416 0
1046 0 20150222 0
1047 0 20027331 0
1048 0 21091008 0
1049 0 19991479 0
1050 0 15730635 0
1051 0 15906723 0
1052 0 19020967 0
1053 0 15771437 0
1054 0 19587532 0
1055 0 19755626 0
1056 0 17791573 0
1057 0 20269403 0
1058 0 20060807 0
1059 0 20282309 0
1060 0 19132767 0
1061 0 19282151 0
1062 0 18317635 0
1063 0 19193153 0
1064 0 22459988 0
1065 0 15820186 0
1066 0 19162428 0
1067 0 19124555 0
1068 0 19986985 0
1069 0 21920595 0
1070 0 21268114 0
1071 0 21776026 0
1072 0 15589992 0
1073 0 22376346 0
1074 0 21656342 0
1075 0 21055312 0
1076 0 21591379 0
1077 0 20750718 0
1078 0 20558770 0
1079 0 20108712 0
1080 0 21295213 0
1081 0 21292906 0
1082 0 20170349 0
1083 0 22223975 0
1084 0 20801693 0
1085 0 21750630 0
1086 0 19846962 0
1087 0 19997852 0
1088 0 20469961 0
1089 0 21093269 0
1090 0 20268462 0
1091 0 21210491 0
1092 0 19541218 0
1093 0 22629465 0
1094 0 20164818 0
1095 0 19127215 0
1096 0 21830099 0
1097 0 19512914 0
1098 0 20433962 0
1099 0 19443002 0
1100 0 19889618 0
1101 0 18932993 0
1102 0 19528311 0
1103 0 18524714 0
1104 0 18888513 0
1105 0 22324875 0
1106 0 19601023 0
1107 0 15555087 0
1108 0 18845578 0
1109 0 22399277 0
1110 0 15928024 0
1111 0 19192729 0
1112 0 19448568 0
1113 0 18616386 0
1114 0 19146453 0
1115 0 18827166 0
1116 0 19913332 0
1117 0 19264133 0
1118 0 21710978 0
1119 0 18569046 0
1120 0 19958258 0
1121 0 22440414 0
1122 0 20813249 0
1123 0 22978287 0
1124 0 19834999 0
1125 0 16522756 0
1126 0 19232285 0
1127 0 19789414 0
1128 0 19245512 0
1129 0 22119290 0
1130 0 20503630 0
1131 0 15921819 0
1132 0 18878063 0
1133 0 20193506 0
1134 0 19056510 0
1135 0 18691051 0
1136 0 19779464 0
1137 0 20875172 0
1138 0 20680438 0
1139 0 18856533 0
1140 0 20820264 0
1141 0 19462653 0
1142 0 21691701 0
1143 0 20849899 0
1144 0 20924480 0
1145 0 19589795 0
1146 0 18685336 0
1147 0 18937217 0
1148 0 15212622 0
1149 0 20417557 0
1150 0 18298850 0
1151 0 18902691 0
1152 0 19135381 0
1153 0 19715942 0
1154 0 15729131 0
1155 0 19736348 0
1156 0 20652379 0
1157 0 15720347 0
1158 0 19344063 0
1159 0 15429581 0
1160 0 20055921 0
1161 0 19755580 0
1162 0 22142903 0
1163 0 22059978 0
1164 0 18562557 0
1165 0 20715432 0
1166 0 19705476 0
1167 0 21311285 0
1168 0 20267737 0
1169 0 19768614 0
1170 0 19672628 0
1171 0 19970740 0
1172 0 19656962 0
1173 0 20825396 0
1174 0 18891858 0
1175 0 21498153 0
1176 0 20273213 0
1177 0 20488532 0
1178 0 21326751 0
1179 0 16224717 0
1180 0 20462354 0
1181 0 19408369 0
1182 0 21003523 0
1183 0 15512517 0
1184 0 19496052 0
1185 0 19450550 0
1186 0 15433841 0
1187 0 20011188 0
1188 0 19774896 0
1189 0 19805415 0
1190 0 18979923 0
1191 0 18861761 0
1192 0 18973986 0
1193 0 15475260 0
1194 0 19937010 0
1195 0 19991376 0
1196 0 20335594 0
1197 0 20172206 0
1198 0 15604764 0
1199 0 18585824 0
0 0 19175432 0
1 0 19703115 0
2 0 20336922 0
3 0 20155949 0
4 0 21175368 0
5 0 22005052 0
6 0 20443318 0
7 0 19781756 0
8 0 18552941 0
9 0 19035977 0
10 0 15443768 0
11 0 19227791 0
12 0 20487577 0
13 0 20414583 0
14 0 19547568 0
15 0 21115997 0
16 0 20231337 0
17 0 19648373 0
18 0 19275220 0
19 0 18639246 0
20 0 19506353 0
21 0 19960037 0
22 0 18628192 0
23 0 15946458 0
24 0 19818601 0
25 0 15309559 0
26 0 19868001 0
27 0 18491207 0
28 0 19174588 0
29 0 21261604 0
30 0 19496833 0
31 0 18832866 0
32 0 15681589 0
33 0 21638301 0
34 0 20343686 0
35 0 18823409 0
36 0 18661976 0
37 0 19079035 0
38 0 20105393 0
39 0 19793764 0
40 0 18679320 0
41 0 22359779 0
42 0 20765714 0
43 0 19615189 0
44 0 19119184 0
45 0 19958138 0
46 0 20942961 0
47 0 19462327 0
48 0 20436660 0
49 0 19649798 0
50 0 19501084 0
51 0 15782587 0
52 0 21828921 0
53 0 15673430 0
54 0 18579280 0
55 0 19758579 0
56 0 19370625 0
57 0 19613346 0
58 0 15913966 0
59 0 19600465 0
60 0 18336795 0
61 0 19472035 0
62 0 18731352 0
63 0 18826568 0
64 0 18481476 0
65 0 17873400 0
66 0 20636922 0
67 0 19873228 0
68 0 19273861 0
69 0 20766855 0
70 0 20900489 0
71 0 19732782 0
72 0 18609292 0
73 0 20212186 0
74 0 20892532 0
75 0 15818319 0
76 0 19379969 0
77 0 22558682 0
78 0 21286830 0
79 0 20926289 0
80 0 21907882 0
81 0 15647562 0
82 0 18466910 0
83 0 21547407 0
84 0 20352821 0
85 0 15695321 0
86 1 74933 295
87 0 20179252 0
88 0 20881694 0
89 0 21798999 0
90 0 21327768 0
91 0 15460205 0
92 0 19741980 0
93 0 20786360 0
94 0 21159362 0
95 0 21425748 0
96 0 20987367 0
97 0 19256663 0
98 0 22417742 0
99 0 20849896 0
100 0 19912398 0
101 0 20402525 0
102 0 15517456 0
103 0 19147569 0
104 0 19647620 0
105 0 18226701 0
106 0 22590617 0
107 0 22509055 0
108 0 20452448 0
109 0 21888801 0
110 0 20402386 0
111 0 19342637 0
112 0 19978120 0
113 0 15979613 0
114 0 15520402 0
115 0 19792732 0
116 0 19666137 0
117 0 15774210 0
118 0 19104345 0
119 0 19336283 0
120 0 15422480 0
121 0 21057511 0
122 0 19550596 0
123 0 21413464 0
124 0 21221561 0
125 0 20043978 0
126 0 22477660 0
127 0 22322873 0
128 0 21314255 0
129 0 21439868 0
130 0 16000971 0
131 0 20720544 0
132 0 21054069 0
133 0 19556095 0
134 0 18749394 0
135 0 19481353 0
136 0 19607396 0
137 0 19700720 0
138 0 18760378 0
139 0 20165180 0
140 0 19180047 0
141 1 144366 640
142 0 21913654 0
143 0 19615736 0
144 0 20122162 0
145 0 20698617 0
146 0 19799206 0
147 0 19867286 0
148 0 15854303 0
149 0 19453753 0
150 0 19102432 0
151 0 15881223 0
152 0 19215394 0
153 0 18600267 0
154 0 20052558 0
155 0 18867685 0
156 0 19540906 0
157 0 15598366 0
158 0 18847532 0
159 0 18865212 0
160 0 15573001 0
161 0 21602996 0
162 0 22150363 0
163 0 20348795 0
164 0 15752325 0
165 0 19296113 0
166 0 22689778 0
167 0 20618416 0
168 0 18933293 0
169 0 20600932 0
170 0 19556681 0
171 0 22296646 0
172 0 15864271 0
173 0 19772238 0
174 0 19682001 0
175 0 15844044 0
176 0 22176374 0
177 0 20843974 0
178 0 19554886 0
179 0 16108084 0
180 0 19180095 0
181 0 22825494 0
182 0 21916029 0
183 0 19277144 0
184 0 19564141 0
185 0 22485044 0
186 0 22437410 0
187 0 22061343 0
188 0 21823938 0
189 0 21516255 0
190 0 21638700 0
191 0 20283306 0
192 0 22617715 0
193 0 20176892 0
194 0 19100239 0
195 0 22010826 0
196 0 19619468 0
197 0 20764372 0
198 0 20857784 0
199 0 21857065 0
200 0 15679827 0
201 0 20019873 0
202 0 20462767 0
203 1 49107 197
204 1 40856 173
205 0 21445427 0
206 0 20147708 0
207 0 20496199 0
208 0 19431095 0
209 0 20533909 0
210 0 22703904 0
211 0 19659882 0
212 0 20227952 0
213 0 15563279 0
214 0 19919098 0
215 0 19839724 0
216 0 22163925 0
217 0 20178300 0
218 0 18710357 0
219 0 20684569 0
220 0 19879134 0
221 0 16062246 0
222 0 22488520 0
223 0 20971471 0
224 0 19454313 0
225 0 19208497 0
226 0 20985043 0
227 0 19651530 0
228 0 20659157 0
229 0 18716172 0
230 0 15393408 0
231 0 19185290 0
232 0 20346465 0
233 0 19724794 0
234 0 18958258 0
235 0 18826562 0
236 0 19856970 0
237 0 22418244 0
238 0 20725453 0
239 0 20036860 0
240 0 19737821 0
241 0 19717647 0
242 0 19908522 0
243 0 22266503 0
244 0 21136524 0
245 0 19651656 0
246 0 19914908 0
247 0 15590652 0
248 0 19521603 0
249 0 20687070 0
250 0 20184721 0
251 0 19791269 0
252 0 19555259 0
253 0 20536592 0
254 0 19669198 0
255 0 19398611 0
256 0 21649786 0
257 0 15929899 0
258 0 21388789 0
259 0 19574360 0
260 0 20119229 0
261 0 19641267 0
262 0 19578888 0
263 0 19689158 0
264 0 21837868 0
265 0 18769164 0
266 0 19892920 0
267 0 18869926 0
268 0 22335764 0
269 0 21668334 0
270 0 19817998 0
271 0 19323072 0
272 0 19420982 0
273 0 19523252 0
274 0 19038430 0
275 0 20526058 0
276 0 19085497 0
277 0 18779655 0
278 0 15364976 0
279 0 18679612 0
280 0 20077910 0
281 0 19536232 0
282 0 18743674 0
283 0 19672468 0
284 0 20085451 0
285 0 22212142 0
286 0 20741469 0
287 1 221177 1008
288 0 20783128 0
289 0 20156790 0
290 0 22106724 0
291 0 15327674 0
292 0 20092332 0
293 0 15632540 0
294 0 15622801 0
295 0 21043212 0
296 0 15687896 0
297 0 19263656 0
298 0 19295402 0
299 0 20307080 0
300 0 15711120 0
301 0 15297053 0
302 0 19369006 0
303 0 17521591 0
304 0 20022752 0
305 0 20071907 0
306 0 22061839 0
307 0 19363020 0
308 0 15670362 0
309 0 15672925 0
310 0 18954766 0
311 0 20137228 0
312 0 21167925 0
313 0 20519964 0
314 0 15813011 0
315 0 22907035 0
316 0 20705006 0
317 0 21108849 0
318 0 20514789 0
319 0 19938951 0
320 0 20642198 0
321 0 20266385 0
322 0 20038766 0
323 0 19884092 0
324 0 21089394 0
325 0 21527766 0
326 0 15584044 0
327 0 19044523 0
328 0 20823939 0
329 0 22594198 0
330 0 20128524 0
331 0 21409492 0
332 0 20696624 0
333 0 19687397 0
334 0 21063324 0
335 0 19871393 0
336 0 19681417 0
337 0 20819187 0
338 0 19752441 0
339 0 19492749 0
340 0 20521607 0
341 0 20364069 0
342 0 18648096 0
343 0 20872057 0
344 0 21811177 0
345 0 21196616 0
346 0 19933064 0
347 0 19559277 0
348 0 15701258 0
349 0 18713806 0
350 0 15701701 0
351 0 19632562 0
352 0 18962038 0
353 0 15563078 0
354 0 20308671 0
355 0 15759265 0
356 0 19444807 0
357 0 18900768 0
358 0 20120927 0
359 0 15686285 0
360 0 19020344 0
361 0 19313007 0
362 0 20410400 0
363 0 15765764 0
364 0 20343770 0
365 0 21239070 0
366 0 19222755 0
367 0 19362810 0
368 0 20976096 0
369 0 23128528 0
370 0 15492455 0
371 0 19275690 0
372 1 201745 902
373 0 18811857 0
374 0 15749106 0
375 0 20705563 0
376 0 19684758 0
377 0 19379207 0
378 0 20435912 0
379 0 22102618 0
380 0 20553760 0
381 0 20843214 0
382 0 18817525 0
383 0 20930935 0
384 0 19479550 0
385 0 22084260 0
386 0 19764989 0
387 0 21550077 0
388 0 20225866 0
389 0 19186355 0
390 0 20608748 0
391 0 19590730 0
392 0 18234856 0
393 0 22574340 0
394 0 19733762 0
395 0 19792716 0
396 0 19080902 0
397 0 18689715 0
398 0 20377408 0
399 0 18843572 0
400 0 18892269 0
401 0 21731075 0
402 0 22105228 0
403 0 21225470 0
404 0 20246811 0
405 0 19801537 0
406 0 19548548 0
407 0 19958527 0
408 0 18850595 0
409 0 18905292 0
410 0 18848635 0
411 0 15619204 0
412 0 21279268 0
413 0 22235876 0
414 0 22534910 0
415 0 20665696 0
416 0 19478553 0
417 0 21779172 0
418 0 15804997 0
419 0 20952861 0
420 0 20342136 0
421 0 19246551 0
422 0 21683150 0
423 0 21662272 0
424 0 20148864 0
425 0 21662524 0
426 0 15319321 0
427 0 20722537 0
428 0 20254658 0
429 0 16015920 0
430 0 20963038 0
431 0 15932805 0
432 0 20439135 0
433 0 19440644 0
434 0 22663817 0
435 0 20071296 0
436 0 19224633 0
437 0 19567609 0
438 0 19903039 0
439 0 20430216 0
440 0 15477470 0
441 0 20110241 0
442 0 15606934 0
443 0 19411836 0
444 0 20163940 0
445 0 15538029 0
446 0 18410574 0
447 0 20381728 0
448 0 21931816 0
449 0 22909151 0
450 0 15560523 0
451 0 15574342 0
452 0 19723206 0
453 0 20759266 0
454 0 18829964 0
455 0 22351215 0
456 0 21154693 0
457 0 20535076 0
458 0 19418527 0
459 0 20881412 0
460 0 21126420 0
461 0 22477926 0
462 0 21307186 0
463 0 19544780 0
464 0 19673026 0
465 0 19024952 0
466 0 15654496 0
467 0 19500970 0
468 0 20052952 0
469 0 20789239 0
470 0 20137129 0
471 0 20724540 0
472 0 21758362 0
473 0 20402136 0
474 0 19290788 0
475 0 21076581 0
476 0 20347153 0
477 0 20391400 0
478 0 19229801 0
479 0 15665520 0
480 0 19692031 0
481 0 20276656 0
482 0 19267807 0
483 0 19131368 0
484 0 20497515 0
485 0 19577045 0
486 0 15477768 0
487 0 19994177 0
488 0 19005111 0
489 0 19373074 0
490 0 19106696 0
491 0 19689011 0
492 0 19008182 0
493 0 20072547 0
494 0 19618148 0
495 0 20054687 0
496 0 19368903 0
497 0 21902677 0
498 0 19640089 0
499 0 19473163 0
500 0 15710778 0
501 0 20484144 0
502 0 22894339 0
503 0 20123025 0
504 0 20687280 0
505 0 19553768 0
506 0 19664024 0
507 0 15706685 0
508 0 19344653 0
509 0 20729032 0
510 0 22471119 0
511 0 22414186 0
512 0 22477371 0
513 0 18883145 0
514 0 20848771 0
515 0 19430108 0
516 0 19124186 0
517 0 19545876 0
518 0 20320315 0
519 0 20020443 0
520 0 20652138 0
521 0 15745632 0
522 0 19031765 0
523 0 19132126 0
524 0 19249409 0
525 0 19148651 0
526 0 19218078 0
527 0 19342688 0
528 0 19353509 0
529 0 18124324 0
530 0 22317069 0
531 0 20154677 0
532 0 18364906 0
533 0 20203788 0
534 0 18457717 0
535 0 15626322 0
536 0 19210236 0
537 0 21393790 0
538 0 19736817 0
539 0 20690384 0
540 0 19246781 0
541 0 20139223 0
542 0 21077939 0
543 0 21508908 0
544 0 20201262 0
545 0 20386967 0
546 0 19223415 0
547 0 19424812 0
548 0 20285021 0
549 0 18731110 0
550 0 19792355 0
551 0 15772413 0
552 0 20207716 0
553 0 22374246 0
554 0 20706834 0
555 0 19705103 0
556 0 19848587 0
557 0 20085335 0
558 0 21621957 0
559 0 21433358 0
560 0 16035571 0
561 0 20422943 0
562 0 21714725 0
563 0 22485263 0
564 0 21361338 0
565 0 20419193 0
566 0 21611401 0
567 0 15295515 0
568 0 19041456 0
569 0 20052205 0
570 0 19578066 0
571 0 19889890 0
572 0 20753819 0
573 1 166503 813
574 0 19850443 0
575 0 19297330 0
576 0 20263949 0
577 0 15747572 0
578 0 20173696 0
579 0 20094478 0
580 0 18960069 0
581 0 19278915 0
582 0 18849491 0
583 0 19006821 0
584 0 20279966 0
585 0 20127396 0
586 0 15581476 0
587 0 18878954 0
588 0 22089435 0
589 0 19030774 0
590 0 19041104 0
591 0 21650106 0
592 0 20061023 0
593 0 20627796 0
594 0 19002264 0
595 0 19914942 0
596 0 19300775 0
597 0 20924899 0
598 0 19003397 0
599 0 19793248 0
600 0 18935060 0
601 0 15707941 0
602 0 20087549 0
603 0 15528206 0
604 0 19239987 0
605 0 19155197 0
606 0 15524261 0
607 0 20624443 0
608 0 19799475 0
609 0 15554308 0
610 0 19634870 0
611 0 15603589 0
612 0 19324261 0
613 0 22886944 0
614 0 22292400 0
615 0 19982919 0
616 0 21777984 0
617 0 15628980 0
618 0 15678434 0
619 0 19120760 0
620 0 17581067 0
621 0 20316129 0
622 0 20582149 0
623 0 21060528 0
624 0 19497770 0
625 0 19294392 0
626 0 19890391 0
627 0 15431400 0
628 0 19766646 0
629 0 15584587 0
630 0 19142547 0
631 0 15416629 0
632 0 22109992 0
633 0 16236644 0
634 0 21516560 0
635 0 21977254 0
636 0 20952987 0
637 0 18568440 0
638 0 21660786 0
639 0 21692061 0
640 0 22083945 0
641 0 21378884 0
642 0 22010111 0
643 0 19819013 0
644 0 19554244 0
645 0 18697933 0
646 0 18749168 0
647 0 18566527 0
648 0 19189875 0
649 0 19356458 0
650 0 20100678 0
651 0 19640688 0
652 0 19251600 0
653 0 21811915 0
654 0 19367156 0
655 0 18966880 0
656 0 19103058 0
657 0 20940006 0
658 0 19597858 0
659 0 18349618 0
660 0 19713099 0
661 0 19455815 0
662 0 19360492 0
663 0 18812015 0
664 0 20124754 0
665 0 18833156 0
666 0 19994500 0
667 0 18435264 0
668 0 20974419 0
669 0 22020380 0
670 0 21075983 0
671 0 20433993 0
672 0 20894141 0
673 0 19917513 0
674 0 21225723 0
675 0 15819696 0
676 0 15453387 0
677 0 20325086 0
678 0 21146676 0
679 0 22625673 0
680 0 20507611 0
681 0 23110814 0
682 0 19978334 0
683 0 15593367 0
684 0 19592165 0
685 0 20636543 0
686 0 19231565 0
687 0 21921844 0
688 0 19443133 0
689 0 20708971 0
690 0 20773606 0
691 0 21151711 0
692 0 22407645 0
693 0 21094484 0
694 0 19385124 0
695 0 22016565 0
696 0 19902257 0
697 0 19809205 0
698 0 18851685 0
699 0 18805057 0
700 0 19792812 0
701 0 21447795 0
702 0 20178933 0
703 0 22153440 0
704 0 22332733 0
705 0 22377116 0
706 0 22470425 0
707 0 20984569 0
708 0 21877177 0
709 0 20623767 0
710 0 20230923 0
711 0 19505623 0
712 0 15844278 0
713 0 18813449 0
714 0 18681874 0
715 0 18836240 0
716 0 18919688 0
717 0 19842530 0
718 0 20315012 0
719 0 20462661 0
720 0 19547662 0
721 0 15517888 0
722 0 19162976 0
723 0 20998721 0
724 0 18763279 0
725 0 19052159 0
726 0 15222508 0
727 0 15600420 0
728 0 18937161 0
729 0 19364782 0
730 0 19476544 0
731 0 21364080 0
732 0 20292013 0
733 0 19744502 0
734 0 19948083 0
735 0 19770677 0
736 0 18837831 0
737 0 18604185 0
738 0 16247991 0
739 0 19564972 0
740 0 19536589 0
741 0 19694909 0
742 0 22815217 0
743 0 21085559 0
744 0 20196614 0
745 0 21498580 0
746 0 21572556 0
747 0 22622464 0
748 0 21770315 0
749 0 20036023 0
750 0 20219414 0
751 0 19537043 0
752 0 19004637 0
753 0 19447755 0
754 0 18833060 0
755 0 19067954 0
756 0 18723388 0
757 0 15719847 0
758 0 19419070 0
759 0 15867288 0
760 0 20189365 0
761 0 19536080 0
762 0 22051967 0
763 0 15864441 0
764 0 15468705 0
765 0 19608455 0
766 0 15787853 0
767 0 19532073 0
768 0 19353812 0
769 0 20041258 0
770 0 19277709 0
771 0 18838794 0
772 0 19353865 0
773 0 18792948 0
774 0 19366850 0
775 0 18926325 0
776 0 21113688 0
777 0 20975266 0
778 0 15849241 0
779 0 21764388 0
780 0 20642427 0
781 0 15471084 0
782 0 19781028 0
783 0 20160610 0
784 0 15618834 0
785 0 20405686 0
786 0 22299973 0
787 0 20480562 0
788 0 22391870 0
789 0 22441623 0
790 0 15369942 0
791 0 20004922 0
792 0 19138777 0
793 0 22814185 0
794 0 21181531 0
795 0 20257212 0
796 0 19360589 0
797 0 21413991 0
798 0 21819221 0
799 0 22130923 0
800 0 20923705 0
801 0 21683927 0
802 0 19569239 0
803 0 20336680 0
804 0 20165667 0
805 0 19597069 0
806 0 21959087 0
807 0 20715874 0
808 0 19573739 0
809 0 20898991 0
810 0 19612708 0
811 0 20650056 0
812 0 20960826 0
813 0 22179311 0
814 0 21442750 0
815 0 20932153 0
816 0 22031158 0
817 0 20304007 0
818 0 22712630 0
819 0 22616512 0
820 0 22396579 0
821 0 20191120 0
822 0 22289616 0
823 0 22725001 0
824 0 19562650 0
825 0 15349664 0
826 0 19874617 0
827 0 19160383 0
828 0 19580859 0
829 0 20090951 0
830 0 21889673 0
831 0 15548341 0
832 0 19997566 0
833 0 20085348 0
834 0 20481177 0
835 0 22767795 0
836 0 22223280 0
837 0 22729785 0
838 0 20350458 0
839 0 15485338 0
840 0 22477161 0
841 0 18606041 0
842 0 21808548 0
843 0 20696636 0
844 0 15828789 0
845 0 19540907 0
846 0 21856140 0
847 0 20919879 0
848 0 15786088 0
849 0 18592210 0
850 0 15608465 0
851 0 20549685 0
852 0 18612737 0
853 0 17028125 0
854 0 21170870 0
855 0 22026991 0
856 0 19594992 0
857 0 15456134 0
858 0 22257830 0
859 0 21708587 0
860 0 19947167 0
861 0 20302506 0
862 0 20220494 0
863 1 24034 84
864 0 19125765 0
865 0 18941914 0
866 0 22227988 0
867 0 20351506 0
868 0 18602155 0
869 0 21211206 0
870 0 15741903 0
871 0 19889129 0
872 0 19311138 0
873 0 19237044 0
874 0 18738258 0
875 0 15757474 0
876 0 19718562 0
877 0 19334866 0
878 0 15325168 0
879 0 15629763 0
880 0 20498537 0
881 0 19529264 0
882 0 20409839 0
883 0 19309066 0
884 0 19455641 0
885 0 20277632 0
886 0 19537803 0
887 0 19432129 0
888 0 20068488 0
889 0 19197435 0
890 0 19199948 0
891 0 19898157 0
892 0 22363384 0
893 0 21527858 0
894 0 22497586 0
895 0 21473691 0
896 0 20162809 0
897 0 15891897 0
898 0 20322499 0
899 0 20502982 0
900 0 21633357 0
901 0 22427473 0
902 0 15783462 0
903 1 12315 20
904 0 21178869 0
905 0 15764136 0
906 0 19613780 0
907 0 20742194 0
908 0 20137778 0
909 0 23031775 0
910 0 15744278 0
911 0 20128322 0
912 0 18658690 0
913 0 19058668 0
914 0 19836045 0
915 0 18410919 0
916 0 20064344 0
917 0 22380786 0
918 0 20769486 0
919 0 20644760 0
920 0 19752774 0
921 0 19227896 0
922 0 19055678 0
923 0 20205369 0
924 0 18234959 0
925 0 19458104 0
926 0 21350487 0
927 0 20490171 0
928 0 20238905 0
929 0 21684735 0
930 0 22783637 0
931 0 21883314 0
932 0 20338507 0
933 0 22555935 0
934 0 21131620 0
935 0 22924598 0
936 0 21846059 0
937 0 20487905 0
938 0 15541092 0
939 0 21998087 0
940 0 22492506 0
941 0 15370917 0
942 0 20204520 0
943 0 20074823 0
944 0 21485773 0
945 0 21635732 0
946 0 19574793 0
947 0 19202876 0
948 0 19223534 0
949 0 15680066 0
950 0 18162592 0
951 0 21027195 0
952 0 20757583 0
953 0 18873954 0
954 0 21279991 0
955 0 21837770 0
956 0 19296145 0
957 0 15604828 0
958 0 20149298 0
959 0 22280916 0
960 0 20173117 0
961 0 21564502 0
962 0 21034558 0
963 0 19657629 0
964 0 19915818 0
965 0 19288425 0
966 0 19556366 0
967 0 20253086 0
968 0 18802945 0
969 0 22027848 0
970 0 20587675 0
971 0 18633797 0
972 0 19645298 0
973 0 20943926 0
974 0 20331861 0
975 0 19695970 0
976 0 19558016 0
977 0 19906215 0
978 0 15608717 0
979 0 15674906 0
980 0 19994135 0
981 0 19853819 0
982 0 20310852 0
983 0 20058328 0
984 0 18445177 0
985 0 20112011 0
986 0 20088180 0
987 0 19855929 0
988 0 20239062 0
989 0 19542003 0
990 0 18591905 0
991 0 20712638 0
992 0 20644797 0
993 0 19277348 0
994 0 15403101 0
995 0 20094979 0
996 0 19087715 0
997 0 18423792 0
998 0 19724759 0
999 0 19096280 0
1000 0 19416856 0
1001 0 19035139 0
1002 0 19562478 0
1003 0 15632822 0
1004 0 19811408 0
1005 0 18939937 0
1006 0 15409829 0
1007 0 19297081 0
1008 0 19833486 0
1009 0 19544718 0
1010 0 21608141 0
1011 0 19961383 0
1012 0 18686795 0
1013 0 19013443 0
1014 0 19401727 0
1015 0 22131245 0
1016 0 20727901 0
1017 0 19278344 0
1018 0 20870182 0
1019 0 19947673 0
1020 0 22070268 0
1021 0 22654262 0
1022 0 21287231 0
1023 0 19742711 0
1024 0 20898626 0
1025 0 20340600 0
1026 0 21145004 0
1027 0 15684485 0
1028 0 20679864 0
1029 0 19811305 0
1030 0 20223312 0
1031 0 19323969 0
1032 0 19436240 0
1033 0 19399215 0
1034 0 20752918 0
1035 0 21057869 0
1036 0 19930089 0
1037 0 20341926 0
1038 0 18927271 0
1039 0 19260992 0
1040 0 20201164 0
1041 0 19782602 0
1042 0 18672668 0
1043 0 20844659 0
1044 0 15181038 0
1045 0 21586394 0
1046 0 19699483 0
1047 0 21429924 0
1048 0 15688823 0
1049 0 19427790 0
1050 0 19478933 0
1051 0 19700116 0
1052 0 20692719 0
1053 0 21718224 0
1054 0 19256729 0
1055 0 15500601 0
1056 0 19444081 0
1057 0 22572567 0
1058 0 20658923 0
1059 0 20092938 0
1060 0 15415155 0
1061 0 20174489 0
1062 0 15603649 0
1063 0 18894892 0
1064 0 16001523 0
1065 0 22916248 0
1066 0 22926177 0
1067 0 19773871 0
1068 0 21662302 0
1069 0 20151639 0
1070 0 20375146 0
1071 0 19671953 0
1072 0 20113076 0
1073 0 20131270 0
1074 0 20149957 0
1075 0 20272797 0
1076 0 22740827 0
1077 0 16094074 0
1078 0 21782036 0
1079 0 20648888 0
1080 0 15970357 0
1081 0 20267374 0
1082 0 15827318 0
1083 0 22406627 0
1084 0 20591388 0
1085 0 15582067 0
1086 0 22180789 0
1087 0 19793341 0
1088 0 19572388 0
1089 0 20220256 0
1090 0 19674073 0
1091 0 19325136 0
1092 0 20279178 0
1093 0 19399899 0
1094 0 19555482 0
1095 0 20222708 0
1096 0 19897256 0
1097 0 22194103 0
1098 0 20042336 0
1099 0 15759933 0
1100 0 20344753 0
1101 0 20936603 0
1102 0 19793804 0
1103 0 21093706 0
1104 0 20094904 0
1105 0 19112012 0
1106 0 18529757 0
1107 0 19219900 0
1108 0 19109582 0
1109 0 18165283 0
1110 0 18883257 0
1111 0 15496597 0
1112 0 19118120 0
1113 0 22372473 0
1114 0 15657941 0
1115 0 20460310 0
1116 0 19964233 0
1117 0 20699868 0
1118 0 20513973 0
1119 0 19434163 0
1120 0 19344637 0
1121 1 162602 714
1122 0 19093303 0
1123 0 19564284 0
1124 0 20823365 0
1125 0 19538552 0
1126 0 19579262 0
1127 0 19544011 0
1128 0 18595497 0
1129 0 18524109 0
1130 0 20248487 0
1131 0 15722112 0
1132 0 20025609 0
1133 0 20484229 0
1134 0 20190408 0
1135 0 19345420 0
1136 0 15439761 0
1137 0 20030489 0
1138 0 22835034 0
1139 0 15664284 0
1140 0 20066000 0
1141 0 21233995 0
1142 0 15622810 0
1143 0 20358898 0
1144 0 20889138 0
1145 0 18843604 0
1146 1 10001 20
1147 0 16930150 0
1148 0 19969762 0
1149 0 20392668 0
1150 0 19847445 0
1151 0 19038462 0
1152 0 19428028 0
1153 0 16889379 0
1154 0 19429079 0
1155 0 22566306 0
1156 0 20869932 0
1157 0 19365936 0
1158 0 15611820 0
1159 1 14916 27
1160 0 19505802 0
1161 0 20385852 0
1162 0 15686308 0
1163 0 21197658 0
1164 0 15678158 0
1165 0 20706009 0
1166 0 21549514 0
1167 0 21036639 0
1168 0 19583293 0
1169 0 21236119 0
1170 0 22484667 0
1171 0 22148126 0
1172 0 19628491 0
1173 0 20051213 0
1174 1 135994 676
1175 0 21244944 0
1176 0 19323798 0
1177 0 22450334 0
1178 1 149996 669
1179 0 18549219 0
1180 0 20200331 0
1181 0 19028699 0
1182 0 19231132 0
1183 0 21335822 0
1184 0 20539686 0
1185 0 19618988 0
1186 0 19671411 0
1187 0 19734651 0
1188 0 20357012 0
1189 0 21399196 0
1190 0 18676275 0
1191 0 19931669 0
1192 0 20033335 0
1193 0 19347841 0
1194 0 21696059 0
1195 0 20259548 0
1196 0 15505581 0
1197 0 22177455 0
1198 0 21799324 0
1199 0 19064848 0
0 0 18771974 0
1 0 19632209 0
2 0 18811290 0
3 0 19140505 0
4 0 18214355 0
5 0 20941860 0
6 0 19616474 0
7 0 19017211 0
8 0 15606141 0
9 0 19084897 0
10 0 22320056 0
11 0 22160141 0
12 0 20347531 0
13 0 19112553 0
14 0 20709254 0
15 0 18676936 0
16 0 18598914 0
17 0 20475445 0
18 0 19373574 0
19 0 18657597 0
20 0 19169228 0
21 0 21890618 0
22 0 22509493 0
23 0 19751232 0
24 0 15420710 0
25 0 21348421 0
26 0 19868048 0
27 0 19481573 0
28 0 19516641 0
29 0 18972062 0
30 0 19897967 0
31 0 19433940 0
32 0 19014627 0
33 0 19107813 0
34 0 19804100 0
35 0 21926734 0
36 0 18891344 0
37 0 20127228 0
38 0 15443137 0
39 0 19457921 0
40 0 19077509 0
41 0 15526202 0
42 0 19089460 0
43 0 19403789 0
44 0 15575240 0
45 0 15803624 0
46 0 21731238 0
47 0 21092603 0
48 0 20957524 0
49 0 20201246 0
50 0 22180675 0
51 0 15504012 0
52 0 20862782 0
53 0 19888843 0
54 0 21829831 0
55 0 19828351 0
56 0 19061327 0
57 0 21099051 0
58 0 19528605 0
59 0 19989617 0
60 0 19973013 0
61 0 19545498 0
62 0 20682232 0
63 0 19162460 0
64 0 20908756 0
65 0 22293945 0
66 0 15531397 0
67 0 21216529 0
68 0 21101942 0
69 0 15449914 0
70 0 22369045 0
71 0 15521386 0
72 0 21130449 0
73 0 18608911 0
74 0 21447414 0
75 0 20657563 0
76 0 19494258 0
77 0 21519455 0
78 0 19067328 0
79 0 18595372 0
80 0 18631879 0
81 0 15655831 0
82 0 19924743 0
83 0 18265967 0
84 0 18612421 0
85 0 15841406 0
86 0 19126179 0
87 0 18714331 0
88 0 21215346 0
89 0 20329472 0
90 0 21093476 0
91 0 20239273 0
92 0 20717343 0
93 0 19436085 0
94 0 15622886 0
95 0 19418795 0
96 0 21595845 0
97 0 21989699 0
98 0 19931076 0
99 0 21978062 0
100 0 21883818 0
101 0 19402505 0
102 0 20100202 0
103 0 15625430 0
104 0 20263237 0
105 0 19309378 0
106 0 21007219 0
107 0 19564592 0
108 0 18990661 0
109 0 15326950 0
110 0 20310873 0
111 0 19587036 0
112 0 19545931 0
113 0 15316735 0
114 0 18757173 0
115 0 19138022 0
116 0 17914237 0
117 0 15972680 0
118 0 15710884 0
119 0 22102463 0
120 0 19974686 0
121 0 19983242 0
122 0 22205346 0
123 0 20731218 0
124 0 19727019 0
125 0 22017943 0
126 0 20238594 0
127 0 22314985 0
128 0 19799896 0
129 0 19666834 0
130 0 19406990 0
131 0 15549572 0
132 0 15241361 0
133 0 19091638 0
134 0 19132167 0
135 0 15463876 0
136 0 21620031 0
137 0 22096503 0
138 0 20069544 0
139 0 19242962 0
140 0 19608987 0
141 0 19721129 0
142 0 15499013 0
143 0 19782580 0
144 0 19883935 0
145 0 19286365 0
146 0 18748307 0
147 1 172858 762
148 0 18651183 0
149 0 19382058 0
150 0 15594253 0
151 0 22269534 0
152 0 21344245 0
153 0 20478644 0
154 0 20684736 0
155 0 20543347 0
156 0 21810562 0
157 0 22480141 0
158 0 20073592 0
159 0 15712588 0
160 0 18939542 0
161 0 19251608 0
162 0 21857368 0
163 0 19123787 0
164 0 20858332 0
165 0 21136221 0
166 0 15648050 0
167 0 19200457 0
168 0 19063047 0
169 0 18962684 0
170 0 19372349 0
171 0 22333406 0
172 0 15523790 0
173 0 21032139 0
174 0 21262639 0
175 0 15519523 0
176 1 86776 368
177 0 21916153 0
178 0 19372051 0
179 0 19135021 0
180 0 15646264 0
181 0 22279709 0
182 0 21499964 0
183 0 21540165 0
184 0 20048492 0
185 0 19904486 0
186 0 19531643 0
187 0 21471756 0
188 0 20220343 0
189 0 15522602 0
190 0 20801008 0
191 0 15756826 0
192 0 15626580 0
193 0 19840852 0
194 0 18500180 0
195 0 21486330 0
196 0 20029430 0
197 0 18950989 0
198 0 20279388 0
199 0 19779991 0
200 0 19065293 0
201 0 22485641 0
202 0 21886467 0
203 0 15538344 0
204 0 20741451 0
205 0 22091404 0
206 0 20470590 0
207 0 20433085 0
208 0 15374225 0
209 0 15414339 0
210 0 19845058 0
211 0 19807935 0
212 0 19385222 0
213 0 19259103 0
214 0 16307059 0
215 0 22863569 0
216 0 20104498 0
217 0 22180145 0
218 0 19399966 0
219 0 22528288 0
220 0 22034150 0
221 0 15537084 0
222 0 20186653 0
223 0 19584002 0
224 0 19807191 0
225 0 19525764 0
226 0 15567811 0
227 0 16091697 0
228 0 18992463 0
229 0 21874249 0
230 0 22548895 0
231 0 20883465 0
232 0 20988481 0
233 0 21506359 0
234 0 22815212 0
235 0 16073224 0
236 0 20892305 0
237 0 21961058 0
238 0 15778101 0
239 0 15601741 0
240 0 15572031 0
241 0 21708007 0
242 0 19954384 0
243 0 19960222 0
244 0 22217424 0
245 0 20239415 0
246 0 19245702 0
247 0 15805322 0
248 0 20641591 0
249 0 20676522 0
250 0 19706575 0
251 0 19561672 0
252 0 19640922 0
253 0 20696207 0
254 0 22582150 0
255 0 21880393 0
256 0 15590461 0
257 0 20545429 0
258 0 19136679 0
259 0 18653365 0
260 0 19113117 0
261 0 21908381 0
262 0 18785980 0
263 0 15449708 0
264 0 19481293 0
265 0 19165594 0
266 0 19474449 0
267 0 19570147 0
268 0 19178719 0
269 0 15444636 0
270 0 18466862 0
271 0 19007297 0
272 0 19601898 0
273 0 21802033 0
274 0 15966571 0
275 0 15682940 0
276 0 18900856 0
277 0 21633211 0
278 0 21741272 0
279 0 20129589 0
280 0 21000684 0
281 0 18977525 0
282 0 20982814 0
283 0 21867694 0
284 0 21294035 0
285 0 20570099 0
286 0 20895997 0
287 0 22528439 0
288 0 15361081 0
289 0 22324931 0
290 0 21260718 0
291 0 15720913 0
292 0 15371868 0
293 0 22844459 0
294 0 22854109 0
295 0 22235138 0
296 0 22306399 0
297 0 22884256 0
298 0 15551506 0
299 0 22430834 0
300 0 15222573 0
301 0 21962807 0
302 0 19408618 0
303 0 19990589 0
304 0 19033068 0
305 0 19916152 0
306 0 15630551 0
307 0 15389319 0
308 0 19796432 0
309 0 19931600 0
310 0 15887755 0
311 0 18513317 0
312 0 19218405 0
313 0 19836002 0
314 0 15437390 0
315 0 19963427 0
316 0 18661783 0
317 0 19156015 0
318 0 19594919 0
319 0 19501788 0
320 0 19222150 0
321 1 75411 328
322 0 19768905 0
323 0 22954450 0
324 0 22822290 0
325 0 20139401 0
326 0 19654410 0
327 0 19214246 0
328 0 19802293 0
329 0 21873234 0
330 0 20535985 0
331 0 22291625 0
332 0 19688388 0
333 0 20135374 0
334 0 16328002 0
335 0 19867737 0
336 0 15320529 0
337 0 18978541 0
338 0 19301767 0
339 0 15372206 0
340 0 19280072 0
341 0 20298152 0
342 0 19561884 0
343 0 18779194 0
344 0 20583480 0
345 0 19114165 0
346 0 18917458 0
347 0 19425659 0
348 0 15595230 0
349 0 19210265 0
350 0 22125905 0
351 0 21315289 0
352 0 15672208 0
353 0 19710804 0
354 0 19222409 0
355 0 15988348 0
356 0 18476502 0
357 0 20243387 0
358 0 15803657 0
359 0 19966040 0
360 0 15581467 0
361 0 18776277 0
362 0 18759199 0
363 0 18677613 0
364 0 22314763 0
365 0 19585274 0
366 0 19156321 0
367 0 19471645 0
368 0 19477358 0
369 0 18543910 0
370 0 22163953 0
371 0 15741575 0
372 0 15687748 0
373 0 22436881 0
374 0 21260897 0
375 1 9671 21
376 0 20906711 0
377 0 15977982 0
378 0 20899608 0
379 0 21242468 0
380 0 21926244 0
381 0 20990518 0
382 0 21892170 0
383 0 15830896 0
384 0 19474458 0
385 0 19483468 0
386 0 15608929 0
387 0 15991197 0
388 0 18462292 0
389 0 21966204 0
390 0 20438007 0
391 0 20786376 0
392 0 20207833 0
393 0 15630921 0
394 0 19702808 0
395 0 20947951 0
396 0 16146624 0
397 0 19237205 0
398 0 18986419 0
399 0 15478237 0
400 0 19004934 0
401 0 19137530 0
402 0 19551085 0
403 0 15493719 0
404 0 18937045 0
405 0 16566518 0
406 0 21359009 0
407 0 15685649 0
408 0 15500933 0
409 0 20343840 0
410 0 20338324 0
411 0 22191969 0
412 0 19822614 0
413 0 18620337 0
414 0 18758601 0
415 0 19466076 0
416 0 19171634 0
417 0 22461708 0
418 0 21238696 0
419 0 21421114 0
420 0 22052834 0
421 0 20461949 0
422 0 19639476 0
423 0 15737203 0
424 0 17970601 0
425 0 15900628 0
426 0 19602893 0
427 0 18709780 0
428 0 19601077 0
429 0 22265910 0
430 0 20342042 0
431 0 18901508 0
432 0 18085316 0
433 0 15837860 0
434 0 21568726 0
435 0 19746009 0
436 0 22242666 0
437 0 20015472 0
438 0 15629499 0
439 0 15580159 0
440 0 18913842 0
441 1 88113 382
442 0 19095253 0
443 0 21157039 0
444 0 20588428 0
445 0 19847794 0
446 0 18036524 0
447 0 19422332 0
448 0 22163565 0
449 0 21656817 0
450 0 20567206 0
451 0 22282450 0
452 0 20791146 0
453 0 15552787 0
454 0 20422893 0
455 0 15575123 0
456 0 16095058 0
457 0 18642892 0
458 0 20046950 0
459 0 15651166 0
460 0 19633332 0
461 0 18899757 0
462 0 19770436 0
463 0 18876297 0
464 0 18851432 0
465 0 19183517 0
466 0 19022679 0
467 0 19588739 0
468 0 15944810 0
469 0 18353986 0
470 0 15735759 0
471 0 22179549 0
472 0 15738979 0
473 0 15613521 0
474 0 22833851 0
475 0 17322746 0
476 0 20240323 0
477 0 19842084 0
478 0 20919718 0
479 0 20548657 0
480 0 20500506 0
481 0 15481562 0
482 0 19316186 0
483 0 15947879 0
484 0 19515229 0
485 0 19806364 0
486 0 22061100 0
487 0 19748869 0
488 0 21076410 0
489 0 18723348 0
490 0 19192996 0
491 0 21752999 0
492 0 20684788 0
493 0 20539109 0
494 0 20501830 0
495 0 19534528 0
496 0 19326273 0
497 0 20111933 0
498 0 18660230 0
499 0 19417000 0
500 0 16046930 0
501 0 15890211 0
502 0 19796699 0
503 0 19852281 0
504 0 19343767 0
505 0 23127728 0
506 0 19549880 0
507 0 19298972 0
508 0 20810356 0
509 0 21990570 0
510 0 19745526 0
511 0 19323303 0
512 0 19475183 0
513 0 20405596 0
514 0 21476272 0
515 0 15648556 0
516 0 19324482 0
517 0 19193584 0
518 0 22133314 0
519 0 19007537 0
520 0 15724052 0
521 0 19405818 0
522 0 21058761 0
523 0 15636434 0
524 0 19546354 0
525 0 15619411 0
526 0 20083469 0
527 0 19259489 0
528 0 21984398 0
529 0 20078251 0
530 0 20948466 0
531 0 15578045 0
532 0 19659869 0
533 0 15454370 0
534 0 15996860 0
535 0 18967376 0
536 0 20564966 0
537 0 15737577 0
538 0 20215188 0
539 0 19152074 0
540 0 20770318 0
541 0 20450461 0
542 0 22196066 0
543 0 19772166 0
544 0 20362615 0
545 0 15878502 0
546 0 20198133 0
547 0 19843722 0
548 0 21021208 0
549 0 20052140 0
550 0 21406781 0
551 0 21057537 0
552 0 19623087 0
553 0 20133905 0
554 0 20627849 0
555 0 21685401 0
556 0 19755259 0
557 1 8355 7
558 0 22110007 0
559 0 16404988 0
560 0 23067063 0
561 0 22527961 0
562 0 20963406 0
563 0 19656658 0
564 0 20452432 0
565 0 18923256 0
566 0 15185819 0
567 0 23097651 0
568 0 20218785 0
569 0 20829807 0
570 0 15959624 0
571 0 19376341 0
572 0 19123833 0
573 0 19443158 0
574 0 19852432 0
575 0 20484426 0
576 0 22617441 0
577 0 21579960 0
578 0 20471764 0
579 0 22467608 0
580 0 19499135 0
581 0 19754558 0
582 0 19317649 0
583 0 16370478 0
584 0 18625577 0
585 0 22393028 0
586 0 21798411 0
587 0 21865395 0
588 0 15800128 0
589 0 20787870 0
590 0 21100089 0
591 0 22266842 0
592 0 19420551 0
593 0 19263822 0
594 0 19051439 0
595 0 15988486 0
596 0 20072171 0
597 0 20646641 0
598 0 19843272 0
599 0 15722797 0
600 0 15507279 0
601 0 19334328 0
602 0 20351739 0
603 0 19308155 0
604 0 15710586 0
605 0 20430631 0
606 0 18942101 0
607 0 20151360 0
608 0 19653699 0
609 0 22283845 0
610 0 19971602 0
611 0 21836103 0
612 0 19733616 0
613 0 20920601 0
614 0 19366594 0
615 0 18597936 0
616 0 15918083 0
617 0 18645654 0
618 0 18578987 0
619 0 18986652 0
620 0 19664036 0
621 0 15873559 0
622 0 18868613 0
623 0 18776032 0
624 0 19029120 0
625 0 20311281 0
626 0 20343890 0
627 0 22441542 0
628 0 22454066 0
629 0 20969725 0
630 0 20121850 0
631 0 22646014 0
632 0 17648461 0
633 0 20502162 0
634 0 20917719 0
635 0 21695185 0
636 0 22307687 0
637 0 20608622 0
638 0 21395222 0
639 0 20326565 0
640 0 18936573 0
641 0 15476363 0
642 0 19810934 0
643 0 15535777 0
644 0 20636310 0
645 0 20403887 0
646 0 21293107 0
647 0 21591296 0
648 0 18918219 0
649 0 15528096 0
650 0 19753374 0
651 0 20124149 0
652 0 18499147 0
653 0 19382514 0
654 0 20131910 0
655 0 20477495 0
656 0 19217154 0
657 0 15317833 0
658 0 19894360 0
659 0 18669279 0
660 0 19145532 0
661 0 19784487 0
662 0 18763952 0
663 0 20262143 0
664 0 20620531 0
665 0 20212322 0
666 0 18930346 0
667 0 22447958 0
668 0 22483669 0
669 0 22495399 0
670 0 22740949 0
671 0 21162839 0
672 0 20288585 0
673 0 20243329 0
674 0 20809823 0
675 0 19990105 0
676 0 15863726 0
677 0 20237540 0
678 0 20560734 0
679 0 19145881 0
680 0 19222089 0
681 0 20237467 0
682 0 15413424 0
683 0 19428716 0
684 0 19658162 0
685 0 21425588 0
686 0 21802094 0
687 0 19291042 0
688 0 15638206 0
689 0 21445870 0
690 0 22857905 0
691 0 23077892 0
692 0 22868515 0
693 0 15441853 0
694 0 15457476 0
695 1 217503 980
696 0 19886204 0
697 0 19199054 0
698 0 19862480 0
699 0 19665825 0
700 0 19065692 0
701 0 19341397 0
702 0 18938021 0
703 0 19016382 0
704 0 19783890 0
705 0 19179972 0
706 0 19576752 0
707 0 15595868 0
708 0 20744161 0
709 0 21187676 0
710 0 20550451 0
711 0 20587168 0
712 0 15706025 0
713 0 19099218 0
714 0 22647057 0
715 0 22240250 0
716 0 22571485 0
717 0 22104182 0
718 0 17276634 0
719 0 22474295 0
720 0 21569897 0
721 0 15238429 0
722 0 19944736 0
723 0 21712331 0
724 0 20923801 0
725 0 20439238 0
726 0 22265217 0
727 0 15846774 0
728 0 21710221 0
729 0 15609591 0
730 0 21547398 0
731 0 22799163 0
732 0 22620713 0
733 0 19176075 0
734 0 19385431 0
735 0 19232683 0
736 0 15695331 0
737 0 18912056 0
738 0 15583061 0
739 0 19402113 0
740 0 19612329 0
741 0 18992410 0
742 0 22312157 0
743 0 19573023 0
744 0 15279008 0
745 0 18833753 0
746 0 15286473 0
747 0 18875335 0
748 0 22815442 0
749 0 20127220 0
750 0 20119729 0
751 0 22175354 0
752 0 22173109 0
753 0 22340531 0
754 0 15650784 0
755 0 20382703 0
756 0 18178042 0
757 0 15537832 0
758 0 15643623 0
759 0 15574368 0
760 0 19181873 0
761 0 19075618 0
762 0 19714936 0
763 0 19637931 0
764 0 15493312 0
765 0 20719048 0
766 0 15335639 0
767 0 15930106 0
768 0 22125568 0
769 0 19238793 0
770 0 22206913 0
771 0 20256289 0
772 0 19531291 0
773 0 19527151 0
774 0 20170783 0
775 0 15934910 0
776 0 18243479 0
777 0 19258011 0
778 0 18875130 0
779 0 19132011 0
780 0 18587445 0
781 0 19005919 0
782 0 19380421 0
783 0 22301452 0
784 0 20272216 0
785 0 18797201 0
786 0 22144495 0
787 0 16007470 0
788 0 19788182 0
789 0 18523121 0
790 0 15415725 0
791 0 18639361 0
792 0 18441441 0
793 0 20665112 0
794 0 20521133 0
795 0 20120432 0
796 0 19898419 0
797 0 20788553 0
798 0 20926983 0
799 0 18476649 0
800 0 17135489 0
801 0 18882130 0
802 0 19075640 0
803 0 21617032 0
804 0 19272905 0
805 0 19619337 0
806 0 15859502 0
807 0 19985004 0
808 0 19127065 0
809 0 20789280 0
810 0 19656995 0
811 0 19526470 0
812 0 19345030 0
813 0 19317232 0
814 0 18837454 0
815 0 18521071 0
816 0 18833500 0
817 0 18861194 0
818 0 19141454 0
819 0 19131928 0
820 0 22589190 0
821 0 20064749 0
822 0 21755271 0
823 0 16214281 0
824 0 20060873 0
825 0 20141019 0
826 0 21290623 0
827 0 20489284 0
828 0 19078505 0
829 0 18878451 0
830 0 20203960 0
831 0 19539928 0
832 0 21204306 0
833 0 15999322 0
834 0 20496522 0
835 0 20542426 0
836 0 22084212 0
837 0 19519846 0
838 0 21909997 0
839 0 15676411 0
840 0 19731197 0
841 0 19895286 0
842 0 21902229 0
843 0 21941525 0
844 0 22483148 0
845 0 19439271 0
846 0 19163302 0
847 0 15616367 0
848 0 19161904 0
849 0 19629522 0
850 0 21800721 0
851 0 19312737 0
852 0 15475385 0
853 0 15755864 0
854 0 21136224 0
855 0 19045264 0
856 0 19525703 0
857 0 18877977 0
858 0 22398992 0
859 0 19991984 0
860 0 22647773 0
861 0 20838087 0
862 0 19783621 0
863 0 15262999 0
864 0 19071488 0
865 0 19721081 0
866 0 15505467 0
867 0 21259084 0
868 0 18894829 0
869 0 18645495 0
870 0 20506801 0
871 0 18816692 0
872 0 18875938 0
873 0 18971194 0
874 0 18734472 0
875 0 19154925 0
876 0 20937576 0
877 0 20680680 0
878 0 18769295 0
879 0 15904900 0
880 0 18103552 0
881 0 19177393 0
882 0 18921838 0
883 0 19199180 0
884 0 19536060 0
885 0 18330094 0
886 0 15223972 0
887 0 19262790 0
888 0 19643800 0
889 0 19815657 0
890 0 18980900 0
891 0 19113429 0
892 0 19427977 0
893 0 18736393 0
894 0 21656699 0
895 0 22236226 0
896 0 21122585 0
897 0 15913545 0
898 0 22162708 0
899 0 22121463 0
900 0 15608388 0
901 0 23050364 0
902 0 20592159 0
903 0 15372431 0
904 0 21109655 0
905 1 55598 237
906 0 20273134 0
907 0 18698891 0
908 0 16192904 0
909 0 19610864 0
910 0 21008512 0
911 0 19896080 0
912 0 20389661 0
913 0 19327716 0
914 0 20873646 0
915 0 19742454 0
916 0 15931997 0
917 0 19769774 0
918 0 19338574 0
919 0 19615303 0
920 0 17859668 0
921 0 21860529 0
922 0 15907444 0
923 0 15699606 0
924 0 19578122 0
925 0 18955308 0
926 0 18723439 0
927 0 20431092 0
928 0 20740573 0
929 0 19823658 0
930 0 18275091 0
931 0 20866649 0
932 0 19800350 0
933 1 104917 429
934 0 20476041 0
935 0 19552464 0
936 0 19104733 0
937 0 20188552 0
938 0 19449615 0
939 0 20174256 0
940 0 20212543 0
941 0 21877490 0
942 0 20735398 0
943 0 19409508 0
944 0 19193802 0
945 0 19055035 0
946 0 15775135 0
947 0 18851383 0
948 0 15704045 0
949 0 18875787 0
950 0 19390681 0
951 0 15675321 0
952 0 22367815 0
953 0 20577785 0
954 0 20341040 0
955 0 15706354 0
956 0 19012746 0
957 0 19857419 0
958 0 19869194 0
959 0 22369381 0
960 0 15284335 0
961 0 21227342 0
962 0 19680629 0
963 0 19674983 0
964 0 19321106 0
965 0 19417983 0
966 0 15652320 0
967 0 19646742 0
968 0 18570106 0
969 0 15742554 0
970 0 18543981 0
971 0 18965729 0
972 0 19930312 0
973 0 18723925 0
974 0 22570529 0
975 0 15563319 0
976 0 21110728 0
977 0 19061204 0
978 0 20079949 0
979 0 15915728 0
980 0 19506773 0
981 0 21041174 0
982 0 19421821 0
983 0 15933353 0
984 0 19360627 0
985 0 15956341 0
986 0 19584559 0
987 0 21657111 0
988 0 20329195 0
989 0 15273710 0
990 0 17964110 0
991 0 19412831 0
992 0 22156541 0
993 0 22486860 0
994 0 20536693 0
995 0 20738528 0
996 0 21654624 0
997 0 15805348 0
998 0 20901134 0
999 0 19753083 0
1000 0 19303426 0
1001 0 15790771 0
1002 0 18724915 0
1003 0 22080550 0
1004 0 20857254 0
1005 0 20345222 0
1006 0 19441578 0
1007 0 18449085 0
1008 0 21209738 0
1009 0 16889275 0
1010 0 20425992 0
1011 0 15336229 0
1012 0 18810618 0
1013 0 20355092 0
1014 0 20665015 0
1015 0 20884778 0
1016 0 20341376 0
1017 0 20894817 0
1018 0 22825851 0
1019 0 20029202 0
1020 0 21779419 0
1021 0 15374866 0
1022 0 20805871 0
1023 0 15645164 0
1024 0 20404343 0
1025 0 15765816 0
1026 0 19336135 0
1027 0 19953768 0
1028 0 18598188 0
1029 0 15730207 0
1030 0 19461935 0
1031 0 18532705 0
1032 0 19672049 0
1033 0 20172123 0
1034 0 18120832 0
1035 0 20816477 0
1036 0 20048241 0
1037 0 19832210 0
1038 0 18863739 0
1039 0 20504826 0
1040 0 18036746 0
1041 0 20875477 0
1042 0 19622994 0
1043 0 19819540 0
1044 0 21368898 0
1045 0 21701876 0
1046 0 20555462 0
1047 0 15962397 0
1048 0 15633244 0
1049 0 22551269 0
1050 0 20200443 0
1051 0 19161118 0
1052 0 15977673 0
1053 0 21108266 0
1054 0 15873704 0
1055 0 19833711 0
1056 0 22698368 0
1057 0 18493950 0
1058 0 19600806 0
1059 0 19483531 0
1060 0 19304280 0
1061 0 18928538 0
1062 0 18974213 0
1063 0 18424224 0
1064 0 19306060 0
1065 0 15766048 0
1066 0 19797434 0
1067 0 21688319 0
1068 0 21627959 0
1069 0 15616663 0
1070 0 18842982 0
1071 0 22167144 0
1072 0 20333726 0
1073 0 15479996 0
1074 0 19170380 0
1075 0 19755718 0
1076 0 22257202 0
1077 0 15314520 0
1078 0 19707744 0
1079 0 19057142 0
1080 0 19287074 0
1081 0 22289429 0
1082 0 22880460 0
1083 0 22165502 0
1084 0 19798637 0
1085 0 21927934 0
1086 0 15760379 0
1087 0 19008126 0
1088 0 18636517 0
1089 0 19793827 0
1090 0 19680298 0
1091 0 18829256 0
1092 0 22191560 0
1093 0 20457353 0
1094 0 18738644 0
1095 0 15605230 0
1096 0 19094804 0
1097 0 19561180 0
1098 0 21319677 0
1099 0 20147099 0
1100 0 21547836 0
1101 0 20056014 0
1102 0 21263618 0
1103 0 22819682 0
1104 0 21610558 0
1105 0 19333088 0
1106 0 22133029 0
1107 0 21805861 0
1108 0 21098525 0
1109 0 23005795 0
1110 0 21768233 0
1111 0 16074745 0
1112 0 22261836 0
1113 0 22232667 0
1114 0 22511489 0
1115 0 22796998 0
1116 0 22415922 0
1117 0 21594849 0
1118 0 22350070 0
1119 0 21542304 0
1120 0 20463860 0
1121 0 15656364 0
1122 0 19984057 0
1123 0 20310846 0
1124 0 21485227 0
1125 0 15611828 0
1126 0 15688583 0
1127 0 22497628 0
1128 0 20888407 0
1129 0 21845982 0
1130 0 16125355 0
1131 0 20226669 0
1132 0 21058684 0
1133 0 15701607 0
1134 0 19593291 0
1135 0 20010138 0
1136 0 18806767 0
1137 0 20068400 0
1138 0 15692879 0
1139 0 18735138 0
1140 0 19984064 0
1141 0 21935773 0
1142 0 20833971 0
1143 1 3771 0
1144 0 19321282 0
1145 0 18596166 0
1146 0 19355060 0
1147 0 16148128 0
1148 0 15715278 0
1149 0 19144672 0
1150 0 22369661 0
1151 0 15540470 0
1152 0 15532091 0
1153 0 20813857 0
1154 0 20194646 0
1155 0 21050113 0
1156 0 22655360 0
1157 0 20634966 0
1158 0 19678050 0
1159 0 20023826 0
1160 0 22541113 0
1161 0 20494313 0
1162 0 18987984 0
1163 0 21364452 0
1164 0 19313265 0
1165 0 22770838 0
1166 0 15469615 0
1167 0 20456574 0
1168 0 21336432 0
1169 0 19594300 0
1170 0 18371948 0
1171 0 15524059 0
1172 0 15605343 0
1173 0 19405505 0
1174 0 19124790 0
1175 0 15748279 0
1176 0 19149175 0
1177 0 19335714 0
1178 0 18581784 0
1179 0 20669110 0
1180 0 22198160 0
1181 0 21555753 0
1182 0 23015908 0
1183 0 15506527 0
1184 0 21822575 0
1185 0 20658451 0
1186 0 20273428 0
1187 0 21685805 0
1188 0 21236145 0
1189 0 15407268 0
1190 0 19219916 0
1191 0 19971718 0
1192 0 15487655 0
1193 0 19783189 0
1194 0 19640171 0
1195 0 18882934 0
1196 0 19117743 0
1197 0 20087277 0
1198 0 15706771 0
1199 0 18617351 0
