0 0 19046789 0
1 0 19754421 0
2 0 20326793 0
3 0 21934770 0
4 0 18899913 0
5 0 19698468 0
6 0 18901018 0
7 0 21858574 0
8 0 21743966 0
9 0 22928689 0
10 0 15280314 0
11 0 20551599 0
12 0 19177622 0
13 0 20122633 0
14 0 21443920 0
15 0 19520049 0
16 0 19046358 0
17 0 15927943 0
18 0 19632289 0
19 0 19255091 0
20 0 21655530 0
21 0 19228630 0
22 0 15532522 0
23 0 19243708 0
24 0 19934608 0
25 0 19974336 0
26 0 20359257 0
27 0 19278339 0
28 0 22151341 0
29 0 20904544 0
30 0 17922834 0
31 0 19483682 0
32 0 21665535 0
33 0 21037435 0
34 0 19891667 0
35 0 20322448 0
36 0 22066073 0
37 0 19457922 0
38 0 20041957 0
39 1 336667 1552
40 0 20079773 0
41 0 19064754 0
42 0 15716413 0
43 0 19168770 0
44 0 19760723 0
45 0 20302003 0
46 0 22056737 0
47 0 15471471 0
48 0 21528104 0
49 0 22440912 0
50 0 21964958 0
51 0 20663675 0
52 0 21694680 0
53 0 20646216 0
54 0 20585051 0
55 0 22571475 0
56 0 21666347 0
57 0 21981371 0
58 0 19829004 0
59 0 19564324 0
60 0 22154568 0
61 0 22788764 0
62 0 22098699 0
63 0 21374695 0
64 0 21684161 0
65 0 15587031 0
66 0 15600689 0
67 0 21567390 0
68 0 20083644 0
69 0 21871310 0
70 0 22522243 0
71 1 123142 538
72 0 21426892 0
73 1 490784 2241
74 0 21057149 0
75 0 20371737 0
76 0 20646305 0
77 0 20699049 0
78 0 21621697 0
79 0 21388822 0
80 0 22403732 0
81 0 21777571 0
82 1 91062 394
83 0 22452133 0
84 0 22060923 0
85 1 135070 586
86 0 22298873 0
87 0 21817597 0
88 0 21260141 0
89 0 21484610 0
90 0 22680106 0
91 0 19453696 0
92 0 15832485 0
93 0 19932150 0
94 0 19710641 0
95 0 15226550 0
96 0 19111256 0
97 1 72691 304
98 0 18745618 0
99 0 21881257 0
100 1 151117 732
101 0 18931274 0
102 0 20273745 0
103 0 19145048 0
104 0 20649009 0
105 0 21529381 0
106 0 21869521 0
107 0 20002248 0
108 0 19537117 0
109 0 19581926 0
110 0 20193872 0
111 0 21927782 0
112 1 164047 698
113 0 21027619 0
114 0 21048001 0
115 0 20380324 0
116 0 15787951 0
117 0 19554962 0
118 0 15609532 0
119 0 22101302 0
120 0 20447388 0
121 0 18295543 0
122 0 19051830 0
123 0 15924624 0
124 0 19411425 0
125 0 19525983 0
126 0 17953127 0
127 0 19976628 0
128 0 18798070 0
129 0 20730402 0
130 0 19498027 0
131 0 20756501 0
132 0 15695016 0
133 0 19098574 0
134 0 20190248 0
135 0 21833198 0
136 1 12123 28
137 0 19842692 0
138 0 21027281 0
139 0 20652029 0
140 0 15555747 0
141 0 21253592 0
142 0 22278828 0
143 0 21895956 0
144 0 19626470 0
145 0 21129356 0
146 0 22813832 0
147 0 19976685 0
148 0 20026311 0
149 0 22900086 0
150 0 19674464 0
151 0 22035241 0
152 1 75029 328
153 0 20737794 0
154 0 20697777 0
155 0 21525512 0
156 0 22044537 0
157 1 142446 718
158 0 18756189 0
159 0 20814832 0
160 0 22728930 0
161 0 20319606 0
162 0 15515624 0
163 0 19028548 0
164 0 19358423 0
165 0 21135325 0
166 0 20538302 0
167 0 15409779 0
168 0 20127188 0
169 0 15785912 0
170 0 19426996 0
171 0 20254981 0
172 0 19153250 0
173 0 20613244 0
174 0 19523547 0
175 1 292274 1314
176 0 22722260 0
177 0 21500643 0
178 0 22712390 0
179 0 21200247 0
180 0 19737649 0
181 0 22017997 0
182 0 20518150 0
183 0 22399062 0
184 0 21339166 0
185 1 14662 42
186 0 20160383 0
187 0 22247999 0
188 0 21482280 0
189 0 20186727 0
190 0 20526783 0
191 0 15426513 0
192 1 32130 101
193 0 19471812 0
194 0 19543020 0
195 0 19116726 0
196 0 15442961 0
197 0 15482296 0
198 0 20166796 0
199 0 19695969 0
200 1 55643 202
201 0 18754879 0
202 0 20569307 0
203 0 18559243 0
204 0 19042423 0
205 0 20190665 0
206 0 22710475 0
207 0 21399507 0
208 0 19375891 0
209 0 18889153 0
210 0 19707906 0
211 0 19762680 0
212 0 20752414 0
213 0 21892035 0
214 1 150641 682
215 0 20283553 0
216 0 20062196 0
217 0 21226920 0
218 0 19369925 0
219 0 22182674 0
220 0 22777470 0
221 0 15624128 0
222 0 21803165 0
223 0 19849499 0
224 0 19291733 0
225 0 18976916 0
226 0 20254624 0
227 0 19624631 0
228 0 15431063 0
229 0 20064667 0
230 0 20302358 0
231 0 20598977 0
232 0 19700338 0
233 0 19132656 0
234 0 21766291 0
235 0 20404987 0
236 0 21300281 0
237 0 19056858 0
238 0 19067515 0
239 0 19226641 0
240 0 19068904 0
241 0 19182618 0
242 0 19038893 0
243 0 18466236 0
244 0 18689930 0
245 0 19928695 0
246 0 15113321 0
247 0 19122369 0
248 0 19361561 0
249 0 18995883 0
250 0 20017105 0
251 0 19657563 0
252 0 22399002 0
253 0 19249679 0
254 0 18086119 0
255 0 20158475 0
256 0 21682557 0
257 0 22580500 0
258 0 20896587 0
259 0 19605204 0
260 0 21940306 0
261 0 20324207 0
262 0 23011623 0
263 0 20152413 0
264 1 280781 1192
265 0 19131674 0
266 0 18280964 0
267 0 18961109 0
268 0 21133079 0
269 0 19750469 0
270 0 20116826 0
271 0 19736708 0
272 0 18849067 0
273 0 18430895 0
274 0 20244479 0
275 0 19754616 0
276 0 20480634 0
277 0 20207135 0
278 0 20601859 0
279 0 15761971 0
280 0 20153957 0
281 0 19740658 0
282 0 15485828 0
283 1 131591 566
284 0 19657743 0
285 0 21400730 0
286 0 19743880 0
287 0 15530952 0
288 0 23140961 0
289 0 18670646 0
290 0 20722445 0
291 0 19814054 0
292 0 19376066 0
293 1 61786 241
294 0 20159916 0
295 0 20909239 0
296 0 19854301 0
297 0 20129848 0
298 0 15567173 0
299 0 20263128 0
300 0 20669498 0
301 0 15473030 0
302 0 19232972 0
303 0 19636883 0
304 0 19591996 0
305 0 15442390 0
306 0 19739616 0
307 0 18848149 0
308 0 19500921 0
309 0 19046041 0
310 0 20907183 0
311 0 18711615 0
312 0 19009113 0
313 0 20519512 0
314 0 19369398 0
315 0 18843971 0
316 0 15350295 0
317 0 18724681 0
318 0 18940990 0
319 0 19283837 0
320 0 18484601 0
321 0 21734655 0
322 0 20092830 0
323 0 19083274 0
324 0 15692261 0
325 1 130998 564
326 0 18872622 0
327 0 18796079 0
328 0 19083097 0
329 0 19388312 0
330 0 21308586 0
331 0 20357691 0
332 1 134102 584
333 0 19428374 0
334 0 22210600 0
335 0 15633139 0
336 0 15795278 0
337 0 20976304 0
338 0 19592014 0
339 0 19821045 0
340 0 15886969 0
341 0 15564763 0
342 0 18782631 0
343 1 29522 103
344 0 19606559 0
345 0 18964257 0
346 1 45624 162
347 0 19262070 0
348 0 22089886 0
349 0 19997755 0
350 0 19420354 0
351 0 20414945 0
352 0 19781499 0
353 0 19408146 0
354 0 19380762 0
355 0 19609419 0
356 0 21889291 0
357 0 22040804 0
358 0 19807726 0
359 0 20257602 0
360 0 22315396 0
361 0 19305876 0
362 0 21991336 0
363 0 22437368 0
364 0 22272794 0
365 0 20548127 0
366 0 15765614 0
367 0 22238946 0
368 1 133397 556
369 1 22445 91
370 0 21495298 0
371 0 21872564 0
372 0 21449145 0
373 0 15624460 0
374 0 20586845 0
375 0 19339201 0
376 0 18826767 0
377 0 21014340 0
378 0 18840111 0
379 0 19275134 0
380 0 19915896 0
381 0 19229209 0
382 0 19333982 0
383 0 22069000 0
384 0 20044978 0
385 0 19147546 0
386 0 21669577 0
387 0 21913787 0
388 0 20223507 0
389 0 19706583 0
390 0 15543649 0
391 0 21124075 0
392 0 21639611 0
393 0 18923250 0
394 0 18370309 0
395 0 19992843 0
396 0 18892066 0
397 0 22333367 0
398 0 21273597 0
399 0 20402958 0
400 0 21123594 0
401 0 19706960 0
402 0 21496895 0
403 0 20271257 0
404 0 20200079 0
405 1 183279 823
406 0 21825530 0
407 0 20984957 0
408 0 19997686 0
409 0 19803856 0
410 0 22585866 0
411 0 19883960 0
412 0 19642858 0
413 0 19762632 0
414 0 22479297 0
415 0 20871231 0
416 0 19608191 0
417 0 22550841 0
418 0 20325010 0
419 0 19848639 0
420 0 20569671 0
421 0 20207210 0
422 0 20710939 0
423 1 95709 413
424 0 19011509 0
425 1 60868 220
426 0 19970016 0
427 0 20171460 0
428 0 19140096 0
429 0 19616116 0
430 0 21727413 0
431 0 19353063 0
432 0 15595039 0
433 0 18885670 0
434 0 20580982 0
435 0 18964974 0
436 0 19545244 0
437 0 19508910 0
438 0 15787495 0
439 0 18972554 0
440 0 20282062 0
441 0 18887953 0
442 0 21276682 0
443 0 20777542 0
444 0 20959138 0
445 0 15580250 0
446 0 21809997 0
447 0 19904212 0
448 0 15374600 0
449 0 15519074 0
450 1 20681 58
451 0 15496412 0
452 0 20793811 0
453 0 15665271 0
454 0 15420229 0
455 0 18674842 0
456 0 18932968 0
457 0 20030308 0
458 0 19766429 0
459 0 20193112 0
460 0 19308552 0
461 0 19044783 0
462 0 18676746 0
463 0 21249392 0
464 0 19045459 0
465 0 20358412 0
466 0 20834260 0
467 0 15821857 0
468 0 21291090 0
469 0 19328455 0
470 0 22121156 0
471 0 19096646 0
472 0 19826205 0
473 0 19516786 0
474 0 19603591 0
475 0 20724485 0
476 0 19376172 0
477 0 21033115 0
478 0 20904084 0
479 0 19921350 0
480 0 19853043 0
481 0 20256901 0
482 0 19731368 0
483 0 20362575 0
484 0 20799955 0
485 0 19489983 0
486 0 19194280 0
487 0 21923289 0
488 0 22965565 0
489 0 23034665 0
490 0 15495424 0
491 0 20361024 0
492 0 19188093 0
493 0 19768783 0
494 0 20998870 0
495 0 19690010 0
496 0 21517309 0
497 0 21013504 0
498 1 191621 947
499 0 19298808 0
500 0 21328797 0
501 0 20024746 0
502 0 19958296 0
503 0 20577311 0
504 0 18991786 0
505 0 18347339 0
506 0 17130787 0
507 0 19868185 0
508 0 19364757 0
509 0 20266439 0
510 0 20266195 0
511 0 19306729 0
512 0 19801902 0
513 0 18586347 0
514 0 19298432 0
515 0 20461860 0
516 0 20183001 0
517 0 20366335 0
518 0 15323268 0
519 0 18536826 0
520 0 18395612 0
521 0 21926734 0
522 0 21175770 0
523 0 15953273 0
524 0 19386053 0
525 0 22163573 0
526 0 20275532 0
527 0 19877823 0
528 0 22189720 0
529 0 19150350 0
530 0 15646219 0
531 0 22724046 0
532 0 16116418 0
533 0 22389337 0
534 0 21475733 0
535 0 22634862 0
536 0 19280402 0
537 0 21319901 0
538 0 19033219 0
539 0 22077450 0
540 0 19597913 0
541 0 20286964 0
542 0 21326048 0
543 0 15583614 0
544 0 18912445 0
545 0 19427884 0
546 0 15599513 0
547 0 18927704 0
548 1 192666 856
549 0 19634878 0
550 0 19117370 0
551 0 21324227 0
552 0 15651957 0
553 0 20831684 0
554 1 116017 492
555 0 21084722 0
556 0 18826316 0
557 0 19612150 0
558 0 19554882 0
559 0 19482730 0
560 0 20246833 0
561 0 19564174 0
562 0 19056570 0
563 0 18938356 0
564 0 19313058 0
565 0 21378551 0
566 0 20505683 0
567 0 19708648 0
568 0 19809975 0
569 1 137083 615
570 0 18245917 0
571 0 21054284 0
572 0 20032839 0
573 0 18794003 0
574 0 18766629 0
575 0 19367454 0
576 0 20693629 0
577 0 19689889 0
578 0 19776373 0
579 0 20890577 0
580 0 15547686 0
581 0 19959789 0
582 0 22508010 0
583 0 19898381 0
584 0 19133535 0
585 0 19365399 0
586 0 19527245 0
587 0 19764294 0
588 0 20167362 0
589 1 46674 188
590 0 18942414 0
591 0 22515501 0
592 1 26559 89
593 0 20726193 0
594 0 22053164 0
595 0 20039118 0
596 0 22875510 0
597 0 21250821 0
598 0 20476867 0
599 0 21448573 0
600 0 19722639 0
601 0 21027812 0
602 0 15923192 0
603 0 19703605 0
604 0 20068269 0
605 0 20748222 0
606 0 19040781 0
607 0 19183675 0
608 0 19797731 0
609 0 21512784 0
610 0 15599906 0
611 1 68174 279
612 0 18882050 0
613 0 19330934 0
614 0 18566312 0
615 0 18957344 0
616 0 19242890 0
617 0 21099945 0
618 0 21492325 0
619 0 19319828 0
620 0 20132774 0
621 0 19664638 0
622 0 21424872 0
623 0 15696606 0
624 0 19614144 0
625 0 22662908 0
626 0 22737351 0
627 0 22261304 0
628 0 21999164 0
629 0 20080466 0
630 0 22447169 0
631 0 21388942 0
632 0 20671751 0
633 0 20803522 0
634 0 15749998 0
635 0 18870148 0
636 0 21218503 0
637 1 9766 6
638 0 20828567 0
639 0 21550416 0
640 0 22734620 0
641 0 22971670 0
642 0 22050133 0
643 0 21018765 0
644 0 21703576 0
645 0 20035126 0
646 0 20397375 0
647 0 21594084 0
648 0 21295175 0
649 0 19628063 0
650 0 19043646 0
651 0 18621196 0
652 0 15646572 0
653 0 22452403 0
654 0 19629475 0
655 0 15445717 0
656 0 21529227 0
657 0 22312976 0
658 0 15687896 0
659 0 21582346 0
660 0 19943048 0
661 0 15820477 0
662 0 15590926 0
663 0 19656165 0
664 0 21820055 0
665 0 21490011 0
666 0 15949489 0
667 0 15797149 0
668 0 22087803 0
669 0 21379935 0
670 0 19975210 0
671 0 18886369 0
672 0 18863361 0
673 0 21480406 0
674 0 18948080 0
675 0 19332884 0
676 0 19156019 0
677 0 19728314 0
678 0 19159659 0
679 0 18752655 0
680 0 19658667 0
681 0 19451942 0
682 0 19023836 0
683 0 19021319 0
684 0 20130002 0
685 0 20607697 0
686 0 21309844 0
687 0 19532396 0
688 0 20008300 0
689 0 23036901 0
690 0 20325891 0
691 1 122800 532
692 0 20322388 0
693 0 20699031 0
694 0 19193970 0
695 0 20089088 0
696 0 20070789 0
697 0 18552467 0
698 0 19408652 0
699 0 19155784 0
700 0 20206205 0
701 0 19201054 0
702 0 18658845 0
703 0 19661323 0
704 0 15700395 0
705 0 18911651 0
706 0 22632155 0
707 0 22597358 0
708 0 22371506 0
709 0 21468703 0
710 0 18600817 0
711 0 19720137 0
712 0 19781882 0
713 0 18979745 0
714 0 19796644 0
715 0 19808136 0
716 0 21865535 0
717 0 15823154 0
718 0 15542435 0
719 0 20346451 0
720 0 15771855 0
721 0 19177745 0
722 0 15723294 0
723 0 18361176 0
724 0 19901252 0
725 0 19518229 0
726 0 19980878 0
727 0 19546198 0
728 0 19800043 0
729 0 19983969 0
730 0 19549280 0
731 0 21234609 0
732 0 21459579 0
733 0 20012492 0
734 0 22057422 0
735 0 20738819 0
736 0 20547944 0
737 1 136155 590
738 0 22103265 0
739 0 20545358 0
740 0 15710530 0
741 0 19931351 0
742 0 21931075 0
743 0 22465036 0
744 0 22170754 0
745 0 20442922 0
746 0 19595349 0
747 0 22093769 0
748 0 22848587 0
749 0 20259687 0
750 0 19216145 0
751 0 20682783 0
752 1 13375 31
753 0 20812887 0
754 0 15535356 0
755 0 20248155 0
756 0 18941462 0
757 0 20755363 0
758 1 49574 179
759 0 20235995 0
760 0 20930850 0
761 0 20970601 0
762 0 16649466 0
763 0 19024630 0
764 0 19071056 0
765 0 20160877 0
766 1 394168 1780
767 0 19032903 0
768 0 21733440 0
769 0 21068683 0
770 0 20635450 0
771 0 20921584 0
772 0 20012361 0
773 0 18312687 0
774 0 19107189 0
775 0 18625877 0
776 0 15770392 0
777 0 19960403 0
778 0 20197509 0
779 0 20521442 0
780 0 19868536 0
781 0 20331621 0
782 0 20407853 0
783 0 21825491 0
784 1 59164 252
785 0 20954830 0
786 0 15665334 0
787 0 19734146 0
788 0 19396094 0
789 0 20668363 0
790 0 15687698 0
791 0 18556810 0
792 0 18997801 0
793 0 20519639 0
794 0 19822065 0
795 1 254369 1150
796 0 18482539 0
797 0 18555852 0
798 0 18213951 0
799 0 16680479 0
800 0 22691664 0
801 0 22969230 0
802 0 22019283 0
803 1 80585 369
804 0 20208192 0
805 0 20744380 0
806 0 20701427 0
807 0 21140263 0
808 0 20629587 0
809 1 25823 99
810 0 19050249 0
811 0 18581738 0
812 0 19699329 0
813 0 19273709 0
814 0 20394731 0
815 0 21321773 0
816 0 22836876 0
817 0 20690510 0
818 0 20704326 0
819 0 20523973 0
820 0 19665111 0
821 0 21449160 0
822 1 173077 765
823 0 21282434 0
824 0 20528084 0
825 0 15372941 0
826 0 20421626 0
827 0 20180627 0
828 0 20631663 0
829 0 20041346 0
830 1 39310 158
831 0 20578145 0
832 0 20324514 0
833 0 15673578 0
834 0 21345062 0
835 1 19378 26
836 0 19222314 0
837 0 19760218 0
838 0 21170056 0
839 1 208360 925
840 0 19869606 0
841 0 18914185 0
842 0 15677745 0
843 0 21867389 0
844 0 20920784 0
845 0 22097515 0
846 0 22197991 0
847 0 20471295 0
848 0 19347829 0
849 0 19226870 0
850 0 19310962 0
851 0 20038194 0
852 0 15431056 0
853 0 20337786 0
854 0 21926417 0
855 0 20297537 0
856 0 19091533 0
857 0 18442338 0
858 0 19264620 0
859 0 15919823 0
860 0 18966338 0
861 0 21205315 0
862 0 21385049 0
863 0 21380910 0
864 0 15703371 0
865 0 19919392 0
866 0 20307567 0
867 0 20029521 0
868 0 22627582 0
869 0 22531756 0
870 0 18916010 0
871 0 19424839 0
872 0 16771461 0
873 0 18708037 0
874 0 20361934 0
875 0 19087976 0
876 0 21862360 0
877 0 20350410 0
878 0 19577174 0
879 0 19964856 0
880 0 20555732 0
881 0 19625799 0
882 0 21817740 0
883 0 21947124 0
884 0 21812040 0
885 0 19681045 0
886 0 19451093 0
887 0 20056122 0
888 0 18688491 0
889 0 16127893 0
890 0 21078514 0
891 0 18849122 0
892 0 21431015 0
893 0 19712525 0
894 0 20151890 0
895 0 22154580 0
896 0 19242380 0
897 0 21443115 0
898 0 20076678 0
899 0 19784423 0
900 0 19736400 0
901 0 21034255 0
902 0 20494351 0
903 0 20023797 0
904 0 15320320 0
905 0 22616237 0
906 0 20039737 0
907 0 15685951 0
908 0 20484170 0
909 0 21483130 0
910 0 17195643 0
911 0 20070715 0
912 0 19593589 0
913 0 20416821 0
914 0 20048110 0
915 0 21567570 0
916 0 15444032 0
917 0 18939337 0
918 0 20828925 0
919 0 20570697 0
920 0 20748326 0
921 0 19297885 0
922 0 19665130 0
923 0 20815564 0
924 0 20510358 0
925 0 21968556 0
926 0 19740143 0
927 0 20076502 0
928 0 20552555 0
929 0 19413368 0
930 0 18844538 0
931 0 20032477 0
932 0 21246148 0
933 0 19980019 0
934 0 19384022 0
935 0 15309791 0
936 0 18922565 0
937 0 19373800 0
938 0 15807592 0
939 0 18266240 0
940 0 20786072 0
941 0 20192655 0
942 0 18624279 0
943 0 21710001 0
944 0 22683300 0
945 0 19601347 0
946 0 19578056 0
947 0 19846805 0
948 0 20173751 0
949 0 15926413 0
950 0 19945229 0
951 0 18914559 0
952 0 19851239 0
953 0 20266546 0
954 0 19510675 0
955 0 19709326 0
956 0 15778814 0
957 1 12693 24
958 0 19748712 0
959 0 19553966 0
960 0 19004078 0
961 0 19730631 0
962 0 19766473 0
963 0 19898590 0
964 0 22098625 0
965 0 21779005 0
966 0 20612407 0
967 0 18789434 0
968 0 19912522 0
969 0 19734249 0
970 0 21753997 0
971 0 21202238 0
972 0 19955034 0
973 1 396885 1807
974 0 19045592 0
975 0 22177885 0
976 0 20590716 0
977 0 18762752 0
978 0 19478257 0
979 0 21473436 0
980 1 47060 189
981 0 21648029 0
982 0 20997319 0
983 0 19560378 0
984 0 19041028 0
985 0 20613552 0
986 0 20685067 0
987 0 19262490 0
988 0 18931549 0
989 0 22359607 0
990 0 19331963 0
991 0 21910095 0
992 0 19798879 0
993 0 21906106 0
994 0 22396586 0
995 0 22163438 0
996 0 21769128 0
997 0 22031280 0
998 0 19983517 0
999 0 20119174 0
1000 0 20749246 0
1001 0 20380910 0
1002 0 19549200 0
1003 0 21167149 0
1004 0 21066902 0
1005 0 20129623 0
1006 0 20739643 0
1007 0 19080605 0
1008 0 18795779 0
1009 0 19458560 0
1010 0 19428710 0
1011 0 21180609 0
1012 0 22050186 0
1013 0 21699479 0
1014 0 22155590 0
1015 0 19830721 0
1016 0 20500194 0
1017 0 19538474 0
1018 0 21761717 0
1019 0 19300676 0
1020 0 22563978 0
1021 0 20649383 0
1022 0 15872150 0
1023 0 22770180 0
1024 0 19905336 0
1025 0 19427377 0
1026 0 19255406 0
1027 0 19224793 0
1028 0 20265305 0
1029 0 19402336 0
1030 0 20566311 0
1031 1 60710 233
1032 0 21000741 0
1033 0 20543234 0
1034 0 19445585 0
1035 0 19921537 0
1036 0 18692517 0
1037 0 20406153 0
1038 0 22758846 0
1039 1 63277 254
1040 0 19009820 0
1041 0 18961200 0
1042 1 181323 796
1043 0 20301608 0
1044 0 19488482 0
1045 0 19688937 0
1046 0 20186418 0
1047 0 20386030 0
1048 0 18246096 0
1049 0 22516356 0
1050 0 15382380 0
1051 0 20388417 0
1052 0 22035129 0
1053 0 21267475 0
1054 0 20297860 0
1055 0 19025438 0
1056 0 21420551 0
1057 0 19636813 0
1058 0 19305938 0
1059 0 19301182 0
1060 0 19199792 0
1061 0 18957356 0
1062 0 19590678 0
1063 0 19230210 0
1064 0 18555322 0
1065 0 19104167 0
1066 0 19599117 0
1067 0 19415628 0
1068 0 18807050 0
1069 0 19257650 0
1070 0 20308267 0
1071 0 15484064 0
1072 0 19860705 0
1073 0 21038026 0
1074 0 19918745 0
1075 0 19946392 0
1076 0 19280253 0
1077 0 18941234 0
1078 0 20557316 0
1079 0 18980553 0
1080 0 18828392 0
1081 0 19229518 0
1082 0 19742271 0
1083 0 19348428 0
1084 0 19118038 0
1085 0 21300790 0
1086 0 15588881 0
1087 0 19934827 0
1088 0 20866394 0
1089 0 19913157 0
1090 0 19613695 0
1091 0 19866743 0
1092 0 21071951 0
1093 0 20494730 0
1094 0 20764478 0
1095 0 19381433 0
1096 0 19448868 0
1097 0 18836066 0
1098 0 22514975 0
1099 0 19453869 0
1100 0 19115934 0
1101 0 19211736 0
1102 0 19375490 0
1103 0 19567514 0
1104 0 19800203 0
1105 0 19923841 0
1106 0 21446397 0
1107 0 19367997 0
1108 0 21645867 0
1109 0 21559881 0
1110 0 19568694 0
1111 0 19529674 0
1112 0 19611494 0
1113 0 19189915 0
1114 1 125184 604
1115 0 19645966 0
1116 0 19231951 0
1117 0 20035750 0
1118 0 20478986 0
1119 0 19858770 0
1120 0 21537893 0
1121 0 20065343 0
1122 0 19234993 0
1123 0 21955306 0
1124 0 15559598 0
1125 0 15729661 0
1126 0 20101850 0
1127 0 20216744 0
1128 0 19847028 0
1129 0 19467042 0
1130 0 19989323 0
1131 0 20491279 0
1132 0 19134476 0
1133 0 19148064 0
1134 0 19740237 0
1135 0 18110663 0
1136 0 19125605 0
1137 0 20079817 0
1138 0 18750809 0
1139 0 18774638 0
1140 0 20805235 0
1141 0 21689559 0
1142 0 20069323 0
1143 0 15403872 0
1144 0 19742324 0
1145 0 15399477 0
1146 0 18640077 0
1147 0 20788270 0
1148 0 19918077 0
1149 0 19080053 0
1150 0 20284917 0
1151 0 19087904 0
1152 0 18941487 0
1153 0 20524313 0
1154 0 19464331 0
1155 0 19152651 0
1156 0 15439896 0
1157 0 19728771 0
1158 0 22222810 0
1159 0 20295658 0
1160 0 20631822 0
1161 0 15395114 0
1162 0 20492478 0
1163 0 20045704 0
1164 0 15501179 0
1165 1 119280 522
1166 0 19237754 0
1167 0 21387859 0
1168 0 19350888 0
1169 0 21867749 0
1170 0 19904222 0
1171 0 18798657 0
1172 0 21673266 0
1173 0 21195382 0
1174 0 21616835 0
1175 0 21104042 0
1176 0 19818977 0
1177 0 20729192 0
1178 0 22722605 0
1179 0 21065329 0
1180 0 19516107 0
1181 0 19123678 0
1182 0 20336010 0
1183 0 19668643 0
1184 0 20123080 0
1185 0 19034714 0
1186 0 19492274 0
1187 0 15628354 0
1188 0 19328612 0
1189 0 19027892 0
1190 1 54391 228
1191 0 20056385 0
1192 0 19165989 0
1193 0 19541019 0
1194 0 19054633 0
1195 0 22062977 0
1196 0 20280326 0
1197 1 11720595 54192
1198 1 24379 100
1199 0 19488441 0
0 0 15962919 0
1 0 20464502 0
2 0 21286999 0
3 0 15749183 0
4 0 20358880 0
5 0 19253170 0
6 0 15815765 0
7 0 20112907 0
8 0 19747706 0
9 0 20577107 0
10 0 15871789 0
11 0 15815176 0
12 0 19630668 0
13 0 19532717 0
14 0 18570288 0
15 0 15539250 0
16 0 19016448 0
17 0 19515648 0
18 0 20188501 0
19 0 19248163 0
20 0 20750130 0
21 0 20522196 0
22 0 21010550 0
23 0 19622140 0
24 0 22084801 0
25 0 21406375 0
26 0 18680202 0
27 0 18861135 0
28 0 20163674 0
29 0 20628192 0
30 0 21389582 0
31 0 20359567 0
32 0 21650765 0
33 1 156252 680
34 0 20309493 0
35 0 19853510 0
36 1 23222 57
37 0 22535205 0
38 0 18768846 0
39 0 18864302 0
40 0 19464603 0
41 0 18566794 0
42 0 18699458 0
43 0 20054837 0
44 0 20707296 0
45 0 19187743 0
46 0 19510706 0
47 0 18878232 0
48 0 19595889 0
49 0 15312965 0
50 0 20384849 0
51 0 19620767 0
52 0 19564938 0
53 0 19633741 0
54 0 19616106 0
55 0 21477679 0
56 0 19110619 0
57 0 20582649 0
58 0 19742531 0
59 0 19631692 0
60 0 15713851 0
61 0 18684632 0
62 0 22193383 0
63 0 19088202 0
64 0 20865059 0
65 0 19683505 0
66 1 211877 942
67 0 21113006 0
68 0 19768015 0
69 0 19698449 0
70 0 17093574 0
71 0 19354941 0
72 0 19175711 0
73 0 21158974 0
74 0 19016518 0
75 0 18547828 0
76 1 83476 352
77 0 18726228 0
78 0 20165526 0
79 0 18351228 0
80 0 19355626 0
81 0 19176329 0
82 0 19710028 0
83 0 19307994 0
84 1 167971 730
85 0 19473120 0
86 1 242076 1108
87 0 19056454 0
88 0 19377033 0
89 0 21985439 0
90 0 21990433 0
91 0 20369309 0
92 0 19310807 0
93 0 15371132 0
94 0 18620278 0
95 0 20774026 0
96 0 19931181 0
97 1 154620 689
98 0 20886321 0
99 0 15459726 0
100 0 19211177 0
101 0 19768853 0
102 0 19385180 0
103 0 15437918 0
104 0 22118438 0
105 0 20864874 0
106 0 20758773 0
107 0 22548773 0
108 0 20025088 0
109 0 15689015 0
110 0 20162983 0
111 0 20146144 0
112 0 21728185 0
113 0 22962192 0
114 0 16817568 0
115 0 20518210 0
116 0 20388440 0
117 0 18671207 0
118 0 21302934 0
119 0 18992193 0
120 0 19561670 0
121 0 15664668 0
122 0 21504434 0
123 0 19159764 0
124 0 15842318 0
125 0 18509390 0
126 0 19443635 0
127 0 18805342 0
128 0 18423710 0
129 0 21888294 0
130 0 15640436 0
131 0 21830225 0
132 0 22152075 0
133 0 19948468 0
134 0 15540163 0
135 0 18973464 0
136 0 18689763 0
137 0 19144396 0
138 1 85149 344
139 0 18904723 0
140 0 15744336 0
141 0 19655408 0
142 0 20552974 0
143 0 20158704 0
144 0 22405614 0
145 0 15766198 0
146 0 21317394 0
147 0 21866230 0
148 0 21082157 0
149 0 19597425 0
150 0 21239914 0
151 0 20795078 0
152 0 15571126 0
153 0 19039735 0
154 0 19915403 0
155 0 15609549 0
156 0 19284331 0
157 0 20120023 0
158 0 19027728 0
159 0 15362041 0
160 1 115442 511
161 0 21096884 0
162 0 19819307 0
163 0 18857356 0
164 0 19377520 0
165 0 20522780 0
166 0 15629935 0
167 0 15717633 0
168 0 19364935 0
169 0 21647870 0
170 0 21509665 0
171 0 22535163 0
172 0 19348608 0
173 0 22191356 0
174 0 21940595 0
175 0 17060803 0
176 0 15811518 0
177 0 21325458 0
178 0 22475244 0
179 0 15465438 0
180 0 15943482 0
181 0 15644017 0
182 0 19981997 0
183 0 15563944 0
184 0 18946079 0
185 0 18645581 0
186 0 20108691 0
187 0 15549958 0
188 0 20071611 0
189 0 19657630 0
190 1 34480 118
191 0 19792464 0
192 0 15412761 0
193 0 19337737 0
194 0 19797694 0
195 0 20564973 0
196 0 19486867 0
197 0 18908078 0
198 0 21403265 0
199 0 15667074 0
200 0 19217587 0
201 0 19218673 0
202 0 18914872 0
203 0 21359413 0
204 0 20686518 0
205 1 9091 10
206 0 22516756 0
207 0 16054564 0
208 0 19646222 0
209 0 15677414 0
210 0 19754882 0
211 0 22346747 0
212 1 76993 315
213 0 15337828 0
214 1 88432 385
215 0 22477012 0
216 0 22271687 0
217 0 15603872 0
218 0 20360841 0
219 0 19485669 0
220 0 15220487 0
221 0 22289831 0
222 0 22649875 0
223 0 19441919 0
224 0 15541192 0
225 0 19342392 0
226 0 19462962 0
227 0 15764584 0
228 0 18694609 0
229 0 19256461 0
230 1 8209 17
231 0 16093537 0
232 0 15839794 0
233 0 19383234 0
234 0 19664188 0
235 0 19174308 0
236 0 19418164 0
237 0 20758104 0
238 0 21522469 0
239 0 20324588 0
240 1 132571 635
241 0 19760320 0
242 0 19470376 0
243 0 19387820 0
244 0 21331809 0
245 0 22089295 0
246 0 19658403 0
247 0 20526900 0
248 0 20999104 0
249 0 21435744 0
250 0 15875894 0
251 0 19944337 0
252 0 19789362 0
253 0 18072334 0
254 0 20871583 0
255 0 19781350 0
256 0 18719844 0
257 0 21461847 0
258 0 15511719 0
259 0 20320012 0
260 0 19528131 0
261 0 19656819 0
262 0 19539962 0
263 0 18844019 0
264 0 21413670 0
265 0 19777227 0
266 0 22284608 0
267 0 21714953 0
268 0 19608370 0
269 0 19910756 0
270 0 21559217 0
271 0 19888023 0
272 0 20681838 0
273 0 21584974 0
274 0 19777660 0
275 0 21696555 0
276 1 110723 464
277 0 18521185 0
278 0 18585454 0
279 0 20714574 0
280 0 19369998 0
281 0 17733977 0
282 0 15788314 0
283 1 53184 207
284 0 22741384 0
285 0 15683494 0
286 0 20695212 0
287 0 22516793 0
288 0 15557428 0
289 1 293256 1329
290 0 15688031 0
291 0 19822159 0
292 0 19141657 0
293 0 17204881 0
294 0 19079594 0
295 0 18693844 0
296 0 16042134 0
297 0 18860381 0
298 0 19492687 0
299 0 18795906 0
300 0 18548733 0
301 1 473504 2108
302 0 20626181 0
303 0 15447939 0
304 0 15787507 0
305 0 20323257 0
306 0 18766719 0
307 0 18907475 0
308 0 19017231 0
309 0 22017995 0
310 0 20231316 0
311 0 20712620 0
312 0 21740763 0
313 0 15670801 0
314 0 16157640 0
315 0 20387613 0
316 0 21328272 0
317 0 20072106 0
318 0 22325831 0
319 0 19578960 0
320 0 18391398 0
321 0 15633658 0
322 0 18363769 0
323 0 22211573 0
324 0 20439939 0
325 0 19429268 0
326 0 18736641 0
327 0 20633007 0
328 0 15875988 0
329 0 19513478 0
330 0 15852601 0
331 0 15597159 0
332 1 10030 18
333 0 19508528 0
334 0 21183278 0
335 1 71147 298
336 0 20165708 0
337 0 17401965 0
338 0 19523385 0
339 0 22781286 0
340 0 18428335 0
341 0 20791162 0
342 0 20749282 0
343 0 19746165 0
344 0 18988666 0
345 0 21125832 0
346 0 18747961 0
347 0 19931387 0
348 0 19866795 0
349 0 15871789 0
350 0 18568114 0
351 0 18549636 0
352 0 19158019 0
353 0 21272482 0
354 0 18971510 0
355 0 19115930 0
356 0 18904498 0
357 0 20659632 0
358 0 21887582 0
359 0 20974697 0
360 0 19895638 0
361 0 22342365 0
362 0 22478090 0
363 0 22401376 0
364 0 22102922 0
365 0 19965642 0
366 0 19693970 0
367 0 19669968 0
368 0 15732417 0
369 0 19311384 0
370 0 19507819 0
371 0 15747501 0
372 0 19535660 0
373 0 15582561 0
374 0 22577610 0
375 0 19304539 0
376 0 19410401 0
377 0 19706519 0
378 0 18871418 0
379 0 19074252 0
380 0 18902124 0
381 0 15704218 0
382 0 15601349 0
383 0 19041545 0
384 0 21627892 0
385 0 19035455 0
386 0 19161714 0
387 0 20019572 0
388 0 19575434 0
389 0 15482418 0
390 0 18919707 0
391 0 15902972 0
392 1 14292 13
393 0 19105231 0
394 0 15827174 0
395 0 22123303 0
396 0 21806337 0
397 0 22284451 0
398 0 21863691 0
399 0 21543482 0
400 0 22472441 0
401 0 22000980 0
402 0 22119058 0
403 0 15388010 0
404 0 19555931 0
405 0 22015630 0
406 0 15910504 0
407 0 19854794 0
408 0 18481798 0
409 0 19204436 0
410 0 19613386 0
411 0 20125220 0
412 0 15801968 0
413 0 22775779 0
414 0 22356027 0
415 0 21338315 0
416 0 19452088 0
417 0 21198870 0
418 0 21642658 0
419 1 256646 1300
420 0 22872229 0
421 0 22696468 0
422 0 22927317 0
423 0 15371383 0
424 0 22768600 0
425 0 21116227 0
426 0 21453909 0
427 0 18647906 0
428 0 22877475 0
429 1 20629 55
430 0 22897114 0
431 1 271901 1160
432 0 16547852 0
433 0 19367118 0
434 0 19087378 0
435 0 20340769 0
436 0 19426296 0
437 0 21933205 0
438 0 17859635 0
439 0 15728541 0
440 0 19248487 0
441 0 15667743 0
442 0 20307237 0
443 1 9350 19
444 0 20000293 0
445 0 20209519 0
446 0 18802053 0
447 1 270634 1361
448 0 19816254 0
449 0 22839195 0
450 0 20445019 0
451 0 20315437 0
452 0 21550171 0
453 0 18960667 0
454 0 15695473 0
455 0 18866568 0
456 0 19767225 0
457 1 162199 792
458 0 18625726 0
459 0 22225879 0
460 0 15648857 0
461 0 21999227 0
462 0 19547112 0
463 0 15560535 0
464 0 15676938 0
465 0 19131457 0
466 0 18692518 0
467 0 19008992 0
468 0 15363886 0
469 1 164703 714
470 0 19391935 0
471 0 19295176 0
472 0 22298481 0
473 0 15662752 0
474 0 19705774 0
475 0 20337305 0
476 0 19658306 0
477 0 15835059 0
478 0 19411696 0
479 0 19407928 0
480 0 19094755 0
481 0 19058331 0
482 0 20448244 0
483 0 19322268 0
484 0 19984802 0
485 0 20390493 0
486 0 18044212 0
487 0 19177622 0
488 0 18837697 0
489 0 18499959 0
490 0 20840152 0
491 0 19932434 0
492 0 19849861 0
493 0 18968712 0
494 0 15699208 0
495 0 19500082 0
496 0 22449662 0
497 0 21600450 0
498 0 20376188 0
499 0 20336503 0
500 0 19008614 0
501 0 20670516 0
502 0 22624035 0
503 0 18841235 0
504 0 18983287 0
505 0 20079927 0
506 0 19794251 0
507 1 426826 1943
508 0 16240985 0
509 0 19237539 0
510 0 19605573 0
511 0 15707981 0
512 0 15734703 0
513 0 18597391 0
514 0 19205545 0
515 0 19328026 0
516 0 20142230 0
517 0 20107070 0
518 0 19821071 0
519 0 19906203 0
520 0 19991177 0
521 0 19771007 0
522 0 20681040 0
523 0 18181690 0
524 0 15751757 0
525 1 92315 422
526 0 19132720 0
527 0 22436029 0
528 0 19663347 0
529 0 19568698 0
530 0 18760028 0
531 0 19244186 0
532 0 21973091 0
533 0 22185505 0
534 0 20141060 0
535 0 20671197 0
536 0 15530097 0
537 1 157184 630
538 0 20743526 0
539 0 19370440 0
540 0 15982394 0
541 0 18900356 0
542 0 19709085 0
543 0 18827015 0
544 0 19772071 0
545 0 15544345 0
546 0 19047707 0
547 0 19003341 0
548 1 94866 401
549 0 17230604 0
550 0 18983238 0
551 0 18465270 0
552 0 18760743 0
553 0 18917680 0
554 0 20040211 0
555 0 19450816 0
556 0 19715695 0
557 0 15580050 0
558 0 19406638 0
559 0 15847364 0
560 0 18846272 0
561 1 92152 435
562 0 22195225 0
563 0 15813602 0
564 0 19474130 0
565 0 18881696 0
566 0 20459305 0
567 0 18666930 0
568 0 18990323 0
569 0 15668760 0
570 0 19295510 0
571 0 19430442 0
572 0 15306914 0
573 0 16308674 0
574 0 19037993 0
575 0 19195070 0
576 0 18923138 0
577 0 19704635 0
578 0 18742268 0
579 0 19010705 0
580 0 20331063 0
581 0 15270971 0
582 0 18985806 0
583 0 19381217 0
584 0 21852804 0
585 0 20094816 0
586 1 175218 777
587 0 19761247 0
588 0 19769560 0
589 0 19441361 0
590 0 21832525 0
591 0 15682154 0
592 0 15730228 0
593 0 17087141 0
594 0 20101059 0
595 1 99510 425
596 0 19251169 0
597 0 17635343 0
598 0 19032670 0
599 0 20196226 0
600 0 18883963 0
601 0 19687596 0
602 0 20576374 0
603 0 15556025 0
604 0 20479633 0
605 0 19717188 0
606 0 20392493 0
607 0 18937049 0
608 0 19176389 0
609 0 22182719 0
610 0 20834060 0
611 0 15759758 0
612 0 20499149 0
613 0 16206005 0
614 0 21211530 0
615 0 19067313 0
616 0 20170916 0
617 0 19273538 0
618 0 15773432 0
619 0 20614363 0
620 0 20768136 0
621 0 19604003 0
622 0 15757949 0
623 0 20551223 0
624 0 21214673 0
625 0 17499360 0
626 0 22928405 0
627 0 21449974 0
628 0 17164341 0
629 0 22523912 0
630 0 21631897 0
631 0 16883044 0
632 0 20223387 0
633 0 21001679 0
634 0 21313739 0
635 0 22543861 0
636 0 22420210 0
637 0 20062273 0
638 0 21658528 0
639 0 21846203 0
640 1 23906 77
641 0 20287331 0
642 0 20533775 0
643 0 15581026 0
644 1 89431 379
645 0 22839107 0
646 0 22725211 0
647 0 20502917 0
648 0 22144109 0
649 0 20593332 0
650 0 21519993 0
651 0 20167676 0
652 0 21552363 0
653 0 22559413 0
654 1 78540 322
655 0 23033686 0
656 0 22587963 0
657 0 22726795 0
658 0 23142059 0
659 0 20282591 0
660 0 21546903 0
661 0 23106285 0
662 0 15809335 0
663 0 20472112 0
664 0 20278059 0
665 0 19719516 0
666 0 19842153 0
667 0 21585123 0
668 0 21673692 0
669 0 22326506 0
670 0 23319855 0
671 0 17555878 0
672 0 21839882 0
673 0 20987162 0
674 0 22540627 0
675 0 21171042 0
676 0 19585993 0
677 0 20475359 0
678 0 20698771 0
679 0 21902491 0
680 0 22241726 0
681 0 19691292 0
682 1 335965 1522
683 0 20225070 0
684 0 19007528 0
685 0 15255396 0
686 0 18759887 0
687 0 18255463 0
688 0 19432893 0
689 1 94480 417
690 0 18669076 0
691 0 19252727 0
692 0 19058253 0
693 0 21744003 0
694 0 15999700 0
695 0 20080075 0
696 0 18699265 0
697 0 19006246 0
698 0 19775820 0
699 0 19060150 0
700 0 19828889 0
701 0 15226862 0
702 0 18406392 0
703 0 19305346 0
704 0 18715493 0
705 0 19600516 0
706 1 283553 1290
707 0 21403972 0
708 0 20095947 0
709 0 20164418 0
710 0 15515496 0
711 0 16912266 0
712 0 15688640 0
713 0 20129586 0
714 0 20934177 0
715 0 15418209 0
716 0 22136879 0
717 0 20591145 0
718 0 21803381 0
719 0 15773115 0
720 0 22455733 0
721 1 329062 1682
722 0 20519950 0
723 1 42491 158
724 0 15712143 0
725 0 22487364 0
726 0 19933663 0
727 0 15551266 0
728 0 19118499 0
729 0 21165258 0
730 0 20646622 0
731 0 20130443 0
732 0 20982807 0
733 0 21024513 0
734 0 19254672 0
735 0 20352077 0
736 0 20334500 0
737 0 20180523 0
738 1 139879 602
739 0 20098273 0
740 0 19270768 0
741 0 19653010 0
742 0 20169383 0
743 0 15543672 0
744 0 19332825 0
745 0 20205705 0
746 0 19182807 0
747 0 19036717 0
748 0 19208406 0
749 0 18930888 0
750 0 18559552 0
751 0 15779654 0
752 0 19040545 0
753 0 15841751 0
754 0 19975274 0
755 0 22295507 0
756 0 15575245 0
757 0 20208824 0
758 0 19581389 0
759 0 15701337 0
760 0 20073922 0
761 0 19742783 0
762 0 18945354 0
763 0 18579351 0
764 0 19565728 0
765 0 19747143 0
766 0 21582544 0
767 0 16524581 0
768 0 21962810 0
769 0 19158869 0
770 0 19280077 0
771 0 15661764 0
772 0 19961725 0
773 0 15779887 0
774 0 18413829 0
775 0 20093211 0
776 0 21971034 0
777 1 118937 568
778 0 18869731 0
779 1 46880 157
780 0 22777298 0
781 0 18949524 0
782 1 6220 6
783 0 15645083 0
784 0 20394304 0
785 0 18887526 0
786 0 20227954 0
787 0 22096523 0
788 0 18308915 0
789 0 18984875 0
790 1 130726 550
791 0 22292047 0
792 0 15297952 0
793 0 16102111 0
794 0 19374488 0
795 0 19085884 0
796 0 19967147 0
797 1 26870 83
798 0 21217261 0
799 0 19994733 0
800 0 17941976 0
801 0 21678818 0
802 0 19429735 0
803 0 20318987 0
804 0 21548110 0
805 0 15700322 0
806 0 18671707 0
807 0 19550095 0
808 0 19159963 0
809 0 19579457 0
810 1 92712 385
811 0 15520205 0
812 1 57565 245
813 1 348152 1574
814 0 15590426 0
815 0 15506972 0
816 0 17851609 0
817 0 20943981 0
818 0 20957722 0
819 0 16661324 0
820 0 18485829 0
821 0 19216378 0
822 0 19653829 0
823 0 15780238 0
824 0 19586091 0
825 0 22512931 0
826 0 22294145 0
827 0 20735414 0
828 0 20168298 0
829 0 20514337 0
830 0 22363312 0
831 0 18461560 0
832 0 17220067 0
833 0 22626849 0
834 0 19187864 0
835 0 15726033 0
836 0 19024390 0
837 0 22342924 0
838 0 20754863 0
839 0 19347416 0
840 0 19252686 0
841 0 18626768 0
842 0 19600171 0
843 0 20011359 0
844 0 18444876 0
845 0 21566753 0
846 0 15592390 0
847 0 21867933 0
848 0 18515509 0
849 1 19336 39
850 0 18469382 0
851 0 19445951 0
852 0 19874660 0
853 0 20009556 0
854 0 19291067 0
855 0 18703864 0
856 0 19160326 0
857 0 21852504 0
858 1 14858 43
859 0 19308697 0
860 0 19166041 0
861 0 15396823 0
862 0 19284510 0
863 0 15296162 0
864 0 18914943 0
865 0 19598927 0
866 0 20230647 0
867 0 19286752 0
868 0 15695890 0
869 0 15670582 0
870 0 18816741 0
871 0 19639678 0
872 0 18582433 0
873 0 18885495 0
874 0 17919746 0
875 0 19803946 0
876 0 19932261 0
877 0 19999560 0
878 0 20147690 0
879 1 621496 2822
880 0 18981837 0
881 0 19285543 0
882 0 18868946 0
883 0 21889083 0
884 0 20067128 0
885 0 19519205 0
886 0 22623990 0
887 0 21658983 0
888 0 21220617 0
889 0 15705194 0
890 0 18858490 0
891 0 18764139 0
892 0 21016198 0
893 0 20270936 0
894 0 21121310 0
895 0 20332800 0
896 0 18978600 0
897 0 20099856 0
898 0 20630671 0
899 1 83418 362
900 0 19910155 0
901 0 19308121 0
902 0 15487114 0
903 0 21302797 0
904 0 20171360 0
905 0 19298100 0
906 0 21932850 0
907 0 21235152 0
908 0 19716853 0
909 0 15376332 0
910 0 21133377 0
911 0 19728808 0
912 0 19249123 0
913 0 19529924 0
914 0 15794663 0
915 0 19564325 0
916 0 19762117 0
917 0 19209628 0
918 0 18756213 0
919 0 19564456 0
920 0 19317318 0
921 0 20532526 0
922 0 19725507 0
923 0 21930192 0
924 0 21501630 0
925 0 16031912 0
926 0 21299230 0
927 0 20174480 0
928 0 18940626 0
929 0 15690889 0
930 0 19685836 0
931 0 15486331 0
932 0 22234239 0
933 0 15619375 0
934 0 21620934 0
935 0 18954507 0
936 1 42173 168
937 0 19410786 0
938 1 244211 1099
939 0 18789620 0
940 0 19648719 0
941 0 22065786 0
942 0 20931381 0
943 0 19472340 0
944 0 15541471 0
945 0 18987324 0
946 0 18415511 0
947 0 18894859 0
948 0 19483829 0
949 0 19001248 0
950 1 115833 517
951 0 19062856 0
952 1 68678 293
953 1 27859 111
954 0 21450884 0
955 0 16201467 0
956 0 20616563 0
957 0 20075442 0
958 0 18033030 0
959 0 19317654 0
960 0 19324340 0
961 0 15762626 0
962 0 19440797 0
963 0 19644107 0
964 1 17400 40
965 1 28858 120
966 0 20913086 0
967 0 19723229 0
968 0 19732792 0
969 0 22243428 0
970 0 21244486 0
971 0 19940725 0
972 0 15940570 0
973 0 19161187 0
974 0 15581592 0
975 0 18648670 0
976 0 15905207 0
977 0 15598125 0
978 0 19593900 0
979 0 15510079 0
980 0 19577460 0
981 0 18455237 0
982 0 15668954 0
983 0 18840662 0
984 0 21768073 0
985 0 15819622 0
986 1 99889 439
987 0 21232753 0
988 0 20236951 0
989 1 59560 245
990 0 20092246 0
991 0 15524059 0
992 0 19082569 0
993 0 19130977 0
994 0 18817478 0
995 0 20281741 0
996 0 20274302 0
997 0 19912525 0
998 0 19211549 0
999 0 19191285 0
1000 0 19725703 0
1001 0 19645976 0
1002 0 19493192 0
1003 0 15844064 0
1004 0 19486884 0
1005 0 16073766 0
1006 0 18934121 0
1007 0 15660372 0
1008 0 21556592 0
1009 0 21794457 0
1010 0 17349289 0
1011 0 19657578 0
1012 1 17464 41
1013 0 19140192 0
1014 0 21705554 0
1015 1 45952 158
1016 0 18655657 0
1017 0 15660771 0
1018 0 21181373 0
1019 0 19100378 0
1020 0 19506036 0
1021 0 15811010 0
1022 0 21718713 0
1023 0 21734873 0
1024 0 21485504 0
1025 0 21440414 0
1026 0 22079180 0
1027 0 21062814 0
1028 0 22071909 0
1029 0 21176674 0
1030 0 21369300 0
1031 0 19617599 0
1032 1 571350 2628
1033 0 19766693 0
1034 0 19594660 0
1035 0 21076499 0
1036 0 21046821 0
1037 0 21596835 0
1038 0 19638438 0
1039 0 22610187 0
1040 0 15767770 0
1041 0 22568178 0
1042 0 21863333 0
1043 0 21367004 0
1044 0 20556623 0
1045 0 19894066 0
1046 0 20983590 0
1047 0 20017958 0
1048 0 21040817 0
1049 0 22570028 0
1050 0 15662204 0
1051 0 19996003 0
1052 0 19942683 0
1053 0 15521568 0
1054 0 20326372 0
1055 0 22504401 0
1056 0 22128815 0
1057 0 20889015 0
1058 0 20711702 0
1059 0 19351899 0
1060 0 19570078 0
1061 0 20532427 0
1062 0 19380269 0
1063 0 21440139 0
1064 0 22757066 0
1065 0 15510272 0
1066 0 15240798 0
1067 0 21337630 0
1068 0 21753200 0
1069 0 15695222 0
1070 0 20422894 0
1071 1 191811 853
1072 0 22638033 0
1073 0 22370013 0
1074 0 15466971 0
1075 0 19952242 0
1076 0 19438122 0
1077 1 18021 50
1078 0 20842500 0
1079 0 19726853 0
1080 0 19376045 0
1081 0 20545521 0
1082 0 19962751 0
1083 0 21711104 0
1084 0 19694829 0
1085 0 19671490 0
1086 0 15870216 0
1087 0 15509542 0
1088 0 20154075 0
1089 0 19620933 0
1090 0 21230507 0
1091 0 19610472 0
1092 0 18757988 0
1093 0 19537349 0
1094 0 19011236 0
1095 0 15622067 0
1096 0 18298840 0
1097 0 19348844 0
1098 0 19113989 0
1099 0 18873497 0
1100 0 20599547 0
1101 0 15543986 0
1102 0 19116116 0
1103 0 20436006 0
1104 0 19248424 0
1105 0 19424022 0
1106 0 20707967 0
1107 0 19397580 0
1108 0 18733469 0
1109 0 19253873 0
1110 0 19606290 0
1111 0 19409735 0
1112 0 17852073 0
1113 0 19236187 0
1114 0 15667402 0
1115 0 19283744 0
1116 0 19927388 0
1117 0 19071524 0
1118 0 22831086 0
1119 0 20054623 0
1120 0 22802398 0
1121 0 20840719 0
1122 0 20617717 0
1123 0 19513996 0
1124 0 21066595 0
1125 0 15493067 0
1126 0 16053672 0
1127 0 21279739 0
1128 0 22636581 0
1129 0 19958446 0
1130 0 20707817 0
1131 0 20407957 0
1132 0 20832404 0
1133 0 15697009 0
1134 0 15713656 0
1135 0 20054363 0
1136 0 20186601 0
1137 0 20180533 0
1138 0 22452929 0
1139 0 22196791 0
1140 0 21941963 0
1141 1 48847 185
1142 0 22324370 0
1143 0 21810954 0
1144 0 15801442 0
1145 0 19394259 0
1146 0 15688893 0
1147 0 19911186 0
1148 0 21858852 0
1149 0 21693598 0
1150 0 20914208 0
1151 0 20301066 0
1152 0 22467326 0
1153 0 22565109 0
1154 0 21801704 0
1155 0 17683557 0
1156 0 21123630 0
1157 0 22910064 0
1158 0 16433936 0
1159 0 21172107 0
1160 0 20773980 0
1161 0 20624647 0
1162 0 19396827 0
1163 0 20777101 0
1164 1 8589 18
1165 0 16938845 0
1166 0 15517781 0
1167 0 22778170 0
1168 1 59266 237
1169 1 135798 607
1170 0 20166479 0
1171 0 15688851 0
1172 0 23025046 0
1173 0 15656676 0
1174 0 19763820 0
1175 0 20102051 0
1176 0 20854857 0
1177 0 20960296 0
1178 0 19500716 0
1179 0 19734239 0
1180 0 19984643 0
1181 0 15954984 0
1182 0 19710395 0
1183 0 19706030 0
1184 0 15505761 0
1185 0 22300949 0
1186 0 21977501 0
1187 0 20331580 0
1188 0 20655081 0
1189 0 20097966 0
1190 0 19990399 0
1191 0 20599920 0
1192 0 20376086 0
1193 0 22164959 0
1194 0 20617939 0
1195 0 20509542 0
1196 0 20342407 0
1197 0 19848880 0
1198 0 18667535 0
1199 0 18810567 0
0 0 19041323 0
1 0 20415014 0
2 0 15570237 0
3 0 19655608 0
4 0 22696258 0
5 1 209041 1042
6 0 19279039 0
7 0 15414314 0
8 0 19646980 0
9 0 19518662 0
10 0 19494766 0
11 0 15760014 0
12 0 16086964 0
13 0 19584068 0
14 1 338429 1552
15 0 20472591 0
16 0 20076344 0
17 0 19430347 0
18 0 15746854 0
19 0 19848078 0
20 1 97916 425
21 0 19799041 0
22 0 18871982 0
23 0 19502480 0
24 1 40586 149
25 0 19244663 0
26 0 19727004 0
27 0 20314301 0
28 0 15334113 0
29 0 19650731 0
30 0 18821504 0
31 0 22419042 0
32 0 19591817 0
33 0 20091173 0
34 1 42518 130
35 0 19476451 0
36 0 18633978 0
37 0 21248800 0
38 0 19503093 0
39 0 18654245 0
40 0 19393431 0
41 0 22424045 0
42 0 20918149 0
43 0 21176474 0
44 0 15739033 0
45 0 19598164 0
46 0 19985010 0
47 0 21709803 0
48 0 18998042 0
49 0 22547864 0
50 0 21570536 0
51 0 19735453 0
52 0 15667906 0
53 0 15382231 0
54 1 144138 725
55 0 18732831 0
56 0 21066165 0
57 0 22014473 0
58 0 22593836 0
59 0 21076558 0
60 0 20796923 0
61 0 21916923 0
62 0 22109198 0
63 1 33867 115
64 0 18897986 0
65 0 19547782 0
66 0 15773392 0
67 0 22425990 0
68 0 21101702 0
69 0 22850641 0
70 0 23072558 0
71 0 22813067 0
72 0 21729983 0
73 1 182388 819
74 0 21183807 0
75 1 209234 917
76 0 19442933 0
77 0 22709042 0
78 0 19544829 0
79 0 19593275 0
80 0 21997543 0
81 0 20489146 0
82 0 22258901 0
83 0 22323337 0
84 0 20643361 0
85 0 22083210 0
86 0 21836341 0
87 0 15351254 0
88 0 22785272 0
89 0 20266648 0
90 0 20550973 0
91 0 23016135 0
92 0 21357440 0
93 0 19779711 0
94 0 21857296 0
95 0 20253260 0
96 0 21021900 0
97 0 20475017 0
98 0 19698015 0
99 0 19687080 0
100 0 22640661 0
101 0 15514924 0
102 0 19995348 0
103 1 132607 581
104 0 19214671 0
105 0 15925969 0
106 0 18714244 0
107 0 15746593 0
108 0 18581670 0
109 0 18491340 0
110 1 80028 358
111 0 20649323 0
112 0 15313584 0
113 0 21228569 0
114 0 15644984 0
115 0 20787466 0
116 0 21396837 0
117 0 20024172 0
118 0 19677951 0
119 0 18579479 0
120 0 19614384 0
121 0 22050002 0
122 0 21335894 0
123 0 19616646 0
124 0 19725355 0
125 0 15489403 0
126 0 18640687 0
127 0 20062915 0
128 0 19850406 0
129 0 15779547 0
130 0 19392492 0
131 0 19416142 0
132 0 19425308 0
133 0 19558486 0
134 0 19116181 0
135 0 15758323 0
136 1 56579 245
137 0 15719444 0
138 0 19713148 0
139 0 19311215 0
140 0 19104570 0
141 0 19293222 0
142 0 19407965 0
143 0 18921049 0
144 0 19849499 0
145 0 18978470 0
146 0 16197480 0
147 0 18899740 0
148 0 19427997 0
149 0 22261518 0
150 0 15634840 0
151 0 20244160 0
152 0 20263749 0
153 0 19738270 0
154 0 15346168 0
155 0 19338983 0
156 0 15333007 0
157 0 19687377 0
158 0 20016199 0
159 0 18239707 0
160 0 15580016 0
161 0 19273589 0
162 0 19869238 0
163 0 21283814 0
164 0 19831917 0
165 0 19509930 0
166 0 19793271 0
167 0 19322368 0
168 0 19892136 0
169 0 18802042 0
170 0 15550599 0
171 0 18740159 0
172 0 15366208 0
173 0 18863254 0
174 0 21842884 0
175 0 20621463 0
176 0 15615330 0
177 0 18777387 0
178 0 19707871 0
179 0 20066975 0
180 0 23013409 0
181 0 20554154 0
182 0 21932647 0
183 0 18919139 0
184 0 21905891 0
185 0 19007234 0
186 0 18851652 0
187 0 21537744 0
188 0 19728498 0
189 0 20441983 0
190 0 19345912 0
191 0 17686204 0
192 0 19741485 0
193 0 22231401 0
194 0 21693587 0
195 0 19805032 0
196 0 20179218 0
197 1 130405 582
198 0 19703205 0
199 0 19796141 0
200 0 15680219 0
201 0 20361255 0
202 0 18997948 0
203 1 182643 828
204 0 20313065 0
205 0 19201125 0
206 0 20118198 0
207 0 15330647 0
208 0 19077433 0
209 0 19744690 0
210 0 19075575 0
211 0 19780738 0
212 0 22592025 0
213 0 15761466 0
214 0 21444699 0
215 0 15648995 0
216 1 149276 718
217 0 19871119 0
218 0 15368261 0
219 0 19831755 0
220 0 15932507 0
221 0 19753814 0
222 0 18901691 0
223 0 21561310 0
224 0 20262988 0
225 0 22089984 0
226 0 20829204 0
227 0 19345365 0
228 0 18478567 0
229 0 18371950 0
230 0 19465155 0
231 0 19211117 0
232 0 15162993 0
233 0 19356497 0
234 0 15758968 0
235 0 20658954 0
236 0 15711694 0
237 0 15355213 0
238 1 96132 385
239 0 18517052 0
240 0 19333294 0
241 0 19780431 0
242 0 19258769 0
243 0 19161132 0
244 0 15541329 0
245 0 18983741 0
246 0 20266917 0
247 0 19974163 0
248 0 21228537 0
249 0 20307586 0
250 0 15826182 0
251 0 15912392 0
252 0 19749059 0
253 0 20254399 0
254 0 15572156 0
255 0 20057065 0
256 0 20629768 0
257 0 22259787 0
258 0 19743398 0
259 0 19862235 0
260 0 19958208 0
261 0 15564362 0
262 0 18561488 0
263 1 341821 1555
264 0 19373962 0
265 0 19255530 0
266 0 20112749 0
267 0 19311325 0
268 0 19242767 0
269 0 19626193 0
270 0 20059562 0
271 0 20024583 0
272 0 20051929 0
273 0 22380396 0
274 0 20514740 0
275 0 19079250 0
276 0 21619019 0
277 0 21485885 0
278 0 22163443 0
279 0 21407499 0
280 0 21051436 0
281 0 21480962 0
282 0 21126656 0
283 0 21233390 0
284 1 84149 356
285 0 20795508 0
286 0 19733455 0
287 0 15637386 0
288 0 19258095 0
289 0 19721444 0
290 0 19881140 0
291 0 15990249 0
292 0 15996301 0
293 0 18623185 0
294 0 19911987 0
295 0 22452402 0
296 0 15599623 0
297 0 20293074 0
298 0 15529417 0
299 0 19854492 0
300 0 23204692 0
301 0 15902244 0
302 0 22210028 0
303 1 38641 144
304 0 19790167 0
305 0 22346438 0
306 0 18631056 0
307 0 20854073 0
308 0 19186018 0
309 0 15621837 0
310 0 19632318 0
311 0 19167006 0
312 0 19034869 0
313 0 20231490 0
314 0 18756893 0
315 0 19214789 0
316 0 19634401 0
317 0 19632336 0
318 0 18784661 0
319 0 19459579 0
320 0 18817351 0
321 0 19019571 0
322 0 19175080 0
323 0 19474856 0
324 0 19357780 0
325 0 19461360 0
326 1 23406 66
327 0 21055030 0
328 0 22440231 0
329 0 22137952 0
330 0 21700590 0
331 0 22652408 0
332 0 15571985 0
333 0 22517875 0
334 0 15266778 0
335 0 21686509 0
336 0 18720782 0
337 0 20148825 0
338 0 15638058 0
339 0 23001660 0
340 0 20661665 0
341 0 19576233 0
342 0 22157411 0
343 0 21482763 0
344 0 15558280 0
345 0 15815325 0
346 0 22663581 0
347 0 22908518 0
348 0 20184505 0
349 0 19992255 0
350 0 19977353 0
351 0 23064501 0
352 0 22594687 0
353 0 22306993 0
354 0 20290355 0
355 0 22359077 0
356 0 17729620 0
357 0 18821238 0
358 0 22276076 0
359 0 20772444 0
360 0 19885898 0
361 0 21088742 0
362 0 20226773 0
363 0 18892289 0
364 0 19332233 0
365 0 20084568 0
366 0 20525614 0
367 1 249063 940
368 0 19060391 0
369 0 22050313 0
370 0 15667229 0
371 0 21976015 0
372 0 21555805 0
373 0 15692557 0
374 0 18786551 0
375 0 20730088 0
376 0 19247170 0
377 0 22252335 0
378 0 15734474 0
379 0 20172810 0
380 0 15623995 0
381 0 23017995 0
382 0 22131070 0
383 0 18907203 0
384 0 20600863 0
385 0 22628993 0
386 0 19554140 0
387 0 20259273 0
388 0 19454267 0
389 0 15471175 0
390 0 18939824 0
391 0 20071267 0
392 0 18743795 0
393 0 19861261 0
394 0 20491032 0
395 0 18987427 0
396 0 18608993 0
397 0 21442006 0
398 0 21116134 0
399 0 21994608 0
400 0 19261922 0
401 0 15638412 0
402 0 15796800 0
403 0 23021386 0
404 0 15646946 0
405 0 21607681 0
406 0 20325844 0
407 0 22127249 0
408 0 20307870 0
409 0 21078878 0
410 0 20331148 0
411 0 19994136 0
412 0 19469521 0
413 0 15611563 0
414 0 19720477 0
415 0 19768473 0
416 0 22354134 0
417 0 20640716 0
418 0 19541847 0
419 0 19028881 0
420 0 19903883 0
421 0 19449854 0
422 0 19169190 0
423 0 19615599 0
424 0 19443348 0
425 1 13277 29
426 0 18473402 0
427 0 18842072 0
428 0 19851946 0
429 0 19296929 0
430 0 20233503 0
431 0 15715167 0
432 0 20615615 0
433 0 19173224 0
434 0 20013416 0
435 0 18862519 0
436 0 18982301 0
437 0 18638793 0
438 0 15746272 0
439 0 18668672 0
440 0 22495607 0
441 1 148794 667
442 0 19985633 0
443 0 19186123 0
444 0 15495391 0
445 0 20138847 0
446 0 19497450 0
447 0 20186094 0
448 0 21573905 0
449 0 15545547 0
450 0 19255685 0
451 0 15850655 0
452 0 15748832 0
453 0 19581396 0
454 0 15660817 0
455 0 20595392 0
456 0 19142019 0
457 0 19134541 0
458 0 18831815 0
459 0 15623428 0
460 0 20065565 0
461 0 20576365 0
462 0 15646699 0
463 0 22578132 0
464 0 19542716 0
465 0 19425608 0
466 0 19207065 0
467 0 15860381 0
468 0 18589577 0
469 0 21066091 0
470 1 65580 280
471 0 15392969 0
472 0 15777518 0
473 0 18447030 0
474 1 156758 694
475 0 18759983 0
476 1 102378 493
477 0 19827035 0
478 0 22169084 0
479 0 19828582 0
480 0 19139318 0
481 0 15433019 0
482 0 18652410 0
483 0 19506813 0
484 0 22063792 0
485 0 15656154 0
486 0 19774571 0
487 0 19074804 0
488 0 18756896 0
489 0 18835129 0
490 0 18848278 0
491 0 18883291 0
492 0 18799183 0
493 0 15717394 0
494 0 15460865 0
495 0 19695399 0
496 0 19265457 0
497 0 19378265 0
498 0 21615560 0
499 0 15877049 0
500 0 23014269 0
501 0 15630536 0
502 0 19662827 0
503 0 18985187 0
504 0 19793907 0
505 0 18203797 0
506 0 21428881 0
507 0 20190820 0
508 0 19897936 0
509 0 15605118 0
510 0 18285450 0
511 0 18449680 0
512 0 19685528 0
513 0 21890756 0
514 0 19097932 0
515 0 19881280 0
516 0 19065100 0
517 1 93626 374
518 0 19458007 0
519 0 15449043 0
520 0 15421441 0
521 0 19266464 0
522 0 18475117 0
523 0 19652798 0
524 0 15809006 0
525 0 21053422 0
526 0 21840806 0
527 0 19636617 0
528 1 196844 881
529 0 19040731 0
530 0 19972878 0
531 0 19988404 0
532 0 22301237 0
533 0 20028570 0
534 0 20003981 0
535 0 19448866 0
536 0 19839001 0
537 0 19987234 0
538 0 19913816 0
539 0 15352950 0
540 0 19484644 0
541 0 18296636 0
542 0 15587632 0
543 0 18971540 0
544 0 18937096 0
545 0 19301838 0
546 0 22362067 0
547 0 20038530 0
548 0 20709292 0
549 1 270331 1240
550 0 21932083 0
551 0 20910062 0
552 0 20854811 0
553 0 20089357 0
554 0 18833955 0
555 0 15763027 0
556 0 15387884 0
557 0 22703805 0
558 1 95602 412
559 0 19951261 0
560 0 18871209 0
561 0 18482692 0
562 1 13835 39
563 0 20044290 0
564 0 15542204 0
565 0 21456185 0
566 0 20924309 0
567 0 21916084 0
568 0 22912065 0
569 0 21921152 0
570 0 19527819 0
571 0 15738817 0
572 0 19163106 0
573 0 19905146 0
574 0 21642974 0
575 0 22804333 0
576 0 20120529 0
577 0 15604578 0
578 0 19380334 0
579 0 19445804 0
580 1 14717 20
581 0 18892435 0
582 0 20724913 0
583 0 22696820 0
584 1 38558 109
585 0 15602504 0
586 0 21839402 0
587 0 20439439 0
588 0 21518615 0
589 0 23058245 0
590 0 19897757 0
591 0 22574136 0
592 0 19609702 0
593 0 18694088 0
594 0 19657036 0
595 0 20218846 0
596 0 22540127 0
597 0 21746384 0
598 0 21103294 0
599 0 20381782 0
600 0 21614029 0
601 1 138055 589
602 0 21088294 0
603 1 83418 352
604 0 21761943 0
605 1 113494 478
606 1 306298 1324
607 0 22836528 0
608 0 22089667 0
609 0 20958552 0
610 0 15790237 0
611 0 20306024 0
612 0 22137921 0
613 0 19986481 0
614 0 15539479 0
615 0 19332755 0
616 0 19311858 0
617 0 15379476 0
618 0 18821759 0
619 0 15162317 0
620 0 21988483 0
621 0 21999008 0
622 0 21537250 0
623 0 22615721 0
624 0 21701064 0
625 0 20486002 0
626 0 22231697 0
627 0 21785586 0
628 0 15802203 0
629 0 15433801 0
630 1 338776 1545
631 0 20839410 0
632 0 15758738 0
633 0 19812912 0
634 0 19739371 0
635 0 22330466 0
636 0 21274776 0
637 0 19556328 0
638 0 21425584 0
639 0 23253120 0
640 0 19137671 0
641 0 19360698 0
642 0 20103345 0
643 0 20279100 0
644 0 21694167 0
645 0 20683910 0
646 0 19690418 0
647 0 19014716 0
648 0 22020350 0
649 0 21296015 0
650 0 19371997 0
651 0 20914848 0
652 0 19789532 0
653 0 20000114 0
654 0 20825621 0
655 0 20411039 0
656 0 20086596 0
657 1 225832 999
658 0 19854040 0
659 0 19254863 0
660 0 19811867 0
661 0 20729865 0
662 1 141936 631
663 0 18997214 0
664 0 19269950 0
665 0 21502552 0
666 0 19840737 0
667 0 15398317 0
668 0 21521936 0
669 0 15444476 0
670 0 19091423 0
671 0 15756270 0
672 0 18867375 0
673 1 50703 195
674 0 19200651 0
675 0 19956372 0
676 0 15718246 0
677 0 15647207 0
678 1 81892 299
679 0 19386780 0
680 0 20718495 0
681 0 15744365 0
682 0 19303898 0
683 1 127827 546
684 0 21310579 0
685 0 19169188 0
686 0 18676744 0
687 0 20375296 0
688 0 15271998 0
689 0 19880373 0
690 0 19320212 0
691 1 72051 297
692 0 15718201 0
693 1 73293 294
694 0 15684077 0
695 0 19645872 0
696 0 19957676 0
697 0 18673487 0
698 0 22038118 0
699 0 21030789 0
700 1 226728 1023
701 0 20153882 0
702 0 19421531 0
703 0 20029776 0
704 0 18967046 0
705 0 22865698 0
706 0 15413183 0
707 0 15653430 0
708 0 15749144 0
709 0 20139150 0
710 0 18680627 0
711 0 15778410 0
712 0 18562506 0
713 1 185318 823
714 1 57956 236
715 0 19012351 0
716 0 18701644 0
717 0 18339799 0
718 0 15576891 0
719 0 19788847 0
720 0 15548106 0
721 0 20385946 0
722 0 15194347 0
723 0 21526662 0
724 0 22629429 0
725 1 255725 1147
726 0 21417569 0
727 0 21199493 0
728 0 20799477 0
729 0 21328664 0
730 0 22542450 0
731 0 22374318 0
732 0 15895046 0
733 0 22314661 0
734 0 15747153 0
735 0 19039661 0
736 0 19301504 0
737 0 18677798 0
738 1 20291 56
739 0 18762958 0
740 0 21274590 0
741 0 20182990 0
742 0 19690850 0
743 0 19644717 0
744 0 22091616 0
745 0 21364362 0
746 0 20084764 0
747 0 15535843 0
748 0 19106844 0
749 0 18075008 0
750 0 15757768 0
751 1 15288 29
752 1 133221 665
753 0 22477058 0
754 0 19618772 0
755 0 18986267 0
756 0 19197013 0
757 0 19864311 0
758 0 19511194 0
759 0 20405472 0
760 0 21211702 0
761 0 15628159 0
762 0 20543221 0
763 1 49563 202
764 0 21184823 0
765 0 18919356 0
766 0 20147118 0
767 0 20523564 0
768 1 252851 1297
769 0 20071901 0
770 0 20758252 0
771 0 16017867 0
772 1 49826 186
773 0 19172392 0
774 0 19336832 0
775 0 19471552 0
776 0 22161918 0
777 0 22873238 0
778 0 15248444 0
779 0 21578003 0
780 0 17770446 0
781 0 15709482 0
782 0 15687683 0
783 0 20927659 0
784 0 19567771 0
785 0 19936105 0
786 0 20133511 0
787 0 21730872 0
788 0 20433091 0
789 0 22632161 0
790 0 20902106 0
791 0 21906071 0
792 0 22517350 0
793 0 22764780 0
794 0 22666256 0
795 0 16006400 0
796 0 19394918 0
797 0 20743639 0
798 0 22771224 0
799 1 221923 987
800 0 22423538 0
801 0 22583952 0
802 0 15830075 0
803 0 22995568 0
804 0 22804038 0
805 0 22314850 0
806 0 22793721 0
807 0 21265837 0
808 1 41986 156
809 0 23045913 0
810 1 105834 446
811 0 20239299 0
812 0 20397166 0
813 0 15940663 0
814 0 15656863 0
815 0 19357778 0
816 0 18861795 0
817 0 20743980 0
818 0 21118253 0
819 0 19929516 0
820 0 15540660 0
821 0 15695989 0
822 0 20455318 0
823 0 19051805 0
824 0 22439018 0
825 0 22635395 0
826 0 16245504 0
827 0 19145448 0
828 0 15708960 0
829 0 21357245 0
830 0 15496516 0
831 0 22776624 0
832 0 15991823 0
833 0 19569453 0
834 0 18513693 0
835 0 19661543 0
836 0 18568500 0
837 0 19919481 0
838 0 18064637 0
839 0 19820637 0
840 0 18452935 0
841 0 18577657 0
842 0 19058151 0
843 0 19815695 0
844 0 21018866 0
845 0 19808022 0
846 0 19001241 0
847 0 21761933 0
848 1 251630 1126
849 0 20350168 0
850 0 15518713 0
851 0 18631573 0
852 0 19226590 0
853 0 22348057 0
854 0 15793811 0
855 0 18971535 0
856 0 15606585 0
857 0 18882656 0
858 0 19571066 0
859 0 15327846 0
860 0 19448618 0
861 0 18780265 0
862 0 19049328 0
863 0 19756643 0
864 0 19495754 0
865 0 18787118 0
866 0 20267154 0
867 0 19677907 0
868 0 19092611 0
869 0 19244139 0
870 0 20007197 0
871 0 19407536 0
872 0 18618364 0
873 0 20109202 0
874 0 15504354 0
875 0 18471417 0
876 0 19683480 0
877 0 19515248 0
878 0 19863546 0
879 0 19597635 0
880 0 15330117 0
881 0 15682022 0
882 0 19630721 0
883 1 158964 707
884 0 20495844 0
885 0 19045723 0
886 0 18375531 0
887 0 19946091 0
888 0 20068073 0
889 0 20432438 0
890 0 15566799 0
891 0 20624091 0
892 1 135933 582
893 0 19879530 0
894 0 19696733 0
895 0 20654681 0
896 0 15531906 0
897 1 119806 531
898 0 21140970 0
899 0 20241130 0
900 0 15702101 0
901 0 19158842 0
902 0 21129093 0
903 0 20878394 0
904 1 89318 404
905 0 19072648 0
906 0 18706914 0
907 0 19437046 0
908 0 19553505 0
909 0 19563119 0
910 0 19409915 0
911 0 19303797 0
912 1 57535 246
913 0 19741652 0
914 0 18974813 0
915 0 18586542 0
916 0 20572735 0
917 0 19188883 0
918 0 15492334 0
919 0 19607453 0
920 0 19014772 0
921 0 18719355 0
922 0 20086048 0
923 0 20149131 0
924 0 21412412 0
925 0 20551627 0
926 1 169066 744
927 0 20684213 0
928 0 19767668 0
929 0 19716454 0
930 0 15401170 0
931 0 20074845 0
932 0 22407189 0
933 0 22315013 0
934 1 168976 745
935 0 21406103 0
936 0 20496061 0
937 0 19331116 0
938 0 22866552 0
939 0 20084887 0
940 0 19268804 0
941 0 19592675 0
942 0 21650051 0
943 0 19664121 0
944 0 15826475 0
945 0 20066896 0
946 0 19371941 0
947 0 19151072 0
948 0 15465397 0
949 0 19881021 0
950 0 21135790 0
951 0 19941301 0
952 0 19747654 0
953 0 15701168 0
954 0 19621204 0
955 0 19565692 0
956 0 19636669 0
957 0 19554576 0
958 0 18766487 0
959 0 19421031 0
960 0 19796407 0
961 1 37015 142
962 0 20067101 0
963 0 19656721 0
964 0 18515765 0
965 0 15517026 0
966 0 21326710 0
967 0 19435428 0
968 0 20366732 0
969 0 18818284 0
970 0 19493465 0
971 0 19820488 0
972 0 18602540 0
973 0 18350160 0
974 0 19019015 0
975 0 19001986 0
976 0 16009421 0
977 0 19495718 0
978 0 15430941 0
979 0 19332606 0
980 0 20166892 0
981 0 18607328 0
982 0 18938156 0
983 0 19542383 0
984 0 19643403 0
985 0 19072220 0
986 0 18906380 0
987 1 11582 23
988 0 17991184 0
989 1 83879 365
990 0 15686348 0
991 0 22204199 0
992 0 22449742 0
993 0 15656030 0
994 0 19741860 0
995 0 20726315 0
996 0 22199724 0
997 0 21921580 0
998 0 20284975 0
999 0 20027108 0
1000 0 18877118 0
1001 0 15419833 0
1002 0 19160346 0
1003 0 19757450 0
1004 1 28347 100
1005 0 18571475 0
1006 0 15307505 0
1007 0 15393470 0
1008 0 19630882 0
1009 0 21211105 0
1010 0 15495125 0
1011 0 18671698 0
1012 0 18932113 0
1013 0 15848553 0
1014 0 19624520 0
1015 0 18710576 0
1016 0 22313813 0
1017 0 20919141 0
1018 0 19428598 0
1019 0 21655968 0
1020 0 21138103 0
1021 0 20360669 0
1022 0 20516626 0
1023 0 20220978 0
1024 0 20696225 0
1025 0 15769029 0
1026 0 19665769 0
1027 0 19275829 0
1028 0 19169844 0
1029 0 19275065 0
1030 0 19240717 0
1031 0 20367307 0
1032 0 18987146 0
1033 0 19080125 0
1034 0 19048061 0
1035 0 15565940 0
1036 0 22281886 0
1037 0 15854310 0
1038 0 19319831 0
1039 0 22791531 0
1040 0 21064669 0
1041 0 20160119 0
1042 0 22280745 0
1043 0 22700417 0
1044 0 20966272 0
1045 0 20846997 0
1046 0 15344144 0
1047 0 20877243 0
1048 0 16018194 0
1049 0 19521948 0
1050 0 19343633 0
1051 0 20836065 0
1052 0 20889202 0
1053 0 22531873 0
1054 0 22332260 0
1055 0 19082598 0
1056 0 19295694 0
1057 0 21630822 0
1058 0 22295385 0
1059 0 22335972 0
1060 0 22769978 0
1061 0 18780014 0
1062 0 20052713 0
1063 1 208633 1061
1064 1 61996 272
1065 0 20099470 0
1066 0 20060714 0
1067 0 20116881 0
1068 0 21237380 0
1069 0 20865926 0
1070 0 19237272 0
1071 0 18714594 0
1072 0 21626596 0
1073 0 15541216 0
1074 0 22490208 0
1075 1 81569 311
1076 1 13815 48
1077 0 22742031 0
1078 0 21089588 0
1079 0 15705840 0
1080 0 15737062 0
1081 0 19582645 0
1082 0 19589404 0
1083 0 18884599 0
1084 1 55456 228
1085 0 19099549 0
1086 0 18618043 0
1087 0 18876062 0
1088 0 19051705 0
1089 0 19563144 0
1090 0 20178726 0
1091 0 15730637 0
1092 0 19255138 0
1093 0 19928123 0
1094 0 18691430 0
1095 0 20759371 0
1096 0 19400434 0
1097 0 19148450 0
1098 1 51358 214
1099 0 20257887 0
1100 0 20060710 0
1101 0 22098910 0
1102 0 21619833 0
1103 0 15713384 0
1104 0 19222111 0
1105 0 19554707 0
1106 0 20430089 0
1107 0 20732531 0
1108 0 15745642 0
1109 0 15431392 0
1110 1 208613 938
1111 0 19178441 0
1112 0 15544506 0
1113 0 19461327 0
1114 1 23302 46
1115 0 20606554 0
1116 0 19352016 0
1117 0 23121414 0
1118 0 20608154 0
1119 0 19712303 0
1120 0 15373665 0
1121 1 237914 1073
1122 0 21628844 0
1123 0 21677152 0
1124 0 21978828 0
1125 0 21104652 0
1126 0 20962424 0
1127 0 18841143 0
1128 0 19663259 0
1129 0 20724442 0
1130 0 19156970 0
1131 0 15573718 0
1132 0 15674437 0
1133 0 22377915 0
1134 0 21100485 0
1135 0 22465975 0
1136 0 19875130 0
1137 0 16127134 0
1138 0 20253009 0
1139 0 19673362 0
1140 0 19986242 0
1141 0 19314971 0
1142 0 19103046 0
1143 0 19665836 0
1144 0 19742470 0
1145 0 20329390 0
1146 0 15779315 0
1147 0 20394576 0
1148 0 15519491 0
1149 0 19759775 0
1150 0 19184276 0
1151 0 21815781 0
1152 0 19931910 0
1153 0 20997435 0
1154 0 19055734 0
1155 0 19466186 0
1156 0 20346441 0
1157 0 19296143 0
1158 0 20905823 0
1159 0 15531575 0
1160 0 19827330 0
1161 0 19283671 0
1162 0 15713480 0
1163 0 21493503 0
1164 0 20527880 0
1165 0 22857125 0
1166 0 19883850 0
1167 0 21253146 0
1168 0 15582880 0
1169 0 21993471 0
1170 0 20259221 0
1171 0 19452872 0
1172 0 19975901 0
1173 0 20006102 0
1174 0 16177468 0
1175 0 22709019 0
1176 0 21219127 0
1177 0 23228596 0
1178 0 21704024 0
1179 0 20007508 0
1180 0 20581559 0
1181 0 18689549 0
1182 0 19624763 0
1183 0 19590511 0
1184 0 20328006 0
1185 0 20131108 0
1186 0 21384512 0
1187 0 20116100 0
1188 0 19438822 0
1189 0 15336906 0
1190 0 20169867 0
1191 0 22086098 0
1192 1 260396 1174
1193 0 15509087 0
1194 0 19795526 0
1195 0 21781737 0
1196 0 15764040 0
1197 0 19188975 0
1198 0 19366812 0
1199 0 19907591 0
0 0 19082842 0
1 0 22389246 0
2 0 20183284 0
3 0 21771110 0
4 0 20790268 0
5 0 20989486 0
6 0 20267002 0
7 0 21418422 0
8 0 19601605 0
9 0 20618309 0
10 0 20329747 0
11 0 20731287 0
12 0 21130895 0
13 0 20264948 0
14 0 19474637 0
15 0 20175646 0
16 0 22133340 0
17 0 20820269 0
18 0 22014934 0
19 0 20739918 0
20 0 22023091 0
21 1 42569 159
22 0 21325703 0
23 0 15225402 0
24 1 7733 6
25 0 20685596 0
26 0 20376332 0
27 0 22561080 0
28 0 15472104 0
29 0 20202336 0
30 0 19642297 0
31 0 22800535 0
32 0 15415707 0
33 0 21179500 0
34 0 21808190 0
35 0 21056693 0
36 0 20590388 0
37 0 20433574 0
38 0 18815341 0
39 0 22730544 0
40 0 21610955 0
41 0 19684956 0
42 0 18755423 0
43 0 19853534 0
44 0 20463386 0
45 0 20091663 0
46 0 23046266 0
47 0 15286076 0
48 0 20048672 0
49 0 20797058 0
50 0 19574138 0
51 0 19987780 0
52 0 15360545 0
53 0 18978671 0
54 0 19575379 0
55 0 20167989 0
56 0 19970803 0
57 0 19208743 0
58 1 167319 756
59 0 18556052 0
60 0 19502278 0
61 0 20172571 0
62 0 15726633 0
63 0 21041557 0
64 0 20195209 0
65 0 21600344 0
66 0 20681054 0
67 0 19170235 0
68 0 21849473 0
69 0 21297831 0
70 0 21685978 0
71 0 19400781 0
72 0 22620192 0
73 0 20771494 0
74 1 414428 1853
75 0 20684191 0
76 0 20852479 0
77 0 15695422 0
78 0 20324262 0
79 0 19078905 0
80 1 17216 31
81 0 22717269 0
82 0 15849056 0
83 0 19132837 0
84 0 19169727 0
85 0 19707250 0
86 1 40896 142
87 0 21299505 0
88 0 20692842 0
89 0 22414411 0
90 0 15328387 0
91 0 19657849 0
92 0 21798973 0
93 0 21844971 0
94 0 21338917 0
95 0 20191078 0
96 0 18972319 0
97 0 20260389 0
98 0 19152687 0
99 0 18999541 0
100 0 19530275 0
101 0 19078347 0
102 0 20393917 0
103 0 21880849 0
104 0 15615309 0
105 0 19451805 0
106 0 20774306 0
107 0 20038338 0
108 0 19996936 0
109 0 15571670 0
110 0 19484405 0
111 0 21473634 0
112 0 19107022 0
113 0 19059481 0
114 0 21661088 0
115 1 153257 780
116 0 21358612 0
117 0 21409277 0
118 0 19677379 0
119 0 21512669 0
120 0 20431502 0
121 0 20015270 0
122 0 16009178 0
123 0 22293706 0
124 0 15504953 0
125 0 20349593 0
126 0 22499269 0
127 0 21069294 0
128 0 15603279 0
129 0 19097968 0
130 0 20416806 0
131 0 20093838 0
132 0 20829060 0
133 0 22392048 0
134 0 18674825 0
135 0 19349774 0
136 0 19783462 0
137 0 22491253 0
138 0 20350815 0
139 0 15777957 0
140 0 20243349 0
141 1 167095 748
142 0 20434932 0
143 0 22149504 0
144 0 20480840 0
145 0 22715463 0
146 0 21930052 0
147 0 19553114 0
148 0 19593418 0
149 0 22056467 0
150 0 22407041 0
151 0 20329710 0
152 0 19943815 0
153 0 15530294 0
154 0 20162120 0
155 0 19687516 0
156 0 15442340 0
157 0 15577507 0
158 0 22252276 0
159 0 19597779 0
160 0 20050348 0
161 0 20379939 0
162 0 20164170 0
163 0 15405834 0
164 0 20378406 0
165 0 18607246 0
166 0 18964945 0
167 0 19459436 0
168 0 20136628 0
169 0 15942216 0
170 0 18515878 0
171 0 19516968 0
172 0 19133996 0
173 0 20105389 0
174 0 18094485 0
175 0 19511019 0
176 0 19277889 0
177 0 19662953 0
178 0 15686888 0
179 0 19606051 0
180 0 19526392 0
181 0 19989259 0
182 0 18829301 0
183 0 18211992 0
184 0 19533665 0
185 1 37076 145
186 0 18866353 0
187 0 20140423 0
188 0 22427454 0
189 1 46320 172
190 0 19993955 0
191 0 19734959 0
192 0 21103501 0
193 0 21967778 0
194 0 20678747 0
195 0 19537558 0
196 0 19176423 0
197 0 20203792 0
198 0 19555994 0
199 0 18175747 0
200 0 20155445 0
201 0 23261578 0
202 0 22488617 0
203 0 15486003 0
204 0 22089497 0
205 0 22402174 0
206 0 22557816 0
207 0 22697448 0
208 0 22075606 0
209 1 132516 551
210 0 19466693 0
211 0 18940017 0
212 0 15709121 0
213 0 20120305 0
214 0 19489454 0
215 0 21955217 0
216 0 19114913 0
217 0 22275324 0
218 0 22491991 0
219 0 21539679 0
220 0 20254120 0
221 0 22052640 0
222 0 19877873 0
223 0 21367928 0
224 0 20800344 0
225 0 20524207 0
226 0 18579391 0
227 0 19165282 0
228 0 18881536 0
229 0 19159836 0
230 0 18688530 0
231 0 18909175 0
232 0 19457235 0
233 0 18844848 0
234 0 18984538 0
235 0 20288458 0
236 0 19990309 0
237 0 19385299 0
238 1 46541 161
239 0 21292416 0
240 0 19652245 0
241 0 20929754 0
242 0 21287356 0
243 0 19844679 0
244 0 19174340 0
245 1 37747 135
246 0 19702160 0
247 0 20619449 0
248 0 19428986 0
249 0 18884889 0
250 0 15410780 0
251 0 15473805 0
252 0 19755326 0
253 0 20690283 0
254 0 19959666 0
255 0 19831565 0
256 0 19521840 0
257 0 19838993 0
258 0 21637893 0
259 0 20839986 0
260 0 22354060 0
261 0 20875180 0
262 0 19626125 0
263 0 19612091 0
264 0 19082694 0
265 0 20151980 0
266 0 16659392 0
267 0 22646881 0
268 0 22374286 0
269 0 21632039 0
270 0 23152326 0
271 0 22254306 0
272 0 22616305 0
273 0 20743499 0
274 0 22133672 0
275 0 15659604 0
276 0 21612248 0
277 0 22490076 0
278 0 20815929 0
279 0 20683901 0
280 0 20214062 0
281 0 20752735 0
282 0 21890459 0
283 0 15636672 0
284 0 19121014 0
285 0 19581265 0
286 1 132829 572
287 0 21725400 0
288 1 205008 1050
289 0 19588954 0
290 0 20194331 0
291 0 22044297 0
292 0 22572064 0
293 0 20482118 0
294 0 19768660 0
295 0 19927917 0
296 0 20368588 0
297 0 22421340 0
298 0 21506391 0
299 0 20627313 0
300 0 19815191 0
301 0 15406245 0
302 0 19764338 0
303 1 64208 209
304 0 22394415 0
305 0 21697190 0
306 0 18697062 0
307 0 20226627 0
308 0 19239130 0
309 0 18435344 0
310 0 20433008 0
311 0 15788850 0
312 0 20196203 0
313 0 20154549 0
314 0 15214719 0
315 0 19233425 0
316 0 20160201 0
317 0 19879129 0
318 0 15291097 0
319 1 65611 273
320 0 18658806 0
321 0 22155937 0
322 0 21966811 0
323 0 20000727 0
324 0 19541887 0
325 0 19124583 0
326 0 20626349 0
327 0 19821774 0
328 0 19357299 0
329 0 19654558 0
330 0 19338891 0
331 0 19648479 0
332 0 21382372 0
333 0 22526643 0
334 0 22646330 0
335 0 22489885 0
336 0 20428402 0
337 0 20634557 0
338 0 17548469 0
339 0 20963981 0
340 0 19482762 0
341 0 20041789 0
342 1 7602 7
343 0 21500511 0
344 0 19490850 0
345 0 21591745 0
346 0 19485175 0
347 0 19783966 0
348 0 21703313 0
349 0 19107619 0
350 1 10941 28
351 0 22292285 0
352 0 22490774 0
353 0 22691047 0
354 0 16005666 0
355 0 22803628 0
356 0 22618083 0
357 0 22262592 0
358 0 19652816 0
359 0 19542308 0
360 0 21522367 0
361 0 21177315 0
362 0 21755280 0
363 0 22661787 0
364 0 20603156 0
365 0 15799932 0
366 0 19793996 0
367 0 19897292 0
368 0 15329956 0
369 0 22989305 0
370 0 22600900 0
371 0 19567018 0
372 0 21591350 0
373 0 20322185 0
374 0 19564302 0
375 0 21949276 0
376 0 21239890 0
377 0 15557044 0
378 0 19383757 0
379 0 21474960 0
380 0 22689292 0
381 0 22622361 0
382 0 21340412 0
383 0 22631491 0
384 0 16022359 0
385 0 19775473 0
386 0 15686759 0
387 0 21133179 0
388 0 18620379 0
389 0 19029582 0
390 0 15730713 0
391 0 19049570 0
392 0 19425040 0
393 0 19925179 0
394 0 20253951 0
395 0 21797244 0
396 0 19764169 0
397 0 19484048 0
398 0 19772658 0
399 0 18522250 0
400 0 18254386 0
401 0 19805811 0
402 0 22946220 0
403 0 19351243 0
404 0 19911222 0
405 0 19289828 0
406 0 19795868 0
407 0 19591484 0
408 0 20914887 0
409 0 19485534 0
410 0 21737865 0
411 0 18584837 0
412 0 18968524 0
413 0 19756209 0
414 1 68108 293
415 0 19103925 0
416 0 20538137 0
417 0 19116393 0
418 0 15665680 0
419 0 20230736 0
420 0 18771952 0
421 0 18744708 0
422 0 21070144 0
423 0 19655639 0
424 0 19298974 0
425 0 20229475 0
426 0 19249146 0
427 0 19411654 0
428 0 21318307 0
429 0 22820380 0
430 0 19548180 0
431 0 20356314 0
432 0 19755021 0
433 0 19516144 0
434 0 20935392 0
435 0 19531596 0
436 0 20111611 0
437 0 20459337 0
438 0 19051697 0
439 0 18738828 0
440 0 20158563 0
441 0 19950743 0
442 1 74019 319
443 0 21739369 0
444 1 87716 369
445 0 19956165 0
446 0 15624159 0
447 0 19588886 0
448 0 19188065 0
449 0 19223183 0
450 0 19104394 0
451 0 19066832 0
452 0 18819237 0
453 0 19638783 0
454 0 21007994 0
455 0 22079521 0
456 0 22330558 0
457 0 19665612 0
458 0 19311942 0
459 0 20807390 0
460 0 20772145 0
461 0 19842954 0
462 0 18696068 0
463 0 20213167 0
464 0 19803466 0
465 0 21598790 0
466 0 21251746 0
467 0 18691949 0
468 0 19672610 0
469 0 19741716 0
470 0 21197327 0
471 0 20399837 0
472 0 20664585 0
473 0 19519240 0
474 0 18506130 0
475 0 19879023 0
476 0 21032496 0
477 0 20413009 0
478 0 15696906 0
479 0 19960394 0
480 1 72604 289
481 0 19807376 0
482 0 15671269 0
483 1 151851 663
484 0 19984350 0
485 1 19015 45
486 0 22569627 0
487 1 95126 396
488 0 19727857 0
489 0 20545246 0
490 0 21571662 0
491 0 21187674 0
492 0 19579297 0
493 0 19716926 0
494 0 20193772 0
495 0 22033292 0
496 0 22143600 0
497 0 20149784 0
498 0 19787741 0
499 0 19676317 0
500 0 17576259 0
501 0 19297589 0
502 0 18295595 0
503 0 18570588 0
504 0 15752548 0
505 0 18381706 0
506 0 15757231 0
507 0 19772866 0
508 0 15402888 0
509 0 15423462 0
510 0 19317592 0
511 0 21515094 0
512 0 15799519 0
513 0 21764394 0
514 0 19882185 0
515 0 19577526 0
516 0 20912211 0
517 0 19660292 0
518 0 20409266 0
519 0 20116936 0
520 0 21967150 0
521 0 21098080 0
522 0 21637485 0
523 0 18980470 0
524 0 19445677 0
525 0 20038142 0
526 0 18866034 0
527 1 145004 637
528 0 19656196 0
529 0 21313949 0
530 0 21285876 0
531 0 18203075 0
532 0 21255426 0
533 0 20698914 0
534 0 19667538 0
535 0 21788025 0
536 0 19931785 0
537 0 19228224 0
538 1 303398 1373
539 0 21805507 0
540 0 15635249 0
541 0 19361935 0
542 0 20384068 0
543 0 18878879 0
544 0 19295259 0
545 0 18231829 0
546 0 22124441 0
547 0 22779095 0
548 0 21623441 0
549 0 18612434 0
550 0 15342345 0
551 0 18920320 0
552 0 18704322 0
553 0 18716413 0
554 0 19344851 0
555 0 19998570 0
556 0 15305880 0
557 0 19820892 0
558 0 19120215 0
559 0 19429518 0
560 1 228866 1039
561 0 19311984 0
562 0 19502144 0
563 0 19868651 0
564 0 19251320 0
565 1 77091 322
566 0 17973001 0
567 0 20017742 0
568 0 15968455 0
569 0 19705897 0
570 0 15759000 0
571 0 19129436 0
572 0 15654242 0
573 1 7727 6
574 1 79937 383
575 0 19836991 0
576 0 15987541 0
577 0 19572570 0
578 0 17422388 0
579 0 18558825 0
580 1 64718 269
581 0 19363554 0
582 0 20652005 0
583 0 21209807 0
584 0 15599998 0
585 0 18735499 0
586 0 20116618 0
587 1 481804 2208
588 1 66336 259
589 0 18531444 0
590 0 19023367 0
591 0 20313857 0
592 0 18914847 0
593 0 18844556 0
594 0 18578219 0
595 0 19507357 0
596 0 19215467 0
597 0 19328628 0
598 0 19170692 0
599 0 19118445 0
600 0 19497614 0
601 0 19997736 0
602 0 18809365 0
603 0 20849879 0
604 0 15772047 0
605 0 21658848 0
606 0 18893816 0
607 0 21347003 0
608 0 19613541 0
609 0 15375562 0
610 0 15657378 0
611 0 21971966 0
612 0 22480569 0
613 0 22309976 0
614 0 22289824 0
615 0 22007122 0
616 0 22356524 0
617 0 22843647 0
618 0 22279687 0
619 0 19417065 0
620 0 18844051 0
621 0 21321859 0
622 0 21163049 0
623 0 20884200 0
624 0 19938286 0
625 0 22610148 0
626 0 22166734 0
627 0 20362232 0
628 0 19602285 0
629 0 20394875 0
630 1 57254 236
631 0 19588976 0
632 0 15433593 0
633 0 19820416 0
634 0 19313941 0
635 0 19224172 0
636 0 15644058 0
637 0 19505240 0
638 0 18652197 0
639 0 20154906 0
640 0 16894634 0
641 0 19172329 0
642 0 21756825 0
643 0 21509404 0
644 0 20929471 0
645 0 18906592 0
646 0 20624264 0
647 1 114687 496
648 0 22788383 0
649 0 19092524 0
650 0 15645067 0
651 0 19236921 0
652 1 77164 328
653 0 19577192 0
654 0 20057237 0
655 0 18615644 0
656 0 21822058 0
657 0 22099236 0
658 0 19439040 0
659 0 21497900 0
660 0 21971044 0
661 0 19977759 0
662 0 19874826 0
663 0 22172925 0
664 0 20197560 0
665 0 18804291 0
666 0 19675584 0
667 0 22140943 0
668 0 20593271 0
669 0 15341726 0
670 0 21536216 0
671 0 21248335 0
672 0 22120073 0
673 0 22705283 0
674 0 22721244 0
675 0 22468227 0
676 0 21505977 0
677 0 15886151 0
678 0 19507661 0
679 0 20468875 0
680 0 20112882 0
681 0 21976117 0
682 0 15509628 0
683 0 19248527 0
684 0 19194787 0
685 0 19254402 0
686 1 60127 259
687 0 19546822 0
688 0 18899023 0
689 0 19797123 0
690 0 19425702 0
691 0 19306973 0
692 0 20717842 0
693 0 19293577 0
694 0 21864795 0
695 1 105767 457
696 0 21888990 0
697 0 20483506 0
698 1 57042 225
699 1 289578 1323
700 0 19641163 0
701 1 69766 298
702 1 177458 805
703 0 20795431 0
704 0 21036177 0
705 0 15809102 0
706 0 19353896 0
707 0 19345695 0
708 0 18623501 0
709 0 21773561 0
710 0 20242804 0
711 0 18956658 0
712 0 19506054 0
713 0 18489719 0
714 0 21283584 0
715 0 18860919 0
716 0 20992315 0
717 0 19929709 0
718 0 19959274 0
719 0 21581619 0
720 0 19388932 0
721 1 33307 136
722 0 19532540 0
723 0 19260144 0
724 0 18767579 0
725 0 21220730 0
726 0 19912683 0
727 0 21033551 0
728 0 19835998 0
729 0 19002032 0
730 0 19233561 0
731 0 15675983 0
732 0 22365459 0
733 0 20241939 0
734 0 21583514 0
735 0 20765433 0
736 0 21139014 0
737 0 20394250 0
738 0 19423316 0
739 0 19769317 0
740 0 19508095 0
741 0 19269373 0
742 0 15831826 0
743 0 19994058 0
744 0 20302311 0
745 0 20121299 0
746 0 20328684 0
747 0 18731182 0
748 0 19677198 0
749 0 21314814 0
750 0 21156777 0
751 0 21920019 0
752 0 21644426 0
753 0 22118985 0
754 0 15649705 0
755 0 20603268 0
756 0 18898701 0
757 0 19869231 0
758 0 18516761 0
759 0 18485118 0
760 0 19851101 0
761 0 21638181 0
762 0 21064657 0
763 0 21282791 0
764 1 94388 455
765 0 22615678 0
766 0 22704781 0
767 0 18973935 0
768 0 19559764 0
769 0 18321396 0
770 0 19070253 0
771 0 18923309 0
772 0 22299843 0
773 0 20041409 0
774 0 18562285 0
775 0 18873323 0
776 0 19729190 0
777 0 19883562 0
778 0 19838038 0
779 0 19974022 0
780 0 19380049 0
781 0 18878155 0
782 0 19797691 0
783 0 19165530 0
784 0 21848384 0
785 0 21010294 0
786 0 22398193 0
787 0 20110335 0
788 0 21134544 0
789 0 21260184 0
790 0 20066494 0
791 0 15757128 0
792 0 19539496 0
793 0 15833437 0
794 0 20742559 0
795 0 19374907 0
796 0 19534497 0
797 1 380717 1743
798 0 15797016 0
799 0 15337688 0
800 0 19470876 0
801 0 18800897 0
802 0 19046677 0
803 0 19060668 0
804 0 19173490 0
805 1 544652 2502
806 0 20137920 0
807 0 19025242 0
808 0 19374011 0
809 0 21960646 0
810 0 19073932 0
811 0 19298532 0
812 1 18420 51
813 0 19607884 0
814 0 19205679 0
815 0 21093208 0
816 0 15490307 0
817 0 19583620 0
818 0 18709106 0
819 0 20701490 0
820 0 19467345 0
821 0 15454562 0
822 0 15952636 0
823 0 20492062 0
824 0 19854378 0
825 0 20215274 0
826 0 21307143 0
827 0 21117146 0
828 0 22439814 0
829 0 22765414 0
830 0 19389065 0
831 0 19185658 0
832 0 19139029 0
833 0 20314326 0
834 1 66076 285
835 0 19285139 0
836 0 15459973 0
837 0 18555819 0
838 0 20656465 0
839 0 15719005 0
840 0 22678605 0
841 0 22573383 0
842 0 20712617 0
843 0 19531390 0
844 1 179382 801
845 0 20967094 0
846 0 19976426 0
847 0 20006285 0
848 0 19570068 0
849 0 22657280 0
850 0 22270254 0
851 0 20856170 0
852 0 23077135 0
853 0 22247756 0
854 0 15715208 0
855 0 20621026 0
856 0 21597580 0
857 0 20887680 0
858 0 20857298 0
859 0 19381696 0
860 0 21969375 0
861 0 19100291 0
862 0 20590973 0
863 0 23371397 0
864 0 22524482 0
865 0 21270630 0
866 0 21797600 0
867 0 19558219 0
868 0 20493136 0
869 0 19434427 0
870 0 20503972 0
871 0 21845801 0
872 0 22686935 0
873 0 22727495 0
874 0 21506024 0
875 1 504246 2273
876 0 22503979 0
877 0 20269040 0
878 0 15794320 0
879 0 22842984 0
880 0 19962825 0
881 0 15837332 0
882 0 20207710 0
883 0 15486023 0
884 0 18273995 0
885 0 19808667 0
886 0 18968923 0
887 0 19988937 0
888 0 21730135 0
889 0 20931563 0
890 0 19251214 0
891 0 19135842 0
892 0 21285373 0
893 0 20994083 0
894 0 19931372 0
895 0 19118285 0
896 0 19988081 0
897 0 20284885 0
898 0 19536117 0
899 0 19561019 0
900 0 19790576 0
901 0 15640700 0
902 0 19591895 0
903 0 21941728 0
904 0 21327200 0
905 0 19426449 0
906 0 22164910 0
907 0 19951321 0
908 0 20066784 0
909 0 19559289 0
910 0 23013876 0
911 0 22362344 0
912 0 21473026 0
913 0 22269550 0
914 0 21616007 0
915 0 19256908 0
916 0 20016462 0
917 0 20312086 0
918 0 21267715 0
919 0 20351131 0
920 0 15310714 0
921 0 19431717 0
922 0 19021741 0
923 1 15793 47
924 1 92407 382
925 0 21373414 0
926 0 15750880 0
927 1 109450 472
928 0 20850841 0
929 1 267928 1204
930 1 173341 766
931 0 20288226 0
932 1 782148 3596
933 0 21727153 0
934 0 21473698 0
935 0 19643704 0
936 0 20373023 0
937 0 19435293 0
938 0 20281242 0
939 0 19317585 0
940 0 19221141 0
941 0 20693731 0
942 0 21176672 0
943 0 19136981 0
944 0 19411106 0
945 0 20811849 0
946 0 19476209 0
947 0 19692082 0
948 0 20784678 0
949 0 20466352 0
950 0 20630223 0
951 0 19846045 0
952 0 18830877 0
953 0 19849941 0
954 0 20649026 0
955 0 19732409 0
956 0 15638515 0
957 0 19972993 0
958 1 131607 549
959 0 20019690 0
960 0 19412424 0
961 0 19179535 0
962 0 21540149 0
963 0 20261381 0
964 0 18561976 0
965 0 22291318 0
966 0 15795871 0
967 0 19290252 0
968 0 15685050 0
969 1 14996 30
970 0 18928784 0
971 0 21136175 0
972 0 21123108 0
973 0 19624574 0
974 0 21112262 0
975 0 22725423 0
976 0 19673887 0
977 0 19714108 0
978 0 20512233 0
979 0 20081243 0
980 0 20026315 0
981 0 19908675 0
982 0 15373154 0
983 0 18547753 0
984 0 18233160 0
985 0 18792622 0
986 0 20741713 0
987 0 20596364 0
988 0 21339134 0
989 0 19892578 0
990 0 20152155 0
991 0 19894080 0
992 0 19348739 0
993 0 20811836 0
994 0 21987476 0
995 0 15457688 0
996 0 19939527 0
997 0 19238905 0
998 0 20716024 0
999 0 22138004 0
1000 0 22462873 0
1001 0 22273039 0
1002 0 19470689 0
1003 0 19686729 0
1004 0 18732443 0
1005 1 86279 369
1006 0 18657909 0
1007 0 15635766 0
1008 0 20876549 0
1009 0 20227374 0
1010 0 15613869 0
1011 0 19439996 0
1012 0 15443940 0
1013 0 15528262 0
1014 0 19332690 0
1015 0 18443451 0
1016 1 83499 348
1017 0 21674099 0
1018 0 15645879 0
1019 1 189184 821
1020 1 113939 506
1021 0 20275734 0
1022 0 19110638 0
1023 0 19595210 0
1024 0 21102812 0
1025 0 19842668 0
1026 0 19652352 0
1027 0 23032920 0
1028 0 19944770 0
1029 0 22615351 0
1030 0 20589423 0
1031 1 28817 100
1032 1 259695 1183
1033 0 19152745 0
1034 0 19423555 0
1035 0 21109946 0
1036 0 18965696 0
1037 0 19199862 0
1038 0 15811696 0
1039 0 22485951 0
1040 0 21402350 0
1041 0 15539149 0
1042 1 204751 876
1043 0 19064958 0
1044 0 21190569 0
1045 0 21135228 0
1046 0 22454930 0
1047 0 21196694 0
1048 0 19644691 0
1049 0 19170071 0
1050 0 19752217 0
1051 0 19577004 0
1052 0 20376630 0
1053 0 20245983 0
1054 0 22089792 0
1055 0 21417493 0
1056 0 21031466 0
1057 0 19507899 0
1058 0 19239254 0
1059 0 21372466 0
1060 0 19489874 0
1061 0 18647153 0
1062 0 20160627 0
1063 0 20232280 0
1064 0 22872002 0
1065 0 19440165 0
1066 0 21149915 0
1067 0 19169434 0
1068 0 21142954 0
1069 0 15514491 0
1070 0 21321612 0
1071 0 15802574 0
1072 1 112278 490
1073 0 20484298 0
1074 0 22572132 0
1075 0 20746266 0
1076 1 31814 111
1077 0 22290903 0
1078 0 19661435 0
1079 0 21030421 0
1080 1 152072 679
1081 0 15467776 0
1082 0 20311820 0
1083 0 20868240 0
1084 0 20616137 0
1085 0 20584723 0
1086 0 19447332 0
1087 0 21396294 0
1088 0 19004266 0
1089 0 19314816 0
1090 0 19752051 0
1091 0 21713427 0
1092 0 19345204 0
1093 0 15395091 0
1094 0 15254778 0
1095 1 184167 801
1096 0 19355064 0
1097 0 19019285 0
1098 0 18564460 0
1099 0 18973776 0
1100 0 22447763 0
1101 0 20272163 0
1102 0 21665250 0
1103 0 19858973 0
1104 0 18709790 0
1105 0 19650501 0
1106 0 19058725 0
1107 0 19327709 0
1108 0 21937312 0
1109 0 15396659 0
1110 0 21228929 0
1111 0 19394553 0
1112 0 19669849 0
1113 0 21981872 0
1114 0 20609673 0
1115 1 19013 51
1116 0 20390613 0
1117 0 18923991 0
1118 0 19274005 0
1119 0 20712871 0
1120 0 15521015 0
1121 0 19219849 0
1122 0 21060906 0
1123 0 19583539 0
1124 0 15767002 0
1125 0 15756530 0
1126 0 20018913 0
1127 0 19606283 0
1128 0 19617948 0
1129 0 19243222 0
1130 0 21809562 0
1131 0 21404779 0
1132 0 21034488 0
1133 0 20363718 0
1134 1 191764 836
1135 0 19332701 0
1136 0 22766198 0
1137 0 20494143 0
1138 0 21248759 0
1139 0 20490687 0
1140 1 399979 2075
1141 0 19273260 0
1142 0 20651673 0
1143 0 19224399 0
1144 0 20119062 0
1145 0 15328627 0
1146 0 18690934 0
1147 0 20708535 0
1148 0 15416590 0
1149 0 19098126 0
1150 0 22445849 0
1151 0 22761563 0
1152 0 20451976 0
1153 1 83405 354
1154 0 22784832 0
1155 0 21380621 0
1156 0 22219314 0
1157 0 19355784 0
1158 0 20722379 0
1159 0 22579401 0
1160 0 19507162 0
1161 0 21328638 0
1162 0 19911729 0
1163 1 145773 646
1164 0 22283621 0
1165 0 22103697 0
1166 0 21425813 0
1167 0 20619827 0
1168 0 21856503 0
1169 0 21871857 0
1170 0 22338934 0
1171 1 10452 6
1172 0 15490493 0
1173 0 19313730 0
1174 0 16026637 0
1175 0 21677633 0
1176 0 21285588 0
1177 0 22556145 0
1178 0 19275483 0
1179 0 19292000 0
1180 0 19494502 0
1181 0 15609180 0
1182 0 19508349 0
1183 0 19165823 0
1184 0 19742434 0
1185 0 19191008 0
1186 0 18905568 0
1187 0 20385425 0
1188 0 18844456 0
1189 0 21066024 0
1190 0 20901179 0
1191 0 20672141 0
1192 0 19034560 0
1193 0 21748558 0
1194 0 18912703 0
1195 0 21710349 0
1196 0 16181738 0
1197 0 20154555 0
1198 0 15644445 0
1199 0 20430001 0
