0 0 15858976 0
1 0 19714719 0
2 1 176547 784
3 0 19287876 0
4 0 18720270 0
5 0 22326899 0
6 1 259636 1141
7 0 20424544 0
8 1 99833 425
9 0 20067146 0
10 1 11988 18
11 0 19045841 0
12 0 20671680 0
13 0 18696272 0
14 0 19925125 0
15 0 19000858 0
16 0 19476718 0
17 0 18958576 0
18 0 20289206 0
19 0 18686650 0
20 0 19316006 0
21 0 19991397 0
22 1 458640 2094
23 0 18641329 0
24 0 18822184 0
25 0 21829381 0
26 0 22825804 0
27 0 22105426 0
28 0 22397324 0
29 0 22962591 0
30 0 22619934 0
31 0 22482782 0
32 1 87288 364
33 1 586550 2670
34 0 20835707 0
35 1 142055 629
36 0 20339545 0
37 0 19312945 0
38 0 19570029 0
39 1 240664 1066
40 0 22565906 0
41 0 21124301 0
42 1 79686 330
43 0 22237081 0
44 0 22252323 0
45 0 21622428 0
46 0 22718681 0
47 0 20026445 0
48 0 15953459 0
49 1 212321 951
50 0 20240829 0
51 0 20796902 0
52 0 21895388 0
53 0 19797815 0
54 1 15095 49
55 0 20240375 0
56 0 20109439 0
57 0 19052151 0
58 0 15583968 0
59 0 22297686 0
60 0 21872256 0
61 0 20874854 0
62 0 19236148 0
63 0 19269771 0
64 1 137534 601
65 0 20521202 0
66 0 19621753 0
67 0 15441234 0
68 1 108772 461
69 0 19705529 0
70 0 18978637 0
71 1 227644 1028
72 0 22821879 0
73 0 22682517 0
74 0 21863319 0
75 1 64397 258
76 0 19456484 0
77 0 15360181 0
78 0 19357071 0
79 1 205985 894
80 0 19361076 0
81 0 20610072 0
82 1 66732 288
83 0 15652919 0
84 0 19351504 0
85 0 19891681 0
86 1 123987 538
87 1 14732 55
88 0 20608340 0
89 0 19579547 0
90 0 19301963 0
91 0 20004590 0
92 0 18957099 0
93 0 19846772 0
94 0 19523499 0
95 0 18999249 0
96 0 18335262 0
97 0 19594432 0
98 0 21862376 0
99 0 20553063 0
100 0 19276645 0
101 0 19056804 0
102 0 20343500 0
103 0 18879794 0
104 0 18848863 0
105 0 20971835 0
106 0 18900851 0
107 1 38966 156
108 0 18371184 0
109 1 351871 1610
110 0 19932120 0
111 0 19225500 0
112 0 21624840 0
113 0 20269991 0
114 0 20061592 0
115 0 20078340 0
116 0 19089216 0
117 0 19195050 0
118 0 15644159 0
119 1 14140 29
120 1 60740 264
121 0 19061955 0
122 0 15716847 0
123 0 15723133 0
124 0 18823980 0
125 0 15703376 0
126 0 18920466 0
127 0 20716472 0
128 1 202175 901
129 0 20051009 0
130 0 20765889 0
131 0 20200412 0
132 1 190494 851
133 1 150503 674
134 0 19653689 0
135 0 21706209 0
136 1 350942 1585
137 0 21129561 0
138 0 18156053 0
139 0 22176203 0
140 0 20865095 0
141 0 20400072 0
142 0 22642047 0
143 0 21627383 0
144 0 22413740 0
145 0 20605902 0
146 0 22754424 0
147 0 21798908 0
148 0 19893786 0
149 0 15816085 0
150 0 21471114 0
151 1 23214 57
152 0 21828084 0
153 0 22267230 0
154 0 19652714 0
155 0 22515642 0
156 0 19257133 0
157 1 140789 597
158 0 18797512 0
159 0 15803933 0
160 0 20360689 0
161 0 20117449 0
162 0 19855801 0
163 0 18951541 0
164 1 263115 1182
165 0 16056494 0
166 0 19774596 0
167 0 22130848 0
168 0 20006124 0
169 0 15659988 0
170 0 15697441 0
171 0 20771495 0
172 0 19066829 0
173 0 18556715 0
174 0 19789043 0
175 1 200410 901
176 0 21896072 0
177 0 20579412 0
178 0 20011352 0
179 1 99965 470
180 1 665969 3069
181 0 15816140 0
182 0 19786036 0
183 1 416069 2134
184 0 21389539 0
185 0 22979654 0
186 1 19170 66
187 0 19824600 0
188 0 21171485 0
189 0 18865966 0
190 0 22289032 0
191 0 21286208 0
192 0 18843120 0
193 1 85415 378
194 0 19314980 0
195 1 61952 266
196 0 20987917 0
197 1 17195 54
198 0 18614287 0
199 0 21316627 0
200 0 21173381 0
201 0 20064001 0
202 0 18992369 0
203 0 21249862 0
204 0 21478929 0
205 0 20742443 0
206 1 631882 2885
207 0 21476520 0
208 0 20053533 0
209 0 19520365 0
210 0 15904005 0
211 0 18667707 0
212 0 15808411 0
213 0 20802985 0
214 0 19896490 0
215 0 19931004 0
216 0 20620687 0
217 0 19832173 0
218 0 15338085 0
219 0 19548585 0
220 0 19743486 0
221 1 129899 577
222 0 20688868 0
223 0 15566806 0
224 0 20352602 0
225 0 15689592 0
226 0 19237807 0
227 1 15946 24
228 0 19677463 0
229 0 18795937 0
230 0 18488076 0
231 0 19701857 0
232 0 19691365 0
233 1 19860 69
234 0 15614467 0
235 0 19467795 0
236 0 18419957 0
237 0 20003368 0
238 0 21013037 0
239 0 19102799 0
240 0 20991044 0
241 0 18948811 0
242 0 19399842 0
243 0 15582642 0
244 0 15166783 0
245 0 15723887 0
246 0 19037261 0
247 0 18544495 0
248 0 19736932 0
249 0 19966057 0
250 0 20476937 0
251 0 21100501 0
252 0 19749282 0
253 0 19528023 0
254 0 21526514 0
255 1 102468 444
256 0 21913725 0
257 0 21083771 0
258 0 21351392 0
259 0 19453693 0
260 0 20645624 0
261 1 93013 380
262 0 21522266 0
263 0 19481457 0
264 0 18623423 0
265 1 137252 595
266 0 18570799 0
267 0 22357434 0
268 0 19867301 0
269 1 144788 629
270 0 17483514 0
271 0 19468197 0
272 1 119044 481
273 0 22557957 0
274 0 18740392 0
275 0 15609418 0
276 0 18830374 0
277 0 15695690 0
278 0 19328988 0
279 1 243249 1249
280 0 19251693 0
281 0 15981550 0
282 0 16489416 0
283 0 22239640 0
284 0 22632227 0
285 0 22996128 0
286 1 192525 719
287 0 19301487 0
288 0 15683656 0
289 0 19207009 0
290 0 19096316 0
291 0 22547782 0
292 1 175633 770
293 0 15458881 0
294 0 20258816 0
295 0 20251977 0
296 0 16870671 0
297 0 22055180 0
298 0 20709889 0
299 1 241656 1233
300 0 22184608 0
301 1 80555 347
302 0 21018436 0
303 0 21999238 0
304 1 84688 397
305 0 21952931 0
306 0 19601369 0
307 0 22182024 0
308 0 19498535 0
309 0 15546876 0
310 0 16046388 0
311 0 22639631 0
312 0 21654919 0
313 0 22234060 0
314 0 22406642 0
315 0 15540634 0
316 0 19977165 0
317 0 21536195 0
318 0 19796443 0
319 0 19046383 0
320 0 19483649 0
321 0 18729480 0
322 0 22045274 0
323 0 15877324 0
324 0 19003173 0
325 0 18965660 0
326 0 19732180 0
327 0 19570479 0
328 0 19121771 0
329 0 19338576 0
330 0 22131742 0
331 0 19558999 0
332 0 22344732 0
333 0 20537430 0
334 0 20863389 0
335 0 18645944 0
336 0 18765334 0
337 0 18583251 0
338 0 18726748 0
339 0 20566037 0
340 0 22478245 0
341 0 17824295 0
342 0 20139280 0
343 0 21974170 0
344 0 21972990 0
345 0 22771176 0
346 0 20332189 0
347 0 20551015 0
348 0 22383049 0
349 0 20129441 0
350 0 19316923 0
351 0 18942052 0
352 0 22443397 0
353 1 238650 1221
354 0 19677191 0
355 0 21263918 0
356 1 110506 455
357 0 15864292 0
358 0 19014000 0
359 0 21444224 0
360 0 19859653 0
361 0 22893220 0
362 0 21998621 0
363 1 254305 1136
364 0 22705842 0
365 0 19837694 0
366 0 20419242 0
367 0 22179497 0
368 0 22316995 0
369 0 21947041 0
370 0 21460470 0
371 0 19193535 0
372 0 20737331 0
373 0 21309396 0
374 0 22454414 0
375 1 48899 184
376 0 22360695 0
377 0 22467785 0
378 0 15616678 0
379 0 18204560 0
380 0 19439813 0
381 0 21315954 0
382 0 19891831 0
383 1 12441 35
384 0 15631346 0
385 0 21649477 0
386 0 20168062 0
387 0 20050127 0
388 1 92289 399
389 0 15737175 0
390 0 19979152 0
391 1 276996 1258
392 0 19808068 0
393 0 20033945 0
394 0 21472235 0
395 0 19825085 0
396 0 15713572 0
397 0 19923287 0
398 0 19889976 0
399 1 499590 2263
400 0 20378789 0
401 0 22352660 0
402 0 20715981 0
403 0 21507474 0
404 0 19812176 0
405 1 54025 209
406 0 21048744 0
407 0 22624911 0
408 0 15849038 0
409 0 22625475 0
410 0 20721453 0
411 1 134939 590
412 0 18810870 0
413 0 20366865 0
414 0 22258942 0
415 0 20941634 0
416 0 19882721 0
417 0 15430680 0
418 0 20452745 0
419 1 320485 1450
420 1 348474 1601
421 0 15694909 0
422 0 19785080 0
423 0 19333908 0
424 0 20053435 0
425 0 19938964 0
426 0 21920750 0
427 0 20089977 0
428 0 22311682 0
429 0 21811458 0
430 0 19959879 0
431 0 19286245 0
432 0 19530641 0
433 1 436735 1975
434 0 22206060 0
435 0 20233132 0
436 0 19915768 0
437 0 15622364 0
438 0 19021846 0
439 0 15806247 0
440 0 15404019 0
441 0 15527608 0
442 0 19505406 0
443 1 146845 644
444 0 19022071 0
445 0 19075879 0
446 0 20186059 0
447 0 15800926 0
448 0 19952095 0
449 1 9629 24
450 0 18921447 0
451 0 22244059 0
452 0 15671289 0
453 0 15636379 0
454 0 21613440 0
455 0 19897251 0
456 0 19565666 0
457 0 19304080 0
458 0 19185316 0
459 0 20172806 0
460 0 20825227 0
461 1 100920 444
462 0 22049709 0
463 0 21241363 0
464 0 21051029 0
465 0 17378652 0
466 0 18485352 0
467 0 22261319 0
468 0 22396832 0
469 0 19434339 0
470 0 19444534 0
471 0 19438858 0
472 0 21399675 0
473 0 22390052 0
474 0 19125888 0
475 0 20045260 0
476 0 20244044 0
477 0 21192716 0
478 0 22874530 0
479 0 15630978 0
480 0 20914327 0
481 0 19764040 0
482 0 21531525 0
483 1 289822 1290
484 0 21602935 0
485 0 19864361 0
486 0 22099098 0
487 1 117494 500
488 0 20065593 0
489 0 22224801 0
490 0 19681979 0
491 0 22253145 0
492 0 18856344 0
493 0 15761545 0
494 1 280346 1266
495 0 15506693 0
496 0 19212102 0
497 0 18669017 0
498 0 20388761 0
499 0 18676553 0
500 0 19131366 0
501 1 427555 1947
502 0 19102004 0
503 0 18650577 0
504 0 15834384 0
505 0 19132716 0
506 0 18647159 0
507 0 19386965 0
508 1 190124 843
509 0 21636907 0
510 0 19541961 0
511 0 19530690 0
512 0 21953146 0
513 0 21887663 0
514 0 20282413 0
515 1 213907 1098
516 0 20352473 0
517 0 22008860 0
518 0 21802823 0
519 0 19414403 0
520 0 19756742 0
521 0 19895589 0
522 0 19674388 0
523 1 48916 195
524 0 19622696 0
525 1 37723 152
526 0 18329874 0
527 0 20544386 0
528 0 18848468 0
529 0 19430821 0
530 0 19697624 0
531 0 18831887 0
532 0 18811286 0
533 0 19616844 0
534 1 185310 822
535 0 20214573 0
536 0 20435080 0
537 0 15669782 0
538 0 19786214 0
539 0 15796925 0
540 0 19795705 0
541 0 19885536 0
542 1 140480 699
543 0 18578211 0
544 0 18498844 0
545 0 20338548 0
546 0 19333386 0
547 0 19528680 0
548 0 19170647 0
549 0 15685534 0
550 0 18698630 0
551 0 20659901 0
552 0 20897500 0
553 1 736259 3817
554 1 150986 685
555 0 18785987 0
556 0 19693696 0
557 0 19074296 0
558 0 22333466 0
559 1 279122 1265
560 0 15650389 0
561 1 242411 1098
562 0 20465505 0
563 0 15780072 0
564 0 18938773 0
565 0 19613190 0
566 0 21977257 0
567 0 15602121 0
568 0 21393605 0
569 1 128038 583
570 0 20875856 0
571 1 274326 1246
572 0 19172432 0
573 1 26651 75
574 0 21626613 0
575 0 22177010 0
576 0 20368551 0
577 1 36861 130
578 0 20698245 0
579 0 20565280 0
580 0 15579712 0
581 0 19974019 0
582 1 145134 623
583 0 21416103 0
584 0 15764645 0
585 0 20278576 0
586 0 22054853 0
587 0 19065294 0
588 0 15620315 0
589 0 18962738 0
590 1 24860 60
591 0 20207771 0
592 0 18873682 0
593 0 19610985 0
594 0 20811177 0
595 0 15367741 0
596 0 19920742 0
597 0 15562751 0
598 0 19767791 0
599 0 22139620 0
600 0 22779359 0
601 0 20882992 0
602 1 66120 310
603 1 109871 491
604 1 94440 401
605 0 21501985 0
606 0 20271454 0
607 0 19463306 0
608 0 18798655 0
609 0 19448300 0
610 0 19984538 0
611 0 19257286 0
612 0 15277284 0
613 1 57345 227
614 0 21205039 0
615 0 19824961 0
616 0 19252087 0
617 0 19816226 0
618 0 18940052 0
619 0 19045909 0
620 0 21746390 0
621 1 196528 895
622 1 465421 2126
623 0 22722996 0
624 0 22681832 0
625 0 20256803 0
626 0 15300803 0
627 0 21905294 0
628 0 20485008 0
629 0 21438526 0
630 0 21637440 0
631 0 19151594 0
632 0 20233276 0
633 0 21378377 0
634 0 20832514 0
635 0 18860092 0
636 0 20295199 0
637 1 15867 43
638 0 20483071 0
639 0 19002212 0
640 0 20181269 0
641 1 19201 38
642 0 15776246 0
643 1 59707 227
644 0 21145377 0
645 1 204901 923
646 0 19802252 0
647 0 15685673 0
648 0 19295280 0
649 0 19600511 0
650 0 22827001 0
651 0 15223476 0
652 0 21559110 0
653 0 21627731 0
654 0 21120784 0
655 0 20851845 0
656 1 133139 669
657 0 19473943 0
658 0 19531047 0
659 0 20420030 0
660 1 457001 2090
661 1 72063 305
662 0 19470172 0
663 1 179138 894
664 0 21584587 0
665 0 20670161 0
666 0 21034354 0
667 0 20856361 0
668 0 20492627 0
669 0 19334392 0
670 0 21494186 0
671 0 19421581 0
672 0 19574202 0
673 1 109690 490
674 1 366478 1909
675 0 15464017 0
676 0 19226733 0
677 0 22390359 0
678 0 19368451 0
679 0 18891254 0
680 0 18995398 0
681 0 19989042 0
682 0 15511767 0
683 0 19475423 0
684 0 19416157 0
685 0 22668413 0
686 0 15693570 0
687 0 20325440 0
688 0 18986597 0
689 0 18730835 0
690 0 19940661 0
691 0 21428618 0
692 0 18762953 0
693 0 19894195 0
694 0 19229911 0
695 0 19079005 0
696 1 118770 598
697 0 20270538 0
698 0 19063207 0
699 0 19322760 0
700 0 22152966 0
701 0 20576431 0
702 0 19651799 0
703 0 18713691 0
704 0 19887493 0
705 0 19872395 0
706 1 109287 485
707 0 22188795 0
708 0 20038417 0
709 0 18931166 0
710 1 209157 948
711 0 15696673 0
712 0 19453758 0
713 0 18720294 0
714 0 20636054 0
715 1 71493 291
716 1 207120 939
717 0 20096790 0
718 1 231535 1055
719 0 20488117 0
720 0 18125266 0
721 0 19086977 0
722 0 19355087 0
723 0 15571114 0
724 0 19220479 0
725 0 15650668 0
726 0 19321868 0
727 0 19922165 0
728 0 19483773 0
729 0 19606328 0
730 0 20850016 0
731 0 15531631 0
732 0 18850229 0
733 0 20472939 0
734 0 21298467 0
735 0 19878474 0
736 0 15355700 0
737 0 20294471 0
738 0 19400581 0
739 0 22363279 0
740 0 21360584 0
741 0 15547804 0
742 0 20321025 0
743 1 164772 702
744 0 15638532 0
745 0 15713050 0
746 0 19235115 0
747 0 20441547 0
748 0 19938092 0
749 0 21489743 0
750 0 15675090 0
751 0 19004798 0
752 0 15261686 0
753 0 20035093 0
754 0 20532843 0
755 0 15531483 0
756 0 20251552 0
757 0 20310365 0
758 0 21087070 0
759 0 20112031 0
760 0 22253226 0
761 0 19894381 0
762 0 20083297 0
763 1 393408 1795
764 0 20437301 0
765 0 20021732 0
766 0 21185806 0
767 0 15654442 0
768 0 20874061 0
769 0 21940583 0
770 1 259771 1169
771 0 18970416 0
772 1 137232 611
773 0 18892488 0
774 1 175302 788
775 0 15697152 0
776 1 138480 626
777 0 19153569 0
778 0 19335112 0
779 0 19913610 0
780 0 20017478 0
781 0 22447924 0
782 0 22105717 0
783 0 20173531 0
784 0 20411409 0
785 0 21556273 0
786 0 21020689 0
787 0 19503890 0
788 0 19371820 0
789 0 20609372 0
790 0 15658163 0
791 0 20731969 0
792 0 19149060 0
793 0 20265335 0
794 0 15806682 0
795 0 19396973 0
796 0 19362836 0
797 0 21893296 0
798 0 21843227 0
799 0 19961007 0
800 0 19850124 0
801 0 19948852 0
802 0 19322310 0
803 0 18620536 0
804 0 21328095 0
805 0 20529512 0
806 0 15623700 0
807 0 20227447 0
808 0 19159803 0
809 0 15630082 0
810 0 20117196 0
811 0 18935650 0
812 1 55400 223
813 0 19734789 0
814 0 19346715 0
815 0 19190650 0
816 1 32060 114
817 0 19052881 0
818 0 15791020 0
819 0 21042098 0
820 0 19438255 0
821 0 19792600 0
822 1 345360 1544
823 0 19028259 0
824 1 130696 579
825 0 19527601 0
826 0 22003393 0
827 0 20495766 0
828 0 22497601 0
829 0 20138655 0
830 1 29679 96
831 0 19457845 0
832 1 137254 581
833 1 94330 415
834 0 18894267 0
835 0 19140298 0
836 0 15397470 0
837 0 20133955 0
838 0 15736912 0
839 0 19781332 0
840 0 22477801 0
841 0 22567220 0
842 0 22292261 0
843 0 19916700 0
844 0 20526047 0
845 0 19692508 0
846 1 158257 642
847 1 117684 594
848 0 20070837 0
849 0 19945894 0
850 0 19677059 0
851 0 19723304 0
852 0 22245702 0
853 0 20638157 0
854 0 19788332 0
855 0 22835910 0
856 0 20103107 0
857 0 21517646 0
858 0 15643672 0
859 0 22610959 0
860 0 15239968 0
861 0 21286637 0
862 0 21463713 0
863 1 375469 1706
864 1 130514 589
865 0 22960869 0
866 1 611713 2794
867 0 21662058 0
868 0 22478188 0
869 0 21918537 0
870 0 23013086 0
871 0 22164029 0
872 0 20678985 0
873 1 363281 1646
874 0 20848904 0
875 0 15774729 0
876 0 21343608 0
877 0 19707953 0
878 0 21275825 0
879 0 20506987 0
880 0 20889453 0
881 0 19350353 0
882 0 20595723 0
883 1 34829 111
884 0 22039305 0
885 0 22430177 0
886 0 21883892 0
887 0 20972815 0
888 0 16019980 0
889 0 19400764 0
890 0 21855842 0
891 0 20819317 0
892 0 20698067 0
893 0 21033469 0
894 0 22542517 0
895 0 21630853 0
896 0 20579607 0
897 0 22192748 0
898 0 20989456 0
899 0 22583456 0
900 0 15595881 0
901 1 23393 55
902 0 22330175 0
903 0 22307932 0
904 0 15699652 0
905 0 19365991 0
906 0 19782967 0
907 0 18611514 0
908 0 20022074 0
909 1 10406 8
910 0 19613955 0
911 1 603202 2751
912 0 19610105 0
913 0 19324691 0
914 0 19813166 0
915 1 10864 28
916 0 19408526 0
917 0 18682701 0
918 0 21397936 0
919 0 22166548 0
920 0 21550544 0
921 0 22404060 0
922 0 22291908 0
923 0 21539507 0
924 1 80332 361
925 0 20581248 0
926 0 21032925 0
927 0 18795589 0
928 1 57065 212
929 0 15802633 0
930 0 19272207 0
931 0 15460509 0
932 0 19071969 0
933 0 19725735 0
934 0 21225805 0
935 0 19946086 0
936 0 19132485 0
937 0 21680572 0
938 0 19529533 0
939 1 448461 2063
940 0 19158508 0
941 0 16438390 0
942 0 19251760 0
943 0 21618473 0
944 1 356228 1619
945 0 20159800 0
946 0 19552675 0
947 1 383957 1748
948 0 18309072 0
949 0 21293298 0
950 0 19239425 0
951 0 15529810 0
952 0 19471255 0
953 0 19298143 0
954 0 20663784 0
955 0 19705144 0
956 0 15716931 0
957 1 119445 577
958 0 19763474 0
959 0 21423653 0
960 0 15439080 0
961 0 19487958 0
962 0 19409178 0
963 0 20233195 0
964 0 18598314 0
965 0 18588224 0
966 0 19254014 0
967 0 17244652 0
968 1 97279 429
969 1 90493 362
970 1 793204 3613
971 0 18857545 0
972 0 19827750 0
973 0 19465361 0
974 1 130183 560
975 0 18981443 0
976 0 22284758 0
977 1 557455 2534
978 1 102015 498
979 0 19590324 0
980 0 16033477 0
981 0 22374056 0
982 1 149128 621
983 0 19813176 0
984 0 19691528 0
985 0 19816079 0
986 0 15668469 0
987 0 19379625 0
988 0 20852531 0
989 1 91286 383
990 0 22126486 0
991 0 20434277 0
992 0 15534065 0
993 0 20137054 0
994 0 18306110 0
995 0 18600148 0
996 0 18455004 0
997 0 18713047 0
998 0 19266989 0
999 0 18923406 0
1000 0 15452454 0
1001 0 19228669 0
1002 0 19115351 0
1003 0 19056236 0
1004 0 19316119 0
1005 0 22339201 0
1006 0 15859354 0
1007 0 16110230 0
1008 0 15603188 0
1009 0 19547937 0
1010 1 269177 1214
1011 0 18855150 0
1012 0 19931415 0
1013 0 22444908 0
1014 0 20402227 0
1015 0 22517893 0
1016 1 17228 53
1017 0 22248633 0
1018 0 22041613 0
1019 0 15557296 0
1020 0 21548049 0
1021 0 22096018 0
1022 0 22185606 0
1023 0 22139722 0
1024 0 22125866 0
1025 0 22602201 0
1026 0 21595630 0
1027 1 185975 837
1028 0 20880021 0
1029 0 22774866 0
1030 1 260451 1174
1031 0 20997901 0
1032 0 22088517 0
1033 0 15376021 0
1034 0 21955588 0
1035 0 23402582 0
1036 0 22768118 0
1037 0 22306465 0
1038 0 19701676 0
1039 0 20154954 0
1040 0 19459277 0
1041 0 23249932 0
1042 0 20023898 0
1043 1 148103 628
1044 0 20530478 0
1045 0 20160930 0
1046 0 21696867 0
1047 0 22092341 0
1048 0 15653318 0
1049 0 19798042 0
1050 0 22194109 0
1051 1 75858 354
1052 0 15257107 0
1053 0 18356309 0
1054 1 96896 406
1055 0 18275581 0
1056 0 15835373 0
1057 1 107842 496
1058 0 19286925 0
1059 0 19746838 0
1060 0 19569775 0
1061 0 20192918 0
1062 0 20565943 0
1063 1 50101 199
1064 0 21049082 0
1065 0 20496390 0
1066 0 19576545 0
1067 1 24963 57
1068 0 19833857 0
1069 0 15681456 0
1070 0 19966496 0
1071 0 15498049 0
1072 0 20208357 0
1073 0 20945949 0
1074 0 21565428 0
1075 0 15376584 0
1076 0 18806590 0
1077 0 20901019 0
1078 0 21663715 0
1079 0 18719725 0
1080 0 18382781 0
1081 0 20698146 0
1082 0 19253954 0
1083 0 20989142 0
1084 0 19643176 0
1085 1 298632 1350
1086 0 18597292 0
1087 0 18830903 0
1088 0 15813209 0
1089 0 15596914 0
1090 0 19412466 0
1091 0 21094450 0
1092 0 20440527 0
1093 0 19901118 0
1094 0 19522129 0
1095 0 22143053 0
1096 0 19573454 0
1097 0 20213572 0
1098 0 19047479 0
1099 0 18828990 0
1100 0 21457273 0
1101 0 20482853 0
1102 0 21850139 0
1103 0 19881828 0
1104 0 19099180 0
1105 0 19483227 0
1106 0 19772644 0
1107 0 19339151 0
1108 0 22527120 0
1109 1 65007 271
1110 0 21557862 0
1111 0 19335706 0
1112 1 178687 790
1113 0 18772007 0
1114 0 19577378 0
1115 0 19939740 0
1116 0 19595137 0
1117 0 22261315 0
1118 1 113777 493
1119 0 21456404 0
1120 0 20693867 0
1121 0 15624459 0
1122 1 41363 174
1123 0 19872226 0
1124 0 19627795 0
1125 0 18872449 0
1126 0 15488110 0
1127 0 19656786 0
1128 0 19844983 0
1129 1 286500 1280
1130 0 21543328 0
1131 0 20931351 0
1132 0 20558700 0
1133 0 15713268 0
1134 0 19458372 0
1135 0 19163315 0
1136 0 20855732 0
1137 1 203059 910
1138 1 254778 1163
1139 0 16157636 0
1140 0 20400234 0
1141 0 16070869 0
1142 1 63870 260
1143 1 83316 370
1144 1 420954 1943
1145 0 21977511 0
1146 1 292719 1332
1147 0 20657831 0
1148 1 177435 798
1149 0 20408900 0
1150 0 22052723 0
1151 0 19225487 0
1152 1 328410 1493
1153 0 21033712 0
1154 1 289279 1311
1155 0 18903807 0
1156 0 19389285 0
1157 0 20823230 0
1158 1 482849 2184
1159 0 21591406 0
1160 0 20115107 0
1161 0 15661767 0
1162 0 20185975 0
1163 0 21806222 0
1164 0 22570500 0
1165 0 20087241 0
1166 0 19841445 0
1167 0 19764289 0
1168 0 20076202 0
1169 0 21848721 0
1170 0 19654506 0
1171 0 20746675 0
1172 0 20552313 0
1173 0 15900413 0
1174 0 19244341 0
1175 0 19564102 0
1176 1 212122 939
1177 0 19685978 0
1178 1 254247 1117
1179 0 18834108 0
1180 0 19551123 0
1181 0 15636174 0
1182 0 19256037 0
1183 0 21885507 0
1184 0 20390523 0
1185 0 18836807 0
1186 0 19459803 0
1187 0 19275972 0
1188 0 19893242 0
1189 0 19939689 0
1190 0 19967948 0
1191 1 631436 2890
1192 0 15593323 0
1193 0 20073472 0
1194 0 20533078 0
1195 0 15512375 0
1196 0 20636613 0
1197 0 20317633 0
1198 0 20066774 0
1199 0 22304320 0
0 1 243036 1064
1 0 18502785 0
2 0 20030658 0
3 0 19523192 0
4 0 19252090 0
5 0 19521590 0
6 0 20008581 0
7 0 19830727 0
8 1 145054 635
9 0 20788231 0
10 1 216210 943
11 0 20298035 0
12 0 20297698 0
13 0 22436340 0
14 0 21296912 0
15 1 14285 32
16 0 21502816 0
17 1 27523 93
18 0 22762068 0
19 1 40717 165
20 1 21284 86
21 0 21822200 0
22 0 19761466 0
23 0 15786868 0
24 0 19685428 0
25 0 19683167 0
26 0 19142772 0
27 0 19645098 0
28 1 115896 491
29 0 19271543 0
30 1 62713 268
31 1 544632 2492
32 0 22259410 0
33 0 22711288 0
34 1 86601 377
35 0 15990948 0
36 1 29335 96
37 0 19141045 0
38 0 18936698 0
39 0 15554594 0
40 0 18983090 0
41 0 22927348 0
42 0 22698442 0
43 0 22869343 0
44 0 21049701 0
45 0 15672615 0
46 0 21424056 0
47 0 20659832 0
48 0 19824124 0
49 0 21887527 0
50 0 22371238 0
51 0 19074203 0
52 0 22107049 0
53 0 19631004 0
54 0 17224440 0
55 0 19512062 0
56 0 19281098 0
57 1 297972 1519
58 0 21322529 0
59 0 20296733 0
60 0 20488698 0
61 0 15393863 0
62 1 167016 727
63 0 20734154 0
64 0 19594924 0
65 0 20324440 0
66 0 19508108 0
67 0 19367178 0
68 0 21099792 0
69 1 43124 165
70 0 19392668 0
71 0 19210448 0
72 0 18832170 0
73 0 19353270 0
74 0 19644705 0
75 1 354413 1550
76 0 20857345 0
77 0 19740691 0
78 0 20598907 0
79 1 348459 1577
80 0 20251655 0
81 0 19441548 0
82 0 15698871 0
83 0 21209188 0
84 0 18816605 0
85 0 19658663 0
86 0 19039063 0
87 0 21879340 0
88 0 21037972 0
89 0 22851825 0
90 0 19743658 0
91 0 18821124 0
92 0 18377897 0
93 0 19877730 0
94 0 19210756 0
95 0 18717423 0
96 0 19855177 0
97 0 19394422 0
98 0 21730613 0
99 0 19892403 0
100 0 21988933 0
101 0 20898160 0
102 0 21283451 0
103 0 19455252 0
104 0 18974006 0
105 0 15568648 0
106 0 22134311 0
107 0 22133290 0
108 0 21408633 0
109 0 19307424 0
110 0 19174748 0
111 0 18664147 0
112 0 22081492 0
113 0 22111969 0
114 1 97705 423
115 0 22841237 0
116 0 21556512 0
117 0 22184582 0
118 1 56711 233
119 0 22957081 0
120 0 20068117 0
121 1 280692 1266
122 0 15940616 0
123 0 21924094 0
124 0 19866122 0
125 0 22061211 0
126 0 20391300 0
127 0 18953837 0
128 0 18637462 0
129 0 22108107 0
130 0 19696170 0
131 0 16778941 0
132 0 22487254 0
133 0 22209115 0
134 0 22083689 0
135 0 15457568 0
136 0 22807668 0
137 0 15970019 0
138 0 19669907 0
139 1 40731 160
140 0 19259126 0
141 0 21348444 0
142 1 39832 154
143 0 20594570 0
144 0 23203070 0
145 0 16236963 0
146 0 19733386 0
147 1 98084 417
148 1 131382 592
149 1 197899 892
150 1 87930 382
151 0 20907278 0
152 0 16526490 0
153 1 237842 1022
154 0 20004342 0
155 0 20207903 0
156 0 20243497 0
157 0 21760639 0
158 1 307516 1369
159 1 158406 709
160 0 20149923 0
161 1 115812 502
162 0 22940625 0
163 0 15611953 0
164 1 336774 1519
165 0 15740497 0
166 0 19024658 0
167 0 20131031 0
168 0 19833340 0
169 0 18835182 0
170 0 18980306 0
171 0 19466667 0
172 0 20792789 0
173 0 20587605 0
174 0 19572299 0
175 0 15664332 0
176 0 19217172 0
177 0 15999999 0
178 1 37374 149
179 0 21775436 0
180 1 534246 2430
181 0 20264220 0
182 1 463007 2116
183 0 19570860 0
184 0 18860032 0
185 0 19198067 0
186 0 18803948 0
187 0 18979095 0
188 0 19214515 0
189 0 18919042 0
190 0 18949767 0
191 1 485819 2239
192 0 19043903 0
193 0 19231621 0
194 1 545930 2502
195 0 18308202 0
196 0 19249602 0
197 0 19054613 0
198 0 19231334 0
199 0 18999819 0
200 0 21738027 0
201 0 19790810 0
202 0 20442080 0
203 0 20956677 0
204 0 20213153 0
205 0 15691286 0
206 0 19272323 0
207 0 19798810 0
208 0 19301412 0
209 0 19709769 0
210 0 22707341 0
211 0 20934038 0
212 0 20222639 0
213 0 15363897 0
214 0 19666002 0
215 1 125159 537
216 0 22321436 0
217 0 19225952 0
218 0 19877290 0
219 1 47326 178
220 0 20346095 0
221 0 18998276 0
222 1 10586 7
223 0 21869573 0
224 0 21996828 0
225 0 19911536 0
226 1 54173 213
227 1 205344 1052
228 0 19102094 0
229 0 15699140 0
230 0 15690964 0
231 0 20245510 0
232 0 19395422 0
233 0 18525937 0
234 0 18670329 0
235 0 19537903 0
236 0 20028395 0
237 0 20135655 0
238 0 19456882 0
239 0 19310990 0
240 0 21577174 0
241 0 17219808 0
242 0 19704817 0
243 1 132893 581
244 0 22402508 0
245 0 17336535 0
246 0 20213027 0
247 0 19899078 0
248 1 53694 225
249 0 18370887 0
250 0 19963290 0
251 0 15518682 0
252 0 21131824 0
253 0 21285016 0
254 0 19933547 0
255 0 18094793 0
256 0 19296681 0
257 0 22073215 0
258 1 197877 873
259 0 19663498 0
260 1 42276 159
261 0 19807772 0
262 0 19523366 0
263 1 40014 150
264 0 19994139 0
265 0 21941594 0
266 0 20695165 0
267 0 20206441 0
268 0 18745496 0
269 1 150327 710
270 0 21391678 0
271 0 21546052 0
272 0 19524982 0
273 1 66334 276
274 1 376230 1700
275 0 19085905 0
276 0 15961864 0
277 0 19021334 0
278 1 455364 2075
279 0 19230060 0
280 0 21493473 0
281 0 22906164 0
282 0 22236643 0
283 0 18554283 0
284 0 22658668 0
285 0 22208840 0
286 0 17165395 0
287 0 22848990 0
288 0 22020156 0
289 0 20665743 0
290 0 23033808 0
291 0 21346656 0
292 0 21534239 0
293 0 22428578 0
294 0 20460823 0
295 0 20608551 0
296 0 20394362 0
297 0 20204969 0
298 0 20073178 0
299 0 19237080 0
300 0 20067751 0
301 0 21128069 0
302 0 18591305 0
303 0 18522109 0
304 1 59831 224
305 0 20468521 0
306 0 18965587 0
307 0 15494395 0
308 0 19424791 0
309 1 209198 947
310 0 15450123 0
311 0 20398384 0
312 0 19450595 0
313 0 19391589 0
314 0 19676605 0
315 0 17749515 0
316 0 19470687 0
317 1 122257 542
318 0 19144338 0
319 0 18541463 0
320 1 256519 1156
321 0 18964348 0
322 0 20731425 0
323 0 18423807 0
324 0 18915058 0
325 0 22411895 0
326 0 20862151 0
327 1 295815 1327
328 0 19664993 0
329 1 724215 3281
330 0 18706386 0
331 0 15590249 0
332 0 18762634 0
333 0 18782665 0
334 0 18970460 0
335 0 20542759 0
336 0 19676927 0
337 0 19587068 0
338 0 20894127 0
339 0 19444259 0
340 0 19613938 0
341 0 19671820 0
342 0 19984558 0
343 0 18925422 0
344 0 19891813 0
345 0 22577391 0
346 0 21059728 0
347 0 19587640 0
348 0 21909383 0
349 0 20712806 0
350 0 19837465 0
351 0 19266701 0
352 0 18700433 0
353 0 19340347 0
354 0 19256690 0
355 0 20185529 0
356 0 19133109 0
357 0 18062841 0
358 0 20204611 0
359 0 20814524 0
360 0 22177489 0
361 0 22776216 0
362 0 21145763 0
363 0 19775621 0
364 1 70535 268
365 0 15752857 0
366 1 40990 132
367 0 15474468 0
368 0 15540115 0
369 0 20179088 0
370 0 21243527 0
371 0 21062682 0
372 0 20213344 0
373 0 19761488 0
374 0 22529664 0
375 0 22019067 0
376 0 20688499 0
377 1 157349 698
378 0 19418542 0
379 0 19610548 0
380 0 19953347 0
381 0 18796328 0
382 0 18959725 0
383 0 21247142 0
384 0 19879814 0
385 1 69235 271
386 0 20208369 0
387 0 20159859 0
388 0 20501364 0
389 1 435929 1982
390 0 18824012 0
391 0 21912372 0
392 0 20323871 0
393 0 19706499 0
394 0 20064766 0
395 0 19552003 0
396 0 21769997 0
397 0 21206454 0
398 0 22278348 0
399 0 20638858 0
400 0 19741500 0
401 0 20086192 0
402 1 104423 460
403 0 18858274 0
404 0 19126191 0
405 0 15638555 0
406 0 15518843 0
407 0 19984697 0
408 0 22004987 0
409 0 20392198 0
410 0 20173398 0
411 0 15729469 0
412 0 20047364 0
413 1 107408 467
414 0 16680845 0
415 1 169289 745
416 0 19009484 0
417 0 18606814 0
418 0 19547308 0
419 0 20217163 0
420 1 42839 163
421 0 19019368 0
422 0 15610342 0
423 0 19419483 0
424 1 66831 283
425 0 21219577 0
426 0 20497126 0
427 1 54902 194
428 1 10959 37
429 0 18797634 0
430 0 19851133 0
431 0 18700753 0
432 0 22340762 0
433 0 20301875 0
434 0 20446084 0
435 0 15722973 0
436 1 102693 448
437 0 21090740 0
438 0 20914312 0
439 0 22030392 0
440 0 19420538 0
441 0 20670473 0
442 1 60707 250
443 0 19207897 0
444 0 19483384 0
445 0 18769225 0
446 0 18783850 0
447 0 19136388 0
448 0 18440178 0
449 1 316320 1423
450 0 19000332 0
451 0 19996804 0
452 0 19025967 0
453 1 75456 361
454 0 19486939 0
455 1 252048 1144
456 1 84474 378
457 1 497080 2268
458 1 41100 178
459 0 15272154 0
460 1 44076 165
461 1 163556 742
462 0 15524298 0
463 1 285189 1294
464 1 316821 1459
465 0 19953442 0
466 1 71550 299
467 0 19021257 0
468 0 19569758 0
469 0 19016080 0
470 0 19514818 0
471 0 15343820 0
472 0 20784973 0
473 0 20085377 0
474 0 20935770 0
475 0 20653265 0
476 0 22121377 0
477 0 20403779 0
478 0 19070446 0
479 0 18770475 0
480 0 19183035 0
481 0 20536450 0
482 0 21808050 0
483 0 15566666 0
484 0 19907615 0
485 0 23165446 0
486 0 20568680 0
487 0 18428317 0
488 0 18479234 0
489 0 19116980 0
490 0 20419010 0
491 0 19596520 0
492 0 22394806 0
493 0 22168874 0
494 0 19694554 0
495 0 15810181 0
496 1 249705 1263
497 0 19824059 0
498 0 19386191 0
499 0 18731006 0
500 0 15671099 0
501 0 18764119 0
502 0 22421217 0
503 0 21524381 0
504 0 15716289 0
505 0 20132857 0
506 0 22593784 0
507 0 22574346 0
508 0 22254978 0
509 0 22905250 0
510 0 22460961 0
511 0 20602546 0
512 1 100737 419
513 0 20657582 0
514 0 22216762 0
515 0 15524657 0
516 0 19774196 0
517 1 77804 321
518 0 21399611 0
519 0 19039861 0
520 0 19685558 0
521 0 20923731 0
522 0 19826829 0
523 0 21969916 0
524 0 15590729 0
525 0 19546611 0
526 0 15745127 0
527 0 19258812 0
528 0 21414560 0
529 0 22023454 0
530 0 20769220 0
531 0 21404322 0
532 0 19669563 0
533 1 153796 643
534 0 20110296 0
535 0 19594477 0
536 1 273672 1233
537 0 19353879 0
538 0 15333566 0
539 0 19532618 0
540 0 19435812 0
541 0 21849630 0
542 0 15778360 0
543 1 336566 1537
544 0 19605016 0
545 0 22592776 0
546 0 20810887 0
547 0 15544655 0
548 0 17056420 0
549 1 367632 1667
550 0 20003112 0
551 0 22767952 0
552 1 9906 9
553 1 127158 625
554 0 20249395 0
555 0 19918086 0
556 1 117779 519
557 1 718361 3292
558 0 20012460 0
559 0 20269485 0
560 0 19859978 0
561 1 49787 225
562 0 19983358 0
563 0 21860867 0
564 0 20337143 0
565 1 19987 63
566 0 19472589 0
567 0 20392511 0
568 0 15257069 0
569 0 20502212 0
570 0 15749075 0
571 0 19421191 0
572 1 124846 544
573 0 19883512 0
574 0 19896326 0
575 0 20744308 0
576 0 20570642 0
577 0 18941576 0
578 0 20999685 0
579 0 15335395 0
580 0 20527665 0
581 0 21214765 0
582 0 19912574 0
583 0 20206955 0
584 1 191242 820
585 0 22343694 0
586 1 75077 317
587 0 15659002 0
588 0 20552439 0
589 1 132617 563
590 0 19192346 0
591 0 19268160 0
592 0 15936321 0
593 0 19469626 0
594 0 19496977 0
595 0 22609686 0
596 0 21231890 0
597 0 21970306 0
598 0 15602629 0
599 1 480697 2200
600 0 21008743 0
601 0 19200344 0
602 0 19579239 0
603 1 188883 834
604 0 19965793 0
605 0 15662561 0
606 0 19366096 0
607 0 16612325 0
608 0 20052350 0
609 0 19495605 0
610 0 19947560 0
611 0 19007049 0
612 0 21131201 0
613 0 15864907 0
614 0 19718818 0
615 1 289911 1280
616 1 542770 2488
617 0 18307110 0
618 0 19480844 0
619 0 19680644 0
620 0 15490859 0
621 0 21848639 0
622 0 20496843 0
623 0 18380330 0
624 1 240674 1053
625 0 19405988 0
626 0 15462876 0
627 1 71261 299
628 0 18939958 0
629 0 19330568 0
630 0 15401204 0
631 0 20280375 0
632 0 15549380 0
633 0 20461801 0
634 1 20711 70
635 0 19734006 0
636 0 19990816 0
637 0 15630233 0
638 0 19041014 0
639 0 20000913 0
640 0 19949559 0
641 0 18549510 0
642 0 20156840 0
643 0 22462859 0
644 1 42441 149
645 0 19141568 0
646 0 19617013 0
647 0 21560613 0
648 0 19067791 0
649 0 19811795 0
650 0 19803707 0
651 0 22607041 0
652 0 19904157 0
653 0 19520809 0
654 1 550517 2517
655 0 22174404 0
656 0 15628316 0
657 0 19899633 0
658 0 19260804 0
659 0 15535592 0
660 0 15624863 0
661 0 22297356 0
662 0 19062043 0
663 0 20900315 0
664 0 16746877 0
665 0 19296605 0
666 0 19467729 0
667 0 20129573 0
668 0 21829495 0
669 0 21201447 0
670 0 16902529 0
671 0 20543352 0
672 0 19932490 0
673 0 20716562 0
674 0 20273307 0
675 0 19473505 0
676 0 19446675 0
677 0 22131746 0
678 0 21553185 0
679 0 20316222 0
680 1 64213 304
681 1 26297 110
682 0 19771713 0
683 0 15722456 0
684 0 18087178 0
685 0 19821096 0
686 0 20655191 0
687 0 19955381 0
688 0 21434000 0
689 1 365388 1669
690 0 20590701 0
691 1 104986 499
692 0 17161586 0
693 0 21344112 0
694 0 21125014 0
695 0 20818670 0
696 0 19984224 0
697 0 20534970 0
698 0 19027708 0
699 1 29825 106
700 0 20441607 0
701 0 15715358 0
702 0 18779315 0
703 0 20112452 0
704 0 22449484 0
705 0 15633290 0
706 0 21103320 0
707 1 59142 241
708 0 15461072 0
709 0 18846703 0
710 0 19515023 0
711 0 21974578 0
712 0 19980194 0
713 0 19618386 0
714 0 18828160 0
715 0 18977996 0
716 0 19846269 0
717 0 20237056 0
718 0 18895289 0
719 1 40783 152
720 0 19802504 0
721 0 15526743 0
722 0 15422042 0
723 0 19174154 0
724 0 21294415 0
725 0 18699711 0
726 0 19865763 0
727 0 20089896 0
728 0 19350872 0
729 0 20010960 0
730 1 152242 657
731 0 20119558 0
732 0 18536679 0
733 0 19722650 0
734 0 22804955 0
735 0 22790347 0
736 0 22554582 0
737 1 30978 109
738 0 21359931 0
739 0 21319274 0
740 0 16116431 0
741 0 20339563 0
742 0 23102539 0
743 0 15963278 0
744 0 22783866 0
745 0 22462539 0
746 0 22326198 0
747 0 22512619 0
748 0 15580211 0
749 0 18862243 0
750 0 19095223 0
751 0 20063363 0
752 0 19839965 0
753 0 19665970 0
754 0 19606406 0
755 1 473612 2461
756 0 16152360 0
757 0 19039504 0
758 0 20572785 0
759 0 15736625 0
760 1 119280 513
761 0 18315264 0
762 0 21407736 0
763 0 21023760 0
764 0 19404522 0
765 0 19172282 0
766 1 290958 1310
767 0 18033647 0
768 0 19303705 0
769 0 19110370 0
770 0 19268650 0
771 0 22361253 0
772 0 15485837 0
773 0 19913842 0
774 0 15645021 0
775 0 19482163 0
776 0 20060976 0
777 0 19483880 0
778 0 15214510 0
779 0 19780671 0
780 0 21801679 0
781 1 212794 948
782 0 18775617 0
783 0 19847931 0
784 0 21330067 0
785 0 19209805 0
786 1 408274 1828
787 0 21895505 0
788 0 17060591 0
789 0 21003459 0
790 1 591234 2684
791 1 360872 1647
792 0 18956271 0
793 0 18465051 0
794 0 20927613 0
795 1 222404 988
796 0 21873176 0
797 0 15793474 0
798 0 20041727 0
799 1 915348 4156
800 0 20159983 0
801 0 22737260 0
802 0 21789955 0
803 0 15631287 0
804 0 20332779 0
805 1 224124 994
806 1 191209 858
807 0 22799306 0
808 0 21353422 0
809 0 17077307 0
810 0 19967226 0
811 0 19790602 0
812 0 17772445 0
813 0 21522506 0
814 0 20430540 0
815 0 19941938 0
816 0 22725548 0
817 0 21726161 0
818 0 16605534 0
819 1 310381 1402
820 0 19882862 0
821 0 21422965 0
822 0 17193566 0
823 0 19583499 0
824 0 20285153 0
825 0 21372867 0
826 0 21998051 0
827 0 19792154 0
828 0 16770780 0
829 0 20620283 0
830 0 15819008 0
831 0 21803087 0
832 0 20377247 0
833 0 19836956 0
834 1 165217 723
835 0 19064047 0
836 0 20466495 0
837 0 21127340 0
838 0 19246720 0
839 0 18473595 0
840 0 18889677 0
841 0 20278759 0
842 0 20915603 0
843 0 18541083 0
844 0 20464613 0
845 0 19586881 0
846 0 19762084 0
847 0 19453954 0
848 0 20683050 0
849 1 242214 1084
850 0 20287688 0
851 0 19637660 0
852 0 19459005 0
853 0 19394260 0
854 0 19350088 0
855 0 15949596 0
856 0 22199271 0
857 0 19808364 0
858 1 454905 2074
859 1 517123 2381
860 0 19815781 0
861 0 19314793 0
862 0 19605797 0
863 0 19714271 0
864 0 19510003 0
865 0 20173628 0
866 0 21337819 0
867 0 19937811 0
868 0 21657446 0
869 1 211552 1064
870 1 86774 388
871 0 19335673 0
872 0 19342518 0
873 1 329260 1500
874 0 19406587 0
875 1 225698 1136
876 0 19127980 0
877 0 15445997 0
878 0 22551099 0
879 0 22254929 0
880 0 22647097 0
881 1 293021 1337
882 0 20561318 0
883 1 147201 647
884 0 22501598 0
885 1 84928 356
886 0 22397738 0
887 1 144261 709
888 0 18635410 0
889 0 22583500 0
890 0 18829989 0
891 0 17047465 0
892 0 19587157 0
893 0 19578643 0
894 1 150057 652
895 0 19271855 0
896 0 19252910 0
897 0 19171762 0
898 0 21097252 0
899 0 22274351 0
900 0 19979396 0
901 0 20047955 0
902 0 18937879 0
903 0 18773430 0
904 0 19937904 0
905 0 19833771 0
906 0 19549068 0
907 1 170598 747
908 0 18210820 0
909 0 21857964 0
910 0 19303127 0
911 0 20321753 0
912 0 19103125 0
913 0 22602053 0
914 0 20701861 0
915 0 17829835 0
916 0 22805389 0
917 1 258169 1172
918 0 21641657 0
919 0 20454209 0
920 0 20589121 0
921 0 22250109 0
922 0 21936531 0
923 0 15621614 0
924 0 17904542 0
925 1 184470 815
926 0 21166741 0
927 0 21775259 0
928 0 17728639 0
929 0 19692269 0
930 0 19257950 0
931 0 18773975 0
932 1 99931 434
933 0 15352625 0
934 1 10860 19
935 0 20679007 0
936 1 415335 1882
937 0 20042056 0
938 0 19773483 0
939 0 20585078 0
940 1 371293 1695
941 0 21402284 0
942 0 20681186 0
943 1 412778 1876
944 0 20233124 0
945 1 207017 896
946 0 15939826 0
947 0 21285109 0
948 1 340403 1483
949 0 22331665 0
950 0 21772620 0
951 0 21591434 0
952 0 20630145 0
953 0 17068895 0
954 0 21622386 0
955 0 20038043 0
956 0 20867773 0
957 0 20168956 0
958 0 20895624 0
959 0 21214027 0
960 0 19172056 0
961 1 36107 136
962 0 19637542 0
963 1 148896 668
964 0 19414786 0
965 0 15683391 0
966 0 19593062 0
967 0 19385919 0
968 0 20107740 0
969 0 19601250 0
970 0 19386716 0
971 0 22787306 0
972 0 19854710 0
973 0 19040000 0
974 0 18856295 0
975 0 19964071 0
976 0 20379783 0
977 0 19315834 0
978 0 18799727 0
979 0 20962271 0
980 0 21165785 0
981 0 15719985 0
982 0 20129634 0
983 0 22381899 0
984 1 199781 878
985 0 21577705 0
986 0 22423937 0
987 0 23009999 0
988 0 22452765 0
989 1 425794 1918
990 0 21200682 0
991 0 21131661 0
992 0 18448286 0
993 0 19637159 0
994 1 81137 376
995 0 18606532 0
996 0 19789312 0
997 0 15758955 0
998 0 19345722 0
999 0 21187565 0
1000 0 17772313 0
1001 1 311643 1403
1002 1 225010 1023
1003 0 20692415 0
1004 1 220318 970
1005 0 22304618 0
1006 0 19860105 0
1007 1 57071 240
1008 1 44505 191
1009 0 22227807 0
1010 0 15483735 0
1011 0 22176967 0
1012 1 33609 123
1013 1 55345 238
1014 0 19575159 0
1015 0 20598353 0
1016 0 21875876 0
1017 0 20060489 0
1018 0 20874872 0
1019 0 20251275 0
1020 0 22294554 0
1021 0 21056682 0
1022 0 22676456 0
1023 0 15714112 0
1024 0 20174881 0
1025 1 16766 40
1026 0 19638905 0
1027 0 20349689 0
1028 0 21746684 0
1029 0 19737873 0
1030 0 19071678 0
1031 0 19397425 0
1032 0 19327746 0
1033 0 20332230 0
1034 0 22364263 0
1035 0 22190378 0
1036 0 22574683 0
1037 0 20930660 0
1038 0 21295713 0
1039 1 15153 40
1040 0 20027465 0
1041 0 15591383 0
1042 0 20107965 0
1043 0 19606012 0
1044 0 19729775 0
1045 0 19363874 0
1046 1 452639 2056
1047 0 22717893 0
1048 0 21599168 0
1049 0 20799376 0
1050 0 20281946 0
1051 0 15954765 0
1052 0 19515568 0
1053 0 20129457 0
1054 0 19794645 0
1055 0 19988326 0
1056 0 19648297 0
1057 0 18912700 0
1058 0 22306168 0
1059 0 18514038 0
1060 0 22142306 0
1061 0 20642301 0
1062 0 19244400 0
1063 1 143324 647
1064 0 19096877 0
1065 1 149208 671
1066 0 19153807 0
1067 1 100355 398
1068 0 18742367 0
1069 0 19741770 0
1070 0 18954303 0
1071 0 19638963 0
1072 0 15161422 0
1073 0 20361722 0
1074 0 20027494 0
1075 0 19127079 0
1076 0 19503601 0
1077 0 20172098 0
1078 1 235802 1056
1079 0 18464627 0
1080 0 19628854 0
1081 1 181011 798
1082 0 19171451 0
1083 0 19395989 0
1084 0 18957561 0
1085 1 49079 189
1086 0 18979747 0
1087 0 15596135 0
1088 0 15703046 0
1089 0 19826463 0
1090 0 22848661 0
1091 1 114313 477
1092 0 22611497 0
1093 0 22293601 0
1094 1 114428 492
1095 0 18738587 0
1096 0 19552837 0
1097 0 18514323 0
1098 0 18539922 0
1099 0 18389427 0
1100 0 19261393 0
1101 1 121579 535
1102 0 15622723 0
1103 0 18839357 0
1104 0 19544231 0
1105 1 83381 357
1106 0 15706478 0
1107 0 19114744 0
1108 0 19183353 0
1109 0 20207161 0
1110 0 20135156 0
1111 0 15549019 0
1112 0 21258006 0
1113 0 19538671 0
1114 0 22235218 0
1115 0 18922836 0
1116 0 19421002 0
1117 0 18917470 0
1118 0 19180332 0
1119 0 19573280 0
1120 1 219673 983
1121 0 15399827 0
1122 0 20162618 0
1123 0 19608820 0
1124 0 18790909 0
1125 1 45191 179
1126 0 19664603 0
1127 1 79696 343
1128 0 19296944 0
1129 0 18844446 0
1130 0 19728027 0
1131 0 20430423 0
1132 1 361607 1647
1133 1 85221 374
1134 0 21044407 0
1135 0 22263082 0
1136 1 301510 1337
1137 0 20771647 0
1138 1 189046 840
1139 0 19550769 0
1140 1 109909 472
1141 1 266024 1213
1142 0 18619397 0
1143 1 8464 18
1144 0 22355201 0
1145 0 21158429 0
1146 0 19955291 0
1147 0 20690377 0
1148 1 230339 1036
1149 1 61948 272
1150 0 20184715 0
1151 1 29071 99
1152 0 22152318 0
1153 0 21237429 0
1154 1 359846 1633
1155 0 21273478 0
1156 0 21868739 0
1157 0 20658596 0
1158 1 251661 1127
1159 0 15681097 0
1160 1 51170 206
1161 0 19217413 0
1162 1 123875 551
1163 0 18696936 0
1164 0 19089540 0
1165 0 18886141 0
1166 0 18986973 0
1167 0 19193299 0
1168 0 19992599 0
1169 0 19939378 0
1170 0 19891103 0
1171 0 15468476 0
1172 0 22597462 0
1173 0 15724033 0
1174 0 19389065 0
1175 0 20693376 0
1176 0 19717498 0
1177 0 21003015 0
1178 1 21140 62
1179 0 19205447 0
1180 0 20031018 0
1181 0 16080055 0
1182 0 15544570 0
1183 0 15688170 0
1184 0 19134286 0
1185 0 19423913 0
1186 0 21744967 0
1187 0 22623043 0
1188 1 48762 185
1189 0 20591443 0
1190 0 22859554 0
1191 1 81743 331
1192 0 20907996 0
1193 0 19631531 0
1194 0 19089114 0
1195 0 20635921 0
1196 0 22453263 0
1197 0 20582652 0
1198 0 21465094 0
1199 0 22586988 0
0 0 18908758 0
1 0 19575282 0
2 0 19986550 0
3 0 19742537 0
4 0 19781136 0
5 0 20124734 0
6 0 19040290 0
7 0 19176762 0
8 0 21271952 0
9 1 239101 1081
10 0 19603194 0
11 0 19170112 0
12 0 19241471 0
13 1 101660 444
14 0 19257134 0
15 0 18447937 0
16 0 19757785 0
17 1 127477 556
18 0 20110908 0
19 0 19084056 0
20 1 65184 245
21 0 19726516 0
22 0 19503020 0
23 1 210382 942
24 0 21124189 0
25 0 19428633 0
26 0 19247185 0
27 0 18533830 0
28 0 18256857 0
29 0 18465491 0
30 0 19136572 0
31 0 22629803 0
32 0 19786383 0
33 0 22495151 0
34 0 22165880 0
35 0 22246899 0
36 0 15562506 0
37 0 18919193 0
38 0 20780830 0
39 0 19660434 0
40 0 19530101 0
41 0 18492052 0
42 0 20045576 0
43 0 19152318 0
44 1 118090 511
45 0 19803542 0
46 1 49476 207
47 0 18626199 0
48 0 19244912 0
49 0 23214229 0
50 0 19338551 0
51 0 19794888 0
52 0 15689252 0
53 0 22147506 0
54 0 15462750 0
55 0 15361569 0
56 0 21487481 0
57 0 19539607 0
58 0 21473595 0
59 0 20705615 0
60 1 216573 945
61 1 210219 959
62 0 20143230 0
63 0 21077712 0
64 0 19322344 0
65 0 22695261 0
66 0 21582039 0
67 0 20122588 0
68 0 15668699 0
69 0 19917698 0
70 0 19134040 0
71 0 19491397 0
72 0 20284354 0
73 1 37346 132
74 0 18961715 0
75 0 21120020 0
76 0 15671378 0
77 0 18574383 0
78 0 15421049 0
79 0 19062096 0
80 0 21808858 0
81 0 19552412 0
82 0 19599347 0
83 0 19694309 0
84 0 19072552 0
85 0 20581706 0
86 0 21128911 0
87 0 20485495 0
88 0 20003439 0
89 0 18744361 0
90 0 19622829 0
91 0 21088231 0
92 0 19800386 0
93 0 19558292 0
94 1 141315 605
95 0 19797499 0
96 0 21478586 0
97 0 22770687 0
98 0 19708294 0
99 0 19395188 0
100 0 21452885 0
101 0 22458457 0
102 0 20618630 0
103 0 19766148 0
104 1 189616 845
105 1 318624 1457
106 0 22690890 0
107 0 20482960 0
108 0 18948240 0
109 0 20438016 0
110 0 19646090 0
111 1 151201 667
112 0 15654913 0
113 0 19560974 0
114 0 21151230 0
115 0 20410348 0
116 1 263472 1192
117 1 80128 397
118 0 19953629 0
119 0 20336922 0
120 0 15361229 0
121 0 18959434 0
122 0 19450855 0
123 0 19379825 0
124 0 18702542 0
125 1 95970 429
126 0 19343541 0
127 1 49280 201
128 0 19558870 0
129 0 18834676 0
130 0 19541191 0
131 0 19740700 0
132 0 21043167 0
133 0 19761969 0
134 0 19806761 0
135 1 94911 413
136 0 15387728 0
137 0 19033323 0
138 0 19480748 0
139 1 165953 829
140 1 215839 957
141 1 11561 41
142 0 21424389 0
143 0 20705343 0
144 0 19943059 0
145 0 19203851 0
146 0 22373913 0
147 0 19713158 0
148 0 18212392 0
149 0 20579776 0
150 1 175310 717
151 0 19670268 0
152 0 21211673 0
153 0 20362990 0
154 0 19232241 0
155 0 18483150 0
156 1 496977 2257
157 0 19645956 0
158 0 19524498 0
159 0 20251097 0
160 1 263029 1173
161 0 21573440 0
162 0 21873459 0
163 0 19336104 0
164 0 20460515 0
165 0 20705988 0
166 0 19879011 0
167 0 20057096 0
168 0 21155191 0
169 1 135033 600
170 0 19644426 0
171 0 19371534 0
172 1 78588 330
173 0 19216404 0
174 0 18879557 0
175 1 172617 720
176 1 163680 715
177 0 20082908 0
178 1 116382 472
179 0 19240256 0
180 0 19717022 0
181 0 19758643 0
182 0 19227739 0
183 0 20982470 0
184 0 22357955 0
185 0 22305238 0
186 0 21071059 0
187 0 15708073 0
188 0 20055711 0
189 1 165424 732
190 1 16445 60
191 0 20297010 0
192 0 20210096 0
193 0 21576219 0
194 0 19344799 0
195 0 18951831 0
196 0 20718835 0
197 0 19615835 0
198 1 213088 928
199 0 19992504 0
200 0 18544073 0
201 0 19601349 0
202 0 21810485 0
203 0 21205604 0
204 0 19425147 0
205 0 15696783 0
206 0 19583508 0
207 0 18755507 0
208 0 18817500 0
209 0 21265590 0
210 1 70475 280
211 0 19474990 0
212 0 20724242 0
213 0 19133852 0
214 0 20625078 0
215 0 20151124 0
216 0 19154542 0
217 0 15634413 0
218 0 18783838 0
219 0 18311501 0
220 0 22658131 0
221 0 19957111 0
222 0 18826181 0
223 0 19050244 0
224 0 19716820 0
225 0 21103440 0
226 0 19427142 0
227 0 19369428 0
228 0 21810072 0
229 0 20700479 0
230 0 20871511 0
231 0 15546579 0
232 0 22034341 0
233 0 15674279 0
234 0 19677837 0
235 0 19090428 0
236 0 19775944 0
237 0 20718966 0
238 0 22807479 0
239 0 20328587 0
240 0 20273465 0
241 0 20122007 0
242 0 18606254 0
243 0 21978002 0
244 0 18916358 0
245 0 18946722 0
246 0 19154263 0
247 0 18452439 0
248 0 15700737 0
249 0 19084771 0
250 0 22475681 0
251 0 20628524 0
252 0 19154530 0
253 0 18346440 0
254 0 19256080 0
255 1 93628 408
256 0 19221652 0
257 1 192363 853
258 0 18394557 0
259 0 19445496 0
260 0 20092595 0
261 0 19619806 0
262 0 19875214 0
263 0 22041243 0
264 0 21307810 0
265 0 15388070 0
266 0 20351702 0
267 0 22674675 0
268 1 176523 792
269 0 21881173 0
270 0 21600010 0
271 0 20229464 0
272 0 21107352 0
273 0 20368928 0
274 0 22429228 0
275 0 21907189 0
276 1 232968 1028
277 0 21992534 0
278 0 15245926 0
279 0 20694111 0
280 0 19029680 0
281 0 20917923 0
282 0 19526977 0
283 1 141698 628
284 0 18128430 0
285 1 337251 1546
286 0 18963965 0
287 0 19214365 0
288 0 16036976 0
289 0 18804826 0
290 0 19723131 0
291 0 19326515 0
292 0 19030311 0
293 0 20329298 0
294 0 20255917 0
295 1 52714 206
296 0 22342082 0
297 0 21781858 0
298 1 83054 314
299 0 20598523 0
300 1 482635 2190
301 0 19755430 0
302 0 19492762 0
303 0 21252008 0
304 0 19986867 0
305 0 18707498 0
306 0 21532805 0
307 0 22791897 0
308 0 22708460 0
309 0 21899594 0
310 0 20680662 0
311 0 21004545 0
312 0 20434306 0
313 0 20043649 0
314 0 22208046 0
315 0 20339663 0
316 0 22144670 0
317 0 19325371 0
318 0 21280199 0
319 0 21596201 0
320 0 15680048 0
321 0 17913205 0
322 0 15550439 0
323 0 18926937 0
324 0 18910574 0
325 1 473721 2153
326 1 278552 1268
327 0 21425553 0
328 1 262449 1163
329 1 283242 1287
330 0 20179417 0
331 0 18653402 0
332 1 60288 253
333 0 19954869 0
334 0 22498741 0
335 0 22224351 0
336 1 336979 1751
337 0 19309597 0
338 0 15422177 0
339 0 21504164 0
340 0 21229666 0
341 0 22673782 0
342 0 15314594 0
343 0 19222432 0
344 0 19233576 0
345 0 22247025 0
346 0 20016864 0
347 0 19175047 0
348 0 19603584 0
349 0 18984476 0
350 0 21521229 0
351 0 22740833 0
352 0 20745366 0
353 0 21499841 0
354 0 19800611 0
355 1 356651 1831
356 0 15813272 0
357 0 19301472 0
358 0 22156031 0
359 0 22282502 0
360 0 19207363 0
361 0 18962124 0
362 1 255802 1147
363 0 20383741 0
364 0 15773214 0
365 0 20531250 0
366 0 22800550 0
367 1 262640 1199
368 0 20049687 0
369 0 21519569 0
370 0 15348233 0
371 0 19730908 0
372 0 19157244 0
373 1 40168 161
374 0 18530818 0
375 0 19631707 0
376 1 88213 366
377 0 19789097 0
378 0 19282464 0
379 0 20456748 0
380 0 15697020 0
381 0 15335998 0
382 0 19117153 0
383 1 83281 368
384 0 20634218 0
385 0 19077371 0
386 0 20394039 0
387 0 19312418 0
388 0 20136139 0
389 0 21854857 0
390 0 19971983 0
391 0 22222885 0
392 0 15896833 0
393 0 20890521 0
394 1 182813 819
395 0 19573403 0
396 0 21588430 0
397 0 20956721 0
398 0 15445732 0
399 1 117221 489
400 0 18423950 0
401 1 277315 1248
402 0 19637052 0
403 0 18539110 0
404 0 19069194 0
405 0 21027725 0
406 0 22426694 0
407 0 20410355 0
408 0 21068867 0
409 0 15969671 0
410 0 19475568 0
411 0 18660337 0
412 0 19028459 0
413 0 15524449 0
414 0 19510514 0
415 0 20304265 0
416 0 19460866 0
417 0 19801461 0
418 0 20364793 0
419 0 20747786 0
420 0 15338461 0
421 1 76286 301
422 0 21910696 0
423 0 19194287 0
424 0 19297231 0
425 0 19052224 0
426 0 18736819 0
427 1 313755 1433
428 0 22773222 0
429 0 22785675 0
430 0 20203112 0
431 1 82890 352
432 0 19681386 0
433 1 327137 1467
434 0 21388836 0
435 0 21280253 0
436 0 19924207 0
437 0 19202629 0
438 0 15383014 0
439 0 19924228 0
440 0 20769161 0
441 0 19117286 0
442 0 20215960 0
443 0 16678028 0
444 0 19229562 0
445 0 19920605 0
446 0 19864225 0
447 0 18155399 0
448 0 19329131 0
449 0 21093791 0
450 0 18540626 0
451 0 18602289 0
452 0 19719349 0
453 0 19827249 0
454 0 20440401 0
455 0 19368702 0
456 0 18854770 0
457 1 155761 678
458 1 539913 2484
459 0 18724192 0
460 0 19152762 0
461 0 19078091 0
462 0 20158825 0
463 0 18869704 0
464 0 20963379 0
465 0 22833054 0
466 0 19251874 0
467 0 20710758 0
468 1 87283 371
469 0 20163930 0
470 0 22867080 0
471 0 21632337 0
472 0 21787872 0
473 0 19751478 0
474 0 15811798 0
475 1 361504 1643
476 0 20501494 0
477 1 323335 1478
478 0 20339574 0
479 1 188800 847
480 1 175960 797
481 1 645406 2980
482 0 20236412 0
483 0 18801733 0
484 0 20338344 0
485 0 21319490 0
486 0 19278715 0
487 0 19693768 0
488 0 19979799 0
489 0 21824783 0
490 0 20241670 0
491 0 19480842 0
492 0 19673599 0
493 0 15518432 0
494 0 19559437 0
495 0 19677168 0
496 0 20258179 0
497 0 19540513 0
498 0 19283989 0
499 0 22230075 0
500 0 22610908 0
501 0 20060505 0
502 0 19938106 0
503 0 19917216 0
504 0 21140626 0
505 0 21447094 0
506 1 81441 327
507 0 20033063 0
508 0 19337541 0
509 0 19477683 0
510 0 18630144 0
511 0 21959243 0
512 0 21852980 0
513 0 22233665 0
514 0 21603338 0
515 1 455323 2071
516 0 20967335 0
517 0 18804225 0
518 1 155363 631
519 0 22058803 0
520 0 20165098 0
521 1 55627 203
522 0 22514787 0
523 0 19776881 0
524 0 19293635 0
525 0 16026353 0
526 0 18979962 0
527 0 21229519 0
528 0 21288583 0
529 0 20486287 0
530 0 20403707 0
531 1 181210 810
532 0 22778508 0
533 1 18265 65
534 1 76365 337
535 0 22393789 0
536 0 20436102 0
537 0 20882619 0
538 0 20817976 0
539 0 20643434 0
540 0 19769376 0
541 0 19060125 0
542 0 22321568 0
543 0 21092392 0
544 0 15644833 0
545 0 19931606 0
546 0 21186818 0
547 0 19393521 0
548 0 20138270 0
549 0 20580545 0
550 0 19566208 0
551 0 19853466 0
552 0 18983645 0
553 0 20961416 0
554 1 95893 413
555 1 84181 371
556 0 19059528 0
557 0 19877823 0
558 0 19348781 0
559 0 18574309 0
560 0 15641994 0
561 0 19106619 0
562 0 15955853 0
563 0 18447057 0
564 0 19419122 0
565 0 18880221 0
566 1 398851 1832
567 0 19727237 0
568 0 19732567 0
569 0 20348349 0
570 0 19020605 0
571 0 20107194 0
572 1 78414 309
573 0 22373103 0
574 0 20291658 0
575 0 19073417 0
576 0 20325720 0
577 1 355928 1617
578 1 71803 305
579 0 20766379 0
580 0 20186575 0
581 0 17927828 0
582 0 15679975 0
583 0 19207288 0
584 0 19597799 0
585 0 18867617 0
586 0 18867090 0
587 0 15592728 0
588 0 19608978 0
589 0 19720471 0
590 0 18717075 0
591 1 24728 81
592 0 18241191 0
593 0 19327666 0
594 0 18910441 0
595 0 19609988 0
596 0 20184569 0
597 0 19858791 0
598 0 19522500 0
599 0 19356052 0
600 0 15588637 0
601 0 20460150 0
602 0 19180824 0
603 0 19255068 0
604 0 20480781 0
605 0 18570225 0
606 0 18856824 0
607 1 181899 815
608 0 19568669 0
609 0 19795983 0
610 1 88331 377
611 0 15716755 0
612 0 18911763 0
613 0 19567111 0
614 1 43953 161
615 0 22216483 0
616 0 19069692 0
617 0 19194776 0
618 0 19486532 0
619 0 22640440 0
620 0 19518490 0
621 0 18800991 0
622 0 19227997 0
623 0 19386604 0
624 0 15986613 0
625 0 19463222 0
626 1 366237 1667
627 0 17602529 0
628 0 20889316 0
629 0 19621776 0
630 0 20636435 0
631 0 22148279 0
632 0 19841940 0
633 1 268949 1214
634 0 19424958 0
635 1 154015 682
636 0 19704548 0
637 0 19380551 0
638 0 19901808 0
639 0 19458877 0
640 0 19758478 0
641 0 19339364 0
642 0 18966168 0
643 0 19210624 0
644 0 18934450 0
645 0 19668315 0
646 0 15769917 0
647 0 20631174 0
648 0 19011346 0
649 0 15647113 0
650 0 15476845 0
651 0 19705468 0
652 0 19320021 0
653 0 19281196 0
654 0 21001168 0
655 0 19519499 0
656 0 19330363 0
657 0 19331017 0
658 0 19261949 0
659 0 15675779 0
660 0 19528651 0
661 0 19757529 0
662 0 19866804 0
663 1 130183 565
664 0 18448050 0
665 0 19180384 0
666 1 67144 251
667 0 19669441 0
668 0 21020959 0
669 0 19638742 0
670 1 222386 1004
671 0 18838915 0
672 0 19193740 0
673 0 19085536 0
674 0 21824069 0
675 0 22450819 0
676 0 20380819 0
677 1 80874 350
678 0 15830810 0
679 0 20310911 0
680 0 20193688 0
681 0 19574305 0
682 1 28917 113
683 0 19611414 0
684 0 19917826 0
685 0 21448294 0
686 0 15700180 0
687 0 20825857 0
688 0 19506557 0
689 1 623961 2840
690 0 15994465 0
691 0 21568920 0
692 1 90157 370
693 1 84321 374
694 0 19376211 0
695 0 19873181 0
696 0 20451025 0
697 0 21982255 0
698 0 15551827 0
699 0 20412439 0
700 1 191752 865
701 1 222218 1002
702 0 19555972 0
703 0 15630765 0
704 1 280694 1284
705 1 65707 321
706 0 20096226 0
707 0 19613645 0
708 0 18975345 0
709 0 20154597 0
710 0 19617049 0
711 0 20130488 0
712 0 19920200 0
713 0 18622184 0
714 0 18871555 0
715 0 19384636 0
716 0 20431200 0
717 0 15963573 0
718 0 19961512 0
719 0 19092694 0
720 0 19365725 0
721 0 19993320 0
722 0 20205081 0
723 0 19325256 0
724 1 258862 1161
725 0 19507623 0
726 0 19793211 0
727 0 19260078 0
728 0 19580689 0
729 0 21636176 0
730 1 36492 131
731 0 15609595 0
732 0 21441593 0
733 0 22725519 0
734 0 21602277 0
735 1 154375 681
736 0 18855214 0
737 0 19525488 0
738 0 19645707 0
739 0 20084780 0
740 0 20472581 0
741 0 18690433 0
742 0 19534287 0
743 0 19470235 0
744 0 19050555 0
745 0 19548240 0
746 0 19586834 0
747 0 19650545 0
748 0 19507004 0
749 0 16419616 0
750 0 21758799 0
751 1 135725 592
752 0 20670717 0
753 0 16174834 0
754 0 20969024 0
755 0 15383984 0
756 0 20124634 0
757 0 19753332 0
758 0 20312453 0
759 0 20659959 0
760 0 20880654 0
761 0 21845136 0
762 0 19512559 0
763 0 18494207 0
764 0 22428883 0
765 0 22402516 0
766 0 19598824 0
767 0 20930921 0
768 0 19361978 0
769 1 18389 62
770 0 19499785 0
771 0 20714817 0
772 0 21688051 0
773 0 19699888 0
774 0 20430796 0
775 0 21012831 0
776 0 15629044 0
777 0 19635892 0
778 1 93111 385
779 0 20858694 0
780 1 146400 724
781 1 361152 1658
782 0 19686583 0
783 0 18923082 0
784 0 20471490 0
785 0 21821020 0
786 0 16033766 0
787 0 20556854 0
788 0 19713017 0
789 0 20000226 0
790 0 19445079 0
791 0 21997840 0
792 0 20428149 0
793 0 20203291 0
794 0 18851016 0
795 0 19837307 0
796 0 19981884 0
797 0 19417152 0
798 0 18979505 0
799 1 66662 283
800 1 140085 608
801 0 19954151 0
802 0 19861563 0
803 0 23141757 0
804 0 16694883 0
805 0 19975205 0
806 0 20250428 0
807 0 21583033 0
808 0 21908815 0
809 0 22899012 0
810 0 22595365 0
811 0 22416037 0
812 0 21880665 0
813 1 26202 95
814 0 15710281 0
815 0 22204818 0
816 0 22621492 0
817 0 22553402 0
818 0 15638947 0
819 0 22183464 0
820 0 21997830 0
821 0 22602479 0
822 0 15852765 0
823 0 20785532 0
824 0 21228121 0
825 0 21219251 0
826 0 15699862 0
827 0 22003016 0
828 0 21359900 0
829 0 15704169 0
830 0 22409984 0
831 1 721750 3290
832 0 15699892 0
833 0 21308771 0
834 0 18441961 0
835 0 19937197 0
836 0 19418476 0
837 0 15553753 0
838 0 20557619 0
839 0 20118053 0
840 0 20398357 0
841 0 20590526 0
842 0 20411814 0
843 0 20209954 0
844 0 22265798 0
845 0 22170886 0
846 0 22651029 0
847 0 22804717 0
848 0 15493493 0
849 0 21591211 0
850 0 20704205 0
851 1 150535 662
852 0 20858582 0
853 1 452579 2062
854 0 20307227 0
855 0 21810661 0
856 0 18714163 0
857 0 20314162 0
858 0 19857756 0
859 0 20311949 0
860 0 18323815 0
861 1 337427 1534
862 0 17903212 0
863 0 22045642 0
864 1 246279 1096
865 1 319748 1439
866 0 15457216 0
867 0 19947690 0
868 1 431884 1967
869 0 18484542 0
870 0 15393909 0
871 1 129997 571
872 0 15563954 0
873 0 19498200 0
874 0 19635723 0
875 1 125422 545
876 0 19549964 0
877 0 20253207 0
878 0 20195325 0
879 0 20757808 0
880 0 15305539 0
881 0 19371498 0
882 0 20021460 0
883 1 246723 1111
884 0 21123180 0
885 0 20059925 0
886 0 20096394 0
887 1 43598 154
888 0 20381724 0
889 0 21341051 0
890 0 21965748 0
891 0 20560354 0
892 0 20588219 0
893 0 19406737 0
894 0 19754449 0
895 0 19783011 0
896 0 15704386 0
897 1 214833 961
898 0 19494704 0
899 0 19664773 0
900 0 19572627 0
901 0 20617391 0
902 0 15514827 0
903 1 149849 661
904 0 19036985 0
905 0 19416293 0
906 0 21542692 0
907 0 21228890 0
908 0 19725971 0
909 0 15429012 0
910 0 18903850 0
911 0 18507563 0
912 1 342649 1498
913 0 19793743 0
914 0 21521857 0
915 0 20356455 0
916 1 302696 1379
917 0 20873541 0
918 0 15362564 0
919 0 21745402 0
920 0 20804348 0
921 0 15769380 0
922 0 19639723 0
923 0 19920283 0
924 0 19388751 0
925 0 20706486 0
926 0 22220764 0
927 0 19793898 0
928 1 167277 743
929 0 19179245 0
930 0 20565649 0
931 0 19530845 0
932 0 19544544 0
933 1 12934 38
934 0 15656581 0
935 0 19663917 0
936 0 19369913 0
937 0 21238224 0
938 0 19163065 0
939 0 18693280 0
940 0 19539719 0
941 0 19096958 0
942 1 187786 821
943 0 19859475 0
944 0 21123695 0
945 0 19419694 0
946 0 19478267 0
947 0 15367696 0
948 0 19427072 0
949 0 15580263 0
950 0 22471830 0
951 1 18265 60
952 0 19936249 0
953 0 20328667 0
954 1 92535 370
955 0 19018253 0
956 1 233423 1053
957 1 196705 897
958 0 19762674 0
959 1 75278 320
960 0 20188975 0
961 1 145225 610
962 0 19264743 0
963 1 299605 1351
964 0 22207458 0
965 0 20592433 0
966 0 18807037 0
967 0 19306158 0
968 1 309567 1404
969 0 20143169 0
970 0 19358626 0
971 0 19213335 0
972 0 19439089 0
973 0 18453342 0
974 0 19788743 0
975 0 18874421 0
976 0 18860564 0
977 0 21194598 0
978 0 15316211 0
979 0 20309805 0
980 0 19914521 0
981 0 18674169 0
982 0 20158011 0
983 1 69684 300
984 0 20672238 0
985 0 19556593 0
986 0 19794702 0
987 0 19529842 0
988 0 20848728 0
989 0 19757622 0
990 0 19961369 0
991 0 19533085 0
992 0 15628831 0
993 0 20843363 0
994 0 19549305 0
995 0 19604027 0
996 0 21145525 0
997 0 19838170 0
998 0 15926436 0
999 0 19502958 0
1000 0 20706668 0
1001 0 15709190 0
1002 0 19848643 0
1003 0 22988910 0
1004 0 22549334 0
1005 1 331431 1496
1006 0 21148399 0
1007 0 21376497 0
1008 0 22561399 0
1009 0 20007810 0
1010 0 23036965 0
1011 1 14507 34
1012 0 22393981 0
1013 0 20163917 0
1014 0 20036006 0
1015 0 20587098 0
1016 0 22609048 0
1017 0 22660752 0
1018 0 22262820 0
1019 0 22407065 0
1020 0 19982085 0
1021 0 20517349 0
1022 0 22832384 0
1023 0 21378899 0
1024 1 144218 632
1025 1 235854 1078
1026 0 21475005 0
1027 0 20606834 0
1028 0 20935260 0
1029 0 20537082 0
1030 0 22538699 0
1031 0 22369457 0
1032 0 22478940 0
1033 0 21957905 0
1034 0 19749678 0
1035 0 18963477 0
1036 0 15684852 0
1037 0 19432915 0
1038 1 473211 2179
1039 0 19158398 0
1040 0 19638302 0
1041 0 15675624 0
1042 0 19884895 0
1043 0 21684554 0
1044 0 20892905 0
1045 0 21140979 0
1046 0 15652808 0
1047 0 20404956 0
1048 0 15410374 0
1049 0 20811968 0
1050 0 20906458 0
1051 0 20984206 0
1052 0 20454921 0
1053 0 20567082 0
1054 0 22741100 0
1055 0 21763881 0
1056 0 20931936 0
1057 0 20002369 0
1058 0 19709588 0
1059 1 298526 1351
1060 0 19149113 0
1061 0 15585429 0
1062 1 129033 541
1063 0 19045034 0
1064 0 20342908 0
1065 0 20592159 0
1066 0 19473098 0
1067 0 19783830 0
1068 0 21043411 0
1069 0 18857832 0
1070 0 19678427 0
1071 0 20423301 0
1072 0 19221198 0
1073 1 201814 898
1074 1 85791 381
1075 0 18838396 0
1076 0 19747079 0
1077 0 18534904 0
1078 0 15514764 0
1079 0 19259368 0
1080 0 20815936 0
1081 0 19908488 0
1082 0 19591118 0
1083 0 18711025 0
1084 0 19298353 0
1085 0 19537534 0
1086 0 19287612 0
1087 0 20045410 0
1088 0 20373039 0
1089 0 20461507 0
1090 1 199371 887
1091 0 20462938 0
1092 1 528995 2385
1093 1 113523 512
1094 0 20178386 0
1095 0 21679450 0
1096 0 20129325 0
1097 0 19725164 0
1098 0 19400672 0
1099 1 528568 2432
1100 0 22534441 0
1101 1 168695 841
1102 0 20780192 0
1103 0 18989662 0
1104 0 16005717 0
1105 1 111162 489
1106 0 19764663 0
1107 0 19089262 0
1108 0 19491194 0
1109 1 105292 452
1110 0 19671694 0
1111 0 15913297 0
1112 0 18582609 0
1113 0 19420725 0
1114 0 19221044 0
1115 0 19127566 0
1116 0 22246976 0
1117 0 20682309 0
1118 0 19940359 0
1119 0 22821350 0
1120 0 21854203 0
1121 0 20058101 0
1122 0 19759132 0
1123 0 20170366 0
1124 1 257506 1158
1125 0 19241873 0
1126 0 21120278 0
1127 0 21200380 0
1128 1 152874 648
1129 0 19704793 0
1130 0 19453669 0
1131 0 22189700 0
1132 0 22290974 0
1133 0 20266273 0
1134 0 21213214 0
1135 0 21314513 0
1136 0 22748965 0
1137 0 19699983 0
1138 0 19126935 0
1139 0 20769465 0
1140 0 15819232 0
1141 0 19375386 0
1142 0 20590059 0
1143 0 19668429 0
1144 0 19760170 0
1145 0 20046374 0
1146 0 19853711 0
1147 0 15684043 0
1148 0 18665331 0
1149 0 19260261 0
1150 0 15795086 0
1151 0 18375386 0
1152 0 21135649 0
1153 0 21637041 0
1154 0 19905957 0
1155 1 467542 2161
1156 0 20709807 0
1157 0 15507881 0
1158 0 18938608 0
1159 0 19683212 0
1160 0 19501939 0
1161 0 15649657 0
1162 0 19168702 0
1163 1 252841 1140
1164 0 18707078 0
1165 0 18775219 0
1166 0 19784222 0
1167 0 20270668 0
1168 1 15540 38
1169 1 191950 876
1170 0 19117036 0
1171 0 22550544 0
1172 0 21797194 0
1173 0 21067307 0
1174 0 19063653 0
1175 0 21155366 0
1176 0 19368646 0
1177 0 20345934 0
1178 0 18425429 0
1179 0 18626135 0
1180 0 16081625 0
1181 0 21457108 0
1182 0 20274842 0
1183 0 19294143 0
1184 0 19030566 0
1185 1 249659 1118
1186 0 19629848 0
1187 0 19012617 0
1188 0 15661738 0
1189 0 19331727 0
1190 1 29930 103
1191 1 41190 170
1192 0 19151479 0
1193 0 20652539 0
1194 0 18844643 0
1195 0 19510043 0
1196 0 20499335 0
1197 0 20122076 0
1198 0 15623598 0
1199 0 20289186 0
0 1 90936 416
1 0 18953521 0
2 1 141558 607
3 0 19544427 0
4 0 20066039 0
5 0 20919131 0
6 0 22698344 0
7 0 22077911 0
8 0 15653018 0
9 0 19663185 0
10 0 21181019 0
11 0 19416932 0
12 0 19091790 0
13 0 20947558 0
14 0 19323466 0
15 0 19054099 0
16 0 19065354 0
17 1 115380 516
18 0 18833488 0
19 0 15931823 0
20 0 19803722 0
21 0 19431281 0
22 0 18938962 0
23 0 20152580 0
24 0 20270240 0
25 0 21236216 0
26 0 20295717 0
27 0 21610105 0
28 0 21290792 0
29 1 65058 269
30 0 19215313 0
31 0 19723270 0
32 0 19526619 0
33 1 97980 471
34 0 20279453 0
35 0 19861603 0
36 0 20986886 0
37 0 20884709 0
38 0 19502412 0
39 0 22167551 0
40 0 20465323 0
41 0 18915374 0
42 0 18847466 0
43 0 20226200 0
44 0 20637697 0
45 0 20168786 0
46 0 15770464 0
47 0 19037450 0
48 0 18870796 0
49 0 21941303 0
50 0 18900656 0
51 0 15823596 0
52 0 19310460 0
53 0 20764836 0
54 0 18672177 0
55 0 19956945 0
56 0 19689290 0
57 0 18567283 0
58 0 22264140 0
59 0 21424916 0
60 1 147245 703
61 0 18722163 0
62 0 15563765 0
63 0 20449655 0
64 0 19864859 0
65 0 18357020 0
66 0 20696010 0
67 0 20081543 0
68 0 19093689 0
69 0 20642784 0
70 1 177916 783
71 1 47925 173
72 0 18641455 0
73 0 19168298 0
74 0 22747322 0
75 0 21110906 0
76 0 18917509 0
77 1 223844 1004
78 1 842421 3932
79 0 19330574 0
80 0 18725028 0
81 0 19251544 0
82 0 19926470 0
83 1 224924 1012
84 0 19861839 0
85 0 20790842 0
86 0 21861787 0
87 0 21812640 0
88 0 15515495 0
89 0 20483208 0
90 0 15667638 0
91 0 19696730 0
92 0 20382916 0
93 0 19338570 0
94 1 139771 599
95 0 22794909 0
96 1 585683 2703
97 0 20414947 0
98 0 15387935 0
99 0 22731710 0
100 0 16302104 0
101 1 381230 1737
102 0 19021329 0
103 0 19425151 0
104 0 20110278 0
105 1 218341 986
106 0 18757736 0
107 0 19570602 0
108 0 19325674 0
109 1 92959 388
110 1 304793 1397
111 0 20447987 0
112 0 18588985 0
113 0 20339323 0
114 0 18607471 0
115 0 15911888 0
116 0 19365213 0
117 0 19968594 0
118 1 80799 342
119 0 22238374 0
120 0 20065475 0
121 0 21541597 0
122 0 21279906 0
123 0 15254011 0
124 0 19327003 0
125 0 18769240 0
126 0 22230167 0
127 0 16557861 0
128 0 21028946 0
129 0 20066003 0
130 0 20702807 0
131 0 19488058 0
132 1 470877 2123
133 0 20719069 0
134 0 19995280 0
135 0 19575701 0
136 0 21171694 0
137 0 15507362 0
138 0 19950740 0
139 0 19092439 0
140 0 19761428 0
141 0 19551628 0
142 1 209265 939
143 0 19174901 0
144 0 19048087 0
145 0 20012727 0
146 0 21770710 0
147 0 15421609 0
148 0 19908120 0
149 0 22668419 0
150 1 170702 751
151 0 21080091 0
152 0 19143233 0
153 0 19539306 0
154 0 19790974 0
155 0 22154800 0
156 0 19503811 0
157 0 19424401 0
158 0 20221292 0
159 0 18591474 0
160 0 15664617 0
161 0 15662118 0
162 0 19071633 0
163 0 18793633 0
164 0 15763252 0
165 0 18570005 0
166 0 19680202 0
167 0 20066344 0
168 1 184638 813
169 0 20779458 0
170 0 18872992 0
171 0 20188698 0
172 1 191722 975
173 0 19700722 0
174 0 19753072 0
175 0 19506006 0
176 0 20982529 0
177 0 20029939 0
178 0 20932837 0
179 1 403005 1817
180 0 19631343 0
181 0 21129179 0
182 0 19862781 0
183 0 21577638 0
184 0 22467404 0
185 0 20393857 0
186 0 22762838 0
187 0 15483501 0
188 0 16040793 0
189 0 19792508 0
190 0 19700820 0
191 0 17968200 0
192 0 19550111 0
193 0 19283997 0
194 0 15647499 0
195 0 19088610 0
196 0 19149581 0
197 0 19870707 0
198 0 20718998 0
199 0 18476602 0
200 0 19363662 0
201 0 19487899 0
202 0 19877774 0
203 1 200480 897
204 0 19202583 0
205 0 19958356 0
206 0 19718178 0
207 1 232884 1050
208 0 22619677 0
209 0 21702602 0
210 0 20498766 0
211 0 18030047 0
212 0 19091624 0
213 0 19274477 0
214 1 57724 237
215 0 22186375 0
216 0 20368994 0
217 0 19316356 0
218 0 22141529 0
219 0 21573074 0
220 0 21936592 0
221 0 19155420 0
222 0 19298084 0
223 0 21128357 0
224 0 20521258 0
225 0 19767742 0
226 0 19138565 0
227 0 20273576 0
228 0 15579044 0
229 0 19626694 0
230 1 124812 629
231 0 19680918 0
232 0 15356398 0
233 0 15635837 0
234 0 15624229 0
235 0 19980371 0
236 0 19634772 0
237 1 71290 297
238 1 147333 667
239 0 19766848 0
240 1 17726 42
241 0 18543709 0
242 0 18777198 0
243 0 20916680 0
244 0 21866086 0
245 0 15491082 0
246 0 22011921 0
247 0 20992904 0
248 0 19635601 0
249 0 22186836 0
250 1 535140 2445
251 0 19390210 0
252 0 16921643 0
253 0 19072873 0
254 1 56415 225
255 1 19091 75
256 0 18724267 0
257 0 18677333 0
258 0 18543914 0
259 0 19019025 0
260 0 20625408 0
261 0 19155317 0
262 0 18692064 0
263 0 19523616 0
264 0 18664088 0
265 1 79502 334
266 0 21808029 0
267 0 20616898 0
268 0 19018385 0
269 1 508372 2345
270 1 435565 1986
271 0 21416062 0
272 0 15673785 0
273 0 23255478 0
274 0 22211502 0
275 0 21790176 0
276 0 22502154 0
277 0 19550927 0
278 0 20369437 0
279 0 20340635 0
280 1 208028 928
281 0 18911897 0
282 0 18565943 0
283 0 22284980 0
284 0 22841267 0
285 1 84237 363
286 0 20291640 0
287 0 21853414 0
288 0 23035395 0
289 0 21392315 0
290 0 22945671 0
291 1 249001 1129
292 0 21270256 0
293 0 22576506 0
294 0 22353624 0
295 0 20306683 0
296 1 221212 1135
297 0 20532005 0
298 0 20828148 0
299 0 21683812 0
300 0 21442728 0
301 0 21940327 0
302 0 22371801 0
303 1 55868 185
304 0 19970341 0
305 0 22310778 0
306 0 19074420 0
307 0 18805558 0
308 0 19512698 0
309 1 89249 387
310 0 20042942 0
311 0 15254659 0
312 0 15794600 0
313 1 49167 195
314 0 21237523 0
315 0 19264497 0
316 0 18708196 0
317 0 18567841 0
318 0 19330951 0
319 1 319121 1462
320 0 20647336 0
321 0 19406093 0
322 0 19023067 0
323 0 21745564 0
324 0 19533742 0
325 1 81737 350
326 0 18667438 0
327 0 18826867 0
328 0 19713789 0
329 0 19747445 0
330 0 15334268 0
331 0 20513240 0
332 0 19752834 0
333 0 18639588 0
334 0 18538484 0
335 0 19947097 0
336 0 19787064 0
337 0 20051854 0
338 0 18340170 0
339 1 198306 891
340 0 20269938 0
341 0 19986051 0
342 0 20197013 0
343 1 493037 2246
344 0 15936798 0
345 0 15527360 0
346 0 20338605 0
347 0 18523490 0
348 0 19207665 0
349 1 621651 2847
350 1 127074 570
351 0 20267103 0
352 0 19473525 0
353 1 46085 191
354 0 18703230 0
355 0 19903967 0
356 1 140056 608
357 0 15748355 0
358 0 20192876 0
359 0 18917144 0
360 1 21902 60
361 0 18903797 0
362 1 181278 811
363 0 22858248 0
364 0 21499624 0
365 0 15923052 0
366 0 20278808 0
367 0 20178597 0
368 1 161395 803
369 1 64079 287
370 0 22517731 0
371 0 20687535 0
372 0 21839191 0
373 0 19174873 0
374 0 19484109 0
375 0 22150467 0
376 0 20942448 0
377 0 19248861 0
378 1 80355 339
379 0 21492421 0
380 0 20018963 0
381 0 21934726 0
382 0 20434522 0
383 0 22181052 0
384 1 153438 677
385 0 21717595 0
386 0 19445697 0
387 0 19640637 0
388 0 20398226 0
389 0 21802566 0
390 0 19766464 0
391 0 19117498 0
392 0 21608559 0
393 1 124378 540
394 0 22179487 0
395 0 19472439 0
396 1 45395 173
397 1 30328 144
398 0 19071165 0
399 0 18525929 0
400 0 20486971 0
401 0 18677381 0
402 0 21993625 0
403 0 19495851 0
404 0 18490986 0
405 0 20379592 0
406 0 18911762 0
407 1 271326 1221
408 0 18763465 0
409 0 18585909 0
410 0 20535782 0
411 0 19967345 0
412 0 20396882 0
413 0 19227917 0
414 0 20561365 0
415 1 17949 50
416 1 41680 154
417 0 20410371 0
418 1 192743 835
419 0 15535816 0
420 0 18551268 0
421 1 82512 350
422 0 19092959 0
423 0 19358020 0
424 0 19572171 0
425 0 22488871 0
426 1 23890 87
427 0 21125299 0
428 0 19800851 0
429 1 100424 437
430 1 20120 79
431 0 22148807 0
432 0 19266464 0
433 0 18352963 0
434 0 15446352 0
435 0 21767765 0
436 0 19152855 0
437 0 19244423 0
438 0 21294562 0
439 0 15857393 0
440 0 19649939 0
441 1 74926 311
442 0 19858521 0
443 0 20517672 0
444 0 22351188 0
445 0 19498735 0
446 0 19983142 0
447 0 22403695 0
448 0 21039235 0
449 0 19523244 0
450 1 242395 1094
451 0 22513029 0
452 1 5497 0
453 1 102463 432
454 0 19635405 0
455 0 18468111 0
456 0 18848517 0
457 0 20845906 0
458 1 99705 475
459 0 21535865 0
460 0 15658628 0
461 0 19187693 0
462 0 19307355 0
463 0 18785749 0
464 0 16543748 0
465 0 19795153 0
466 0 19117141 0
467 0 15844468 0
468 0 19888089 0
469 0 19242120 0
470 0 21208228 0
471 1 133168 575
472 0 19748467 0
473 0 21360991 0
474 0 21428512 0
475 0 18503168 0
476 0 19498925 0
477 0 21984086 0
478 0 20985944 0
479 0 19181981 0
480 1 279612 1266
481 0 15685971 0
482 0 22138261 0
483 0 19993649 0
484 1 98093 424
485 0 23143021 0
486 1 98827 434
487 0 15478020 0
488 1 88266 433
489 0 20872910 0
490 0 19865419 0
491 0 20192966 0
492 0 22420832 0
493 0 15843616 0
494 0 15390673 0
495 0 21138600 0
496 0 21958537 0
497 0 20494461 0
498 0 20433846 0
499 0 21059042 0
500 0 22601594 0
501 0 22226213 0
502 0 22441667 0
503 0 22735277 0
504 0 23134584 0
505 0 22881516 0
506 0 22104580 0
507 0 22345468 0
508 0 20366108 0
509 0 22537285 0
510 0 20726384 0
511 0 15745813 0
512 0 19470753 0
513 1 121274 524
514 0 19412103 0
515 0 20612140 0
516 0 19204861 0
517 1 131412 578
518 1 209445 944
519 0 18734329 0
520 0 15840358 0
521 0 19074362 0
522 0 19302636 0
523 0 19502196 0
524 0 20369905 0
525 0 18540226 0
526 0 19441287 0
527 0 21769238 0
528 0 20668011 0
529 0 15946139 0
530 0 20588836 0
531 0 22282538 0
532 0 20831725 0
533 0 19540792 0
534 0 22170610 0
535 0 22369489 0
536 1 348160 1769
537 0 15656981 0
538 1 133993 591
539 0 19485456 0
540 0 15682704 0
541 0 19167719 0
542 0 19325415 0
543 0 20382280 0
544 1 102940 509
545 0 19320846 0
546 0 19522055 0
547 0 21965863 0
548 0 17279483 0
549 0 19162373 0
550 0 22136475 0
551 1 95949 416
552 0 21844500 0
553 0 21343265 0
554 0 21047779 0
555 0 15791031 0
556 0 20470405 0
557 1 114395 503
558 0 20776707 0
559 0 20639130 0
560 0 15766271 0
561 0 15452786 0
562 0 20196345 0
563 0 19224824 0
564 0 21869933 0
565 0 21363840 0
566 1 215966 973
567 0 20164631 0
568 0 19824935 0
569 0 23040423 0
570 1 172750 750
571 0 19541489 0
572 0 19635273 0
573 0 21066886 0
574 0 21285810 0
575 0 21672578 0
576 0 20328901 0
577 0 21356448 0
578 0 21566650 0
579 0 19514868 0
580 1 121624 534
581 0 21388219 0
582 0 19893323 0
583 0 20030952 0
584 0 19472194 0
585 1 109455 464
586 0 19249319 0
587 0 15681924 0
588 0 19510257 0
589 0 19408448 0
590 0 21713944 0
591 0 15799392 0
592 1 104889 418
593 0 20397047 0
594 0 21681002 0
595 1 158452 698
596 0 19448791 0
597 1 319151 1443
598 0 15739701 0
599 0 20603693 0
600 0 19102849 0
601 0 19779125 0
602 0 15682866 0
603 1 203852 900
604 0 20385237 0
605 0 21060920 0
606 0 18667203 0
607 0 18505367 0
608 1 151265 623
609 0 19054052 0
610 0 19813197 0
611 0 22343919 0
612 0 19790721 0
613 0 19176848 0
614 0 22004778 0
615 0 20387093 0
616 0 19984131 0
617 1 117016 514
618 0 19914055 0
619 0 19361727 0
620 0 20040267 0
621 0 18981423 0
622 0 19150642 0
623 0 19700233 0
624 1 5445415 25138
625 0 19735208 0
626 0 18726247 0
627 0 15615085 0
628 0 19300747 0
629 0 19304508 0
630 0 19370950 0
631 0 18920304 0
632 0 18606768 0
633 0 15862667 0
634 0 20559246 0
635 0 19593441 0
636 0 22787358 0
637 0 21525453 0
638 0 19902057 0
639 0 22673229 0
640 0 21439238 0
641 0 19080040 0
642 0 15947459 0
643 1 101795 404
644 0 19921135 0
645 0 19214513 0
646 0 22057862 0
647 1 162461 727
648 0 15692583 0
649 0 21179119 0
650 0 21037231 0
651 0 20499072 0
652 0 18476130 0
653 0 20624657 0
654 0 15853525 0
655 0 20709026 0
656 0 18340417 0
657 0 18583209 0
658 0 15806261 0
659 0 18916169 0
660 1 64703 275
661 1 80385 363
662 0 19585903 0
663 0 19073078 0
664 1 26709 87
665 0 22572109 0
666 0 21355956 0
667 1 55443 259
668 0 20629979 0
669 0 19378534 0
670 0 19742113 0
671 0 19417531 0
672 0 18851968 0
673 1 317680 1347
674 0 19838077 0
675 0 19005717 0
676 0 20862629 0
677 0 19519254 0
678 0 22531904 0
679 0 18885538 0
680 1 132445 578
681 0 21557944 0
682 0 22420262 0
683 0 22296266 0
684 0 22656787 0
685 0 18603773 0
686 0 19644701 0
687 0 20740859 0
688 0 19581587 0
689 0 21094908 0
690 0 16701588 0
691 0 19648298 0
692 0 18717148 0
693 0 19322173 0
694 0 15394454 0
695 0 20079815 0
696 0 21877896 0
697 0 22584356 0
698 0 20877225 0
699 1 254460 1299
700 0 15665894 0
701 0 20010354 0
702 0 20628952 0
703 0 20864099 0
704 0 18923395 0
705 0 22966440 0
706 0 15780691 0
707 0 20737299 0
708 0 22687976 0
709 0 22399227 0
710 1 228915 996
711 0 21055331 0
712 0 20596077 0
713 0 20564407 0
714 0 20558479 0
715 0 20376749 0
716 0 21839222 0
717 0 20361244 0
718 0 15714218 0
719 1 18447 62
720 0 20378535 0
721 1 224862 1013
722 0 19366109 0
723 0 19539727 0
724 0 20657047 0
725 0 19882703 0
726 1 501258 2313
727 0 19265089 0
728 0 18732115 0
729 0 19717834 0
730 0 19248819 0
731 0 20007468 0
732 0 19360302 0
733 1 156633 698
734 1 51400 207
735 0 18611542 0
736 0 15500492 0
737 0 19766285 0
738 0 19943707 0
739 0 15761518 0
740 0 19033464 0
741 0 19200249 0
742 0 22217578 0
743 0 21554887 0
744 0 22500606 0
745 1 321615 1452
746 0 20063247 0
747 0 21377242 0
748 0 20437734 0
749 0 20253523 0
750 0 19979648 0
751 0 19965418 0
752 0 21288527 0
753 0 19281117 0
754 1 573698 2633
755 1 34034 143
756 0 19449055 0
757 1 162304 726
758 0 21311935 0
759 0 21190789 0
760 0 21838715 0
761 0 21627621 0
762 0 15545332 0
763 0 20477591 0
764 0 20386276 0
765 0 21363041 0
766 0 22175829 0
767 0 20398244 0
768 0 20143809 0
769 0 20713461 0
770 0 20880426 0
771 0 19692108 0
772 0 19323915 0
773 0 20685489 0
774 0 19269864 0
775 0 19300360 0
776 0 20136865 0
777 1 88031 371
778 0 19970313 0
779 0 19969858 0
780 0 21180282 0
781 0 20032107 0
782 1 242749 1102
783 0 19228657 0
784 0 20483046 0
785 0 22486786 0
786 0 21679856 0
787 0 20211801 0
788 0 15660905 0
789 0 20676752 0
790 0 20712898 0
791 0 20415446 0
792 0 20313553 0
793 0 20888418 0
794 0 20813545 0
795 0 20528007 0
796 0 21721817 0
797 0 20678404 0
798 0 21477748 0
799 0 15777434 0
800 0 20621904 0
801 1 400016 1817
802 0 21056768 0
803 0 22519819 0
804 0 19204529 0
805 0 19510174 0
806 1 17745 62
807 0 19375471 0
808 0 15910440 0
809 0 22189434 0
810 0 15761401 0
811 1 218893 980
812 0 19871614 0
813 0 19453231 0
814 0 21221482 0
815 0 19914490 0
816 0 19813870 0
817 0 21041082 0
818 0 21961011 0
819 0 18510786 0
820 0 19026468 0
821 0 21002768 0
822 0 15671423 0
823 0 15658687 0
824 0 19457067 0
825 0 18270414 0
826 1 248546 1125
827 1 9729 34
828 0 19316250 0
829 0 19206952 0
830 1 297315 1343
831 0 19531927 0
832 0 18661716 0
833 1 22085 71
834 0 19889131 0
835 0 21964782 0
836 0 22129659 0
837 0 19652924 0
838 0 15522538 0
839 0 19517181 0
840 0 19845373 0
841 0 19956554 0
842 0 15535319 0
843 0 19538920 0
844 0 19095590 0
845 0 19121263 0
846 0 15869665 0
847 1 70264 281
848 0 19164509 0
849 0 15666815 0
850 0 15730443 0
851 0 21862325 0
852 0 21579085 0
853 1 195118 979
854 0 20860455 0
855 0 15511477 0
856 0 19301659 0
857 0 19292485 0
858 1 133454 578
859 0 20295868 0
860 0 18459350 0
861 0 18470077 0
862 0 15864864 0
863 0 21498589 0
864 1 17740 38
865 0 20406454 0
866 0 19305074 0
867 0 22472037 0
868 0 20605381 0
869 0 21109623 0
870 0 20519733 0
871 0 15498210 0
872 0 19989660 0
873 0 19505161 0
874 0 21901693 0
875 0 20336943 0
876 0 19367518 0
877 1 431795 1939
878 0 18854273 0
879 0 20672918 0
880 0 19891340 0
881 0 20088633 0
882 0 19729442 0
883 0 20967391 0
884 0 19039401 0
885 1 251690 1134
886 0 22042504 0
887 0 18830779 0
888 1 379437 1729
889 0 18329624 0
890 1 425398 1945
891 0 18627209 0
892 0 18916547 0
893 0 19249520 0
894 0 20107734 0
895 0 19197518 0
896 0 19225029 0
897 0 18875802 0
898 0 22296346 0
899 0 20395065 0
900 1 290224 1289
901 1 50002 184
902 0 16988549 0
903 0 21881601 0
904 1 48803 175
905 0 21288151 0
906 0 20910518 0
907 0 22656401 0
908 0 20577750 0
909 0 16682044 0
910 0 20883693 0
911 1 574664 2608
912 0 20180160 0
913 0 20785806 0
914 0 21957603 0
915 0 15376417 0
916 0 20202428 0
917 0 21487669 0
918 0 19594157 0
919 0 21104150 0
920 1 270308 1179
921 0 21027454 0
922 0 19785890 0
923 0 20281961 0
924 0 21395100 0
925 0 20909437 0
926 0 19395644 0
927 0 21351487 0
928 0 19869959 0
929 0 19877089 0
930 0 22071952 0
931 0 22125433 0
932 0 22230066 0
933 0 22247375 0
934 1 446687 2026
935 0 20838193 0
936 0 22130955 0
937 0 20965537 0
938 0 15691701 0
939 0 19799611 0
940 1 374321 1610
941 1 439067 2008
942 0 21492000 0
943 0 22144741 0
944 0 20897370 0
945 0 15468785 0
946 0 21071746 0
947 0 19949336 0
948 0 21552218 0
949 0 22039620 0
950 0 19983919 0
951 0 20096205 0
952 0 19246287 0
953 0 15644959 0
954 0 22023152 0
955 0 22069528 0
956 0 21155686 0
957 0 20620411 0
958 0 15828817 0
959 0 19387551 0
960 0 22123690 0
961 0 15735962 0
962 0 21246768 0
963 0 15717947 0
964 0 15491530 0
965 0 19224508 0
966 0 15661729 0
967 0 20868985 0
968 0 20568911 0
969 0 22615569 0
970 0 21214823 0
971 1 159632 722
972 0 18530131 0
973 0 19612141 0
974 0 15619042 0
975 0 19408223 0
976 0 21366628 0
977 0 19532863 0
978 0 21737320 0
979 1 170717 765
980 0 20167735 0
981 0 22847437 0
982 0 20664413 0
983 0 19059023 0
984 0 20395414 0
985 1 156211 677
986 1 48629 204
987 0 19993451 0
988 0 19701759 0
989 0 19328727 0
990 1 19795 54
991 0 21418636 0
992 0 19819350 0
993 0 19651284 0
994 0 22461433 0
995 0 15618846 0
996 0 20311909 0
997 0 15679530 0
998 0 18756481 0
999 0 19298362 0
1000 1 98279 437
1001 0 20177461 0
1002 0 19587863 0
1003 0 21586871 0
1004 0 21433260 0
1005 0 18982982 0
1006 0 22441907 0
1007 0 20865267 0
1008 1 34593 105
1009 1 620980 2830
1010 0 21015853 0
1011 0 21822197 0
1012 1 252919 1137
1013 1 327936 1502
1014 0 20097578 0
1015 0 20498632 0
1016 0 21751219 0
1017 0 21556353 0
1018 0 16056580 0
1019 1 78297 310
1020 0 19268805 0
1021 0 15603331 0
1022 1 70055 337
1023 0 19031885 0
1024 0 19507364 0
1025 0 20366274 0
1026 1 172709 769
1027 0 18815816 0
1028 0 21488952 0
1029 0 15428811 0
1030 0 19257091 0
1031 0 19513088 0
1032 0 19388504 0
1033 0 18602434 0
1034 0 22214891 0
1035 0 15343690 0
1036 0 21752002 0
1037 1 180799 810
1038 0 19820855 0
1039 0 18950123 0
1040 0 19200664 0
1041 0 19630904 0
1042 0 15340258 0
1043 0 19327765 0
1044 0 18583282 0
1045 1 97422 414
1046 0 19455114 0
1047 0 19661674 0
1048 0 18869411 0
1049 1 194609 872
1050 1 249293 1140
1051 0 19592914 0
1052 0 20146299 0
1053 0 20392893 0
1054 0 22643152 0
1055 0 19987710 0
1056 0 18765314 0
1057 0 15509257 0
1058 0 19578274 0
1059 0 19763913 0
1060 0 19363683 0
1061 1 375242 1694
1062 0 19900986 0
1063 0 21664051 0
1064 0 15454939 0
1065 1 321745 1444
1066 0 17797871 0
1067 0 19279391 0
1068 0 19374201 0
1069 0 22455850 0
1070 1 86133 377
1071 0 21727697 0
1072 0 22248262 0
1073 0 21099230 0
1074 0 20519852 0
1075 1 657991 2997
1076 1 392153 1790
1077 1 55938 242
1078 1 236180 999
1079 0 21250474 0
1080 0 22605752 0
1081 0 16169724 0
1082 0 20426453 0
1083 0 15865946 0
1084 0 20046465 0
1085 0 22651040 0
1086 0 20006332 0
1087 0 22349717 0
1088 0 19252341 0
1089 0 22669789 0
1090 0 21900805 0
1091 0 22254557 0
1092 0 22394668 0
1093 0 19513369 0
1094 0 20906752 0
1095 0 22027031 0
1096 0 21713271 0
1097 0 21082541 0
1098 0 21229979 0
1099 0 20197359 0
1100 0 21618900 0
1101 0 15783703 0
1102 0 22636695 0
1103 0 15505159 0
1104 0 20329775 0
1105 0 20306364 0
1106 1 122166 474
1107 1 227875 1029
1108 0 21394547 0
1109 0 18478612 0
1110 0 19238197 0
1111 1 118546 517
1112 0 21399292 0
1113 0 19880261 0
1114 0 19061897 0
1115 1 122678 537
1116 0 22675934 0
1117 0 20391095 0
1118 0 15620912 0
1119 0 20811841 0
1120 0 20687258 0
1121 1 112029 483
1122 0 15472586 0
1123 0 19402920 0
1124 0 19800584 0
1125 1 37060 126
1126 1 362773 1656
1127 0 19870672 0
1128 0 19172463 0
1129 0 19875173 0
1130 0 19293898 0
1131 0 18843420 0
1132 0 20524567 0
1133 0 22021310 0
1134 0 19929007 0
1135 0 15376242 0
1136 1 168358 736
1137 0 18958997 0
1138 0 18892873 0
1139 0 20142387 0
1140 0 15148428 0
1141 0 19660812 0
1142 0 15685960 0
1143 0 22212288 0
1144 1 593547 2705
1145 0 19208508 0
1146 0 20332245 0
1147 0 18853844 0
1148 0 19946542 0
1149 0 21023437 0
1150 0 19914468 0
1151 1 259037 1171
1152 0 19010488 0
1153 0 19107627 0
1154 0 18865867 0
1155 0 18306336 0
1156 0 19616071 0
1157 1 141053 616
1158 0 15338243 0
1159 0 19980098 0
1160 0 19255285 0
1161 0 19840432 0
1162 0 18711596 0
1163 0 18644162 0
1164 1 181285 814
1165 0 15935193 0
1166 0 19532917 0
1167 0 19671468 0
1168 0 15560530 0
1169 0 19155100 0
1170 0 18380312 0
1171 0 18952989 0
1172 0 18959522 0
1173 1 45516 161
1174 0 21670369 0
1175 0 20461263 0
1176 0 19820547 0
1177 0 20167329 0
1178 0 19301200 0
1179 0 19626215 0
1180 0 19431256 0
1181 0 19486768 0
1182 0 16178305 0
1183 0 19713555 0
1184 0 22220405 0
1185 0 22331955 0
1186 0 15606774 0
1187 0 18435812 0
1188 0 19715800 0
1189 0 19467576 0
1190 0 19469977 0
1191 0 15761359 0
1192 0 18706972 0
1193 0 21832785 0
1194 0 20700663 0
1195 1 283372 1267
1196 0 19333049 0
1197 0 19354685 0
1198 0 19134105 0
1199 0 21548556 0
