0 0 15644001 0
1 1 54857 210
2 1 262184 1199
3 0 20897564 0
4 0 22452777 0
5 1 414576 2139
6 0 22706348 0
7 0 22217633 0
8 1 17276 41
9 0 22433830 0
10 0 20287774 0
11 1 297589 1348
12 0 20445819 0
13 0 21781737 0
14 0 21878488 0
15 1 65822 248
16 0 21372185 0
17 0 19480131 0
18 0 19215719 0
19 0 19379425 0
20 0 15818167 0
21 1 244596 1233
22 0 19364723 0
23 0 19344495 0
24 0 19287130 0
25 0 19757799 0
26 0 18644330 0
27 0 19766020 0
28 0 20900041 0
29 0 21342572 0
30 0 15308302 0
31 0 19341620 0
32 0 15729388 0
33 0 19184524 0
34 1 117489 525
35 0 18842053 0
36 0 19300970 0
37 1 98876 427
38 1 509709 2346
39 0 21577849 0
40 0 19157629 0
41 1 211283 1055
42 1 581545 2684
43 0 20146811 0
44 0 18393494 0
45 0 18681299 0
46 1 272251 1229
47 0 19051272 0
48 0 15566983 0
49 0 19521271 0
50 1 114647 492
51 1 453802 2093
52 0 19495063 0
53 1 90687 418
54 0 21574659 0
55 0 20337931 0
56 1 577200 2657
57 0 15627886 0
58 1 527408 2410
59 0 19124526 0
60 1 124710 549
61 0 18673298 0
62 0 20771303 0
63 0 15592601 0
64 0 19319120 0
65 0 15841015 0
66 1 332644 1699
67 0 19081312 0
68 0 19215814 0
69 1 135302 663
70 0 23018447 0
71 0 22495089 0
72 1 70428 293
73 1 344535 1571
74 0 23014379 0
75 0 15584400 0
76 0 22685975 0
77 0 20203842 0
78 0 20719645 0
79 1 51052 199
80 0 21948904 0
81 1 162324 707
82 0 20099579 0
83 1 181424 807
84 0 20721402 0
85 1 277374 1243
86 1 290211 1322
87 0 19916789 0
88 1 850467 3890
89 1 441377 2016
90 1 65896 290
91 0 22716144 0
92 0 15877025 0
93 0 15542561 0
94 1 67290 287
95 1 55231 266
96 0 19990997 0
97 0 20583546 0
98 1 351425 1792
99 0 20765458 0
100 0 22453899 0
101 0 15997040 0
102 0 22051548 0
103 0 20615666 0
104 1 286595 1296
105 0 21186101 0
106 0 15615202 0
107 0 21634183 0
108 0 20658424 0
109 0 19864661 0
110 1 129576 652
111 0 22102965 0
112 0 19142106 0
113 0 16038804 0
114 1 540908 2467
115 0 22617856 0
116 0 19362510 0
117 0 15615805 0
118 0 20273270 0
119 0 20135634 0
120 0 15465865 0
121 1 12399 17
122 0 21087342 0
123 0 19910397 0
124 0 19322302 0
125 0 19737339 0
126 1 259944 1322
127 0 21637911 0
128 1 104006 433
129 0 20620982 0
130 0 18915178 0
131 0 15885567 0
132 0 19975313 0
133 1 76488 346
134 0 19485665 0
135 0 18895940 0
136 0 22927359 0
137 0 22091034 0
138 1 209916 941
139 0 20241006 0
140 1 242827 1079
141 0 20349337 0
142 0 18936591 0
143 0 21115019 0
144 1 120488 505
145 0 18960014 0
146 1 143136 634
147 0 19462978 0
148 0 19271930 0
149 1 335920 1510
150 0 18896585 0
151 1 7951 15
152 0 19319592 0
153 1 197478 875
154 0 19210836 0
155 0 19580542 0
156 0 15962120 0
157 0 15653699 0
158 0 22827819 0
159 1 394711 1792
160 0 20523566 0
161 0 19222171 0
162 1 176976 789
163 0 19542234 0
164 0 19589421 0
165 1 824299 3781
166 1 62369 268
167 0 20439810 0
168 0 22522782 0
169 0 15491138 0
170 0 20552835 0
171 0 21641920 0
172 0 19932926 0
173 0 22295090 0
174 1 378315 1681
175 0 22519312 0
176 1 143016 640
177 1 10992 32
178 0 22634932 0
179 0 15474438 0
180 1 946609 4361
181 0 19561612 0
182 0 19077986 0
183 0 18979881 0
184 1 203606 916
185 1 19110 73
186 0 21944715 0
187 1 155636 674
188 0 15529443 0
189 1 916269 4182
190 0 20142347 0
191 0 21195645 0
192 0 18920718 0
193 1 284963 1284
194 0 19165179 0
195 1 170430 753
196 0 17625015 0
197 0 15273600 0
198 1 184119 834
199 1 67810 289
200 0 19277097 0
201 0 19957377 0
202 0 15378100 0
203 1 654873 3418
204 0 19209480 0
205 0 17984656 0
206 0 20624181 0
207 1 258203 1173
208 0 19213942 0
209 0 20414914 0
210 0 19654119 0
211 0 19061374 0
212 0 18983533 0
213 0 19640541 0
214 1 56777 216
215 1 97382 488
216 0 15289033 0
217 0 15695700 0
218 1 43345 165
219 0 20193978 0
220 0 18890377 0
221 0 18761068 0
222 1 44262 171
223 1 106949 481
224 1 128448 554
225 0 21495843 0
226 0 22400197 0
227 0 19586426 0
228 0 20302521 0
229 0 22154502 0
230 0 20377501 0
231 1 793481 3607
232 0 15454964 0
233 1 347336 1539
234 0 19643668 0
235 1 46471 148
236 0 19945021 0
237 0 19736623 0
238 0 15610376 0
239 1 148681 594
240 0 15519767 0
241 1 918027 4223
242 1 427103 2228
243 0 19042555 0
244 0 22238373 0
245 0 20833223 0
246 0 22620698 0
247 0 22479719 0
248 0 21868732 0
249 0 15612893 0
250 0 22614800 0
251 0 20600195 0
252 0 20363373 0
253 1 314508 1434
254 1 147413 657
255 1 13975 19
256 0 19485563 0
257 0 19395466 0
258 0 15306850 0
259 1 229894 1033
260 0 19894259 0
261 0 15564574 0
262 0 19335687 0
263 0 20157619 0
264 1 116164 512
265 0 20386174 0
266 0 19852651 0
267 1 77072 320
268 0 20286774 0
269 1 619757 2849
270 0 19948363 0
271 0 20242234 0
272 1 96148 423
273 1 500750 2306
274 1 12210 40
275 0 19867658 0
276 0 22570928 0
277 0 15520357 0
278 0 20476171 0
279 0 19291747 0
280 0 23113014 0
281 0 19228280 0
282 0 20151994 0
283 0 15676894 0
284 0 16228029 0
285 0 19381312 0
286 1 257204 1298
287 1 375332 1715
288 1 29392 118
289 0 20496009 0
290 1 778127 3580
291 0 15764356 0
292 0 19201326 0
293 0 15547241 0
294 0 22067900 0
295 0 22036321 0
296 0 21341296 0
297 0 21228707 0
298 0 19715068 0
299 0 15216234 0
300 0 20913432 0
301 0 18658663 0
302 1 148071 652
303 0 18928263 0
304 0 19323819 0
305 0 15809042 0
306 0 15551822 0
307 0 19439724 0
308 0 20449445 0
309 0 19505068 0
310 1 238074 1085
311 1 7650 18
312 1 1187460 5444
313 0 19206171 0
314 1 242307 1059
315 1 66883 290
316 0 19824977 0
317 0 18540166 0
318 1 703631 3222
319 0 19801513 0
320 0 19420486 0
321 0 15565532 0
322 0 18704300 0
323 0 19111845 0
324 0 19698349 0
325 0 15932074 0
326 1 156018 686
327 0 19000651 0
328 0 20517929 0
329 1 847968 3868
330 0 19830476 0
331 0 21859619 0
332 0 22823306 0
333 0 19191806 0
334 1 113365 487
335 0 20490423 0
336 0 18971489 0
337 1 447320 2047
338 0 19825310 0
339 0 20973866 0
340 0 19109950 0
341 1 710105 3239
342 1 299334 1368
343 0 19528223 0
344 0 23163989 0
345 1 201491 902
346 0 20691839 0
347 0 19129783 0
348 0 19401921 0
349 1 348437 1788
350 0 18893316 0
351 0 18635315 0
352 1 340134 1558
353 1 29050 109
354 1 79340 353
355 1 50067 213
356 0 20469602 0
357 1 78321 320
358 1 78094 344
359 1 311549 1424
360 0 19220445 0
361 0 15636658 0
362 0 19933380 0
363 0 21657134 0
364 0 15705509 0
365 0 20804363 0
366 0 19828845 0
367 0 19260202 0
368 0 20017627 0
369 1 448143 2036
370 1 90656 385
371 0 19826167 0
372 0 18271228 0
373 0 15651231 0
374 0 19896642 0
375 1 94806 405
376 0 19949096 0
377 0 19648909 0
378 0 20061422 0
379 1 294209 1326
380 0 19311187 0
381 0 19063971 0
382 1 102511 427
383 0 20565335 0
384 0 19382117 0
385 1 117779 495
386 1 387379 1778
387 1 248896 1125
388 0 19167633 0
389 1 138631 602
390 1 67520 293
391 1 216129 984
392 1 381317 1972
393 0 19933398 0
394 0 20014730 0
395 0 19102886 0
396 0 22084499 0
397 0 19474145 0
398 0 15693908 0
399 1 122883 532
400 0 20182765 0
401 0 19855394 0
402 0 19323079 0
403 0 19680843 0
404 0 18332336 0
405 0 19328084 0
406 0 20610553 0
407 0 16013450 0
408 0 21054257 0
409 1 62852 265
410 1 148357 672
411 0 19145036 0
412 1 334174 1516
413 0 22270256 0
414 0 21054731 0
415 0 21020356 0
416 0 20481270 0
417 0 19604061 0
418 0 20195525 0
419 1 184681 825
420 0 19687717 0
421 0 19837384 0
422 1 250305 1130
423 0 19235544 0
424 0 20496772 0
425 1 48639 205
426 0 18915773 0
427 0 19446304 0
428 1 77108 329
429 0 21208665 0
430 0 22516021 0
431 0 19967976 0
432 0 19427901 0
433 0 20029863 0
434 0 16963217 0
435 0 19161473 0
436 0 19533611 0
437 1 32465 120
438 0 15797613 0
439 0 15663086 0
440 1 181458 819
441 0 18779196 0
442 1 290196 1302
443 1 227954 1007
444 0 19998339 0
445 0 19675799 0
446 0 19704524 0
447 0 22513847 0
448 0 21037202 0
449 0 21287226 0
450 1 210314 941
451 0 20903742 0
452 1 169831 828
453 0 20309901 0
454 0 19017724 0
455 0 20174815 0
456 0 19087238 0
457 0 20205480 0
458 0 15801434 0
459 0 15311788 0
460 0 18147952 0
461 0 19366644 0
462 1 296173 1343
463 0 19724676 0
464 0 19805761 0
465 0 19775442 0
466 1 515864 2361
467 0 20594966 0
468 0 18881662 0
469 0 19372030 0
470 0 20089269 0
471 0 18779884 0
472 0 15502050 0
473 1 42063 165
474 0 19156420 0
475 0 20885696 0
476 1 801858 3698
477 0 19596143 0
478 0 19111919 0
479 1 155571 701
480 0 19362477 0
481 0 20004094 0
482 0 19069225 0
483 0 22042664 0
484 1 71839 300
485 0 19774372 0
486 0 20317043 0
487 0 20493850 0
488 1 456740 2049
489 1 239204 1066
490 1 165397 853
491 0 19347067 0
492 1 370829 1676
493 0 22168144 0
494 1 146148 643
495 0 19904758 0
496 0 19566751 0
497 0 19615942 0
498 1 503419 2587
499 0 19035827 0
500 0 21370899 0
501 1 167836 746
502 0 19676691 0
503 0 19230206 0
504 0 19729693 0
505 0 21524449 0
506 0 19426408 0
507 0 21961323 0
508 1 277748 1218
509 0 18153725 0
510 0 21189989 0
511 0 15633606 0
512 0 20242472 0
513 0 19089518 0
514 0 19318807 0
515 0 21483446 0
516 0 19400453 0
517 0 18815573 0
518 0 19712312 0
519 0 15730911 0
520 0 21741511 0
521 0 19043217 0
522 1 33252 133
523 1 233013 1053
524 0 20720354 0
525 1 156726 780
526 1 354975 1633
527 1 155069 702
528 1 411733 1888
529 1 122808 555
530 0 20874196 0
531 0 15739602 0
532 0 18554744 0
533 0 18816349 0
534 0 22637307 0
535 0 15537063 0
536 0 19412660 0
537 0 19679061 0
538 0 20530759 0
539 1 803549 3637
540 0 18638702 0
541 0 18960213 0
542 0 19392149 0
543 1 470558 2147
544 0 21393103 0
545 0 19846369 0
546 0 19605826 0
547 0 15681765 0
548 1 16332 44
549 0 19099966 0
550 0 19904964 0
551 0 19067972 0
552 0 20241558 0
553 0 22116695 0
554 1 156552 688
555 0 19917072 0
556 0 21755405 0
557 1 439435 1998
558 1 443119 2037
559 0 21518676 0
560 0 21225165 0
561 1 137379 612
562 1 303422 1555
563 0 18990950 0
564 0 19979854 0
565 0 15778017 0
566 0 19003623 0
567 0 19773798 0
568 1 272096 1232
569 1 254521 1168
570 0 21642944 0
571 0 19090629 0
572 1 242671 1075
573 0 21066618 0
574 0 19492458 0
575 1 131162 580
576 1 514283 2359
577 0 19440797 0
578 0 19906110 0
579 0 18829546 0
580 0 22883617 0
581 0 19374666 0
582 0 19742219 0
583 0 19671019 0
584 1 62588 257
585 1 55157 242
586 1 85991 365
587 0 20415193 0
588 1 195822 869
589 0 20711143 0
590 1 209648 943
591 0 18431781 0
592 0 17046726 0
593 0 19088158 0
594 0 18839045 0
595 0 21502513 0
596 0 21171382 0
597 0 20192171 0
598 0 22133524 0
599 1 702236 3193
600 0 20770330 0
601 0 20010502 0
602 1 155967 694
603 0 22808246 0
604 1 233534 1036
605 0 21856758 0
606 0 16004889 0
607 1 543033 2470
608 0 23134379 0
609 0 21738839 0
610 1 138994 617
611 0 15706739 0
612 0 20054677 0
613 0 19717934 0
614 0 21399333 0
615 0 21342356 0
616 0 21413836 0
617 1 248092 1103
618 1 183445 821
619 1 257576 1173
620 0 19777004 0
621 0 19320998 0
622 0 18434928 0
623 1 99364 419
624 0 18713354 0
625 1 67825 320
626 0 19291084 0
627 0 19491676 0
628 1 196738 885
629 0 21529853 0
630 0 15616381 0
631 0 21438989 0
632 0 20950477 0
633 1 73283 340
634 0 19945277 0
635 1 292794 1333
636 0 21338803 0
637 0 16187724 0
638 0 20434470 0
639 0 19490480 0
640 0 19605308 0
641 1 291561 1309
642 0 20514159 0
643 0 15544867 0
644 0 22221306 0
645 1 491979 2233
646 0 22079483 0
647 0 20988068 0
648 0 19746255 0
649 0 20607357 0
650 0 19241778 0
651 1 130447 653
652 0 19684623 0
653 0 20073422 0
654 0 15695825 0
655 0 20037880 0
656 1 558644 2547
657 0 22364003 0
658 0 19770969 0
659 0 21012103 0
660 0 20220781 0
661 0 21600107 0
662 0 19001841 0
663 0 20740332 0
664 0 19582179 0
665 0 19232738 0
666 0 15629229 0
667 1 65663 272
668 0 19891464 0
669 1 179422 898
670 0 22949588 0
671 0 20223821 0
672 1 261304 1325
673 1 223322 1023
674 0 19524555 0
675 0 19098426 0
676 0 18748673 0
677 0 22463935 0
678 1 204330 920
679 0 19267681 0
680 0 19877566 0
681 0 19160950 0
682 0 22167852 0
683 0 19780902 0
684 0 19751555 0
685 1 329298 1692
686 0 18762451 0
687 0 17536095 0
688 0 21691241 0
689 0 21334059 0
690 0 19733012 0
691 1 362071 1649
692 0 18277573 0
693 0 20411380 0
694 1 308472 1409
695 0 19982512 0
696 0 20087076 0
697 1 418655 1916
698 1 332883 1720
699 0 18842058 0
700 0 21233966 0
701 1 259451 1170
702 0 15379502 0
703 0 18467105 0
704 0 18887512 0
705 0 18849597 0
706 0 15697751 0
707 1 469297 2152
708 0 22551760 0
709 0 21364661 0
710 0 19506734 0
711 0 19341030 0
712 0 19305668 0
713 1 608129 3154
714 1 60648 263
715 0 21731398 0
716 1 229407 1020
717 1 39996 170
718 0 21858680 0
719 1 213175 963
720 0 21279744 0
721 0 21124895 0
722 0 20643746 0
723 1 231890 1029
724 0 20244421 0
725 0 22532418 0
726 1 39985 139
727 0 21446044 0
728 0 20842049 0
729 0 15449441 0
730 1 285900 1294
731 1 513795 2355
732 1 454260 2087
733 0 20256733 0
734 0 18427144 0
735 1 57203 244
736 0 19972567 0
737 1 230590 1035
738 0 21212719 0
739 1 257850 1305
740 1 163423 720
741 1 23374 96
742 0 19287027 0
743 0 18272087 0
744 1 839097 3849
745 0 15467718 0
746 0 19144417 0
747 0 19397148 0
748 0 19061125 0
749 0 21733080 0
750 0 20563830 0
751 0 20696837 0
752 1 59919 240
753 0 20208856 0
754 1 366643 1667
755 0 18854149 0
756 0 21765494 0
757 1 327232 1473
758 0 21119325 0
759 0 20627532 0
760 0 20328698 0
761 1 448960 2052
762 1 26304 102
763 0 19031612 0
764 1 71524 292
765 0 19652189 0
766 1 379152 1708
767 0 21410534 0
768 0 19218745 0
769 1 152119 651
770 0 23060928 0
771 0 21638363 0
772 1 407730 1855
773 0 22174400 0
774 0 18652593 0
775 0 23176581 0
776 0 20362293 0
777 1 634911 2879
778 0 19772370 0
779 0 20027235 0
780 1 460199 2100
781 0 18596907 0
782 1 122565 602
783 0 19433413 0
784 0 20436416 0
785 0 20177824 0
786 0 19273597 0
787 0 19197640 0
788 0 20215928 0
789 0 19767234 0
790 0 18590074 0
791 0 21778769 0
792 0 20659505 0
793 0 21565557 0
794 1 460804 2071
795 0 20299909 0
796 0 19933546 0
797 1 312675 1615
798 1 201055 900
799 1 286797 1307
800 0 19831183 0
801 0 19264422 0
802 0 22229786 0
803 0 20057585 0
804 0 18684318 0
805 1 151791 680
806 0 20234850 0
807 0 20052499 0
808 0 19269247 0
809 0 19732033 0
810 1 283296 1291
811 0 20359841 0
812 0 18647111 0
813 0 15708811 0
814 0 20405829 0
815 0 19235751 0
816 0 18887336 0
817 0 15660771 0
818 1 372740 1939
819 1 45640 197
820 1 255230 1160
821 1 144297 649
822 0 15332428 0
823 0 19846370 0
824 1 157848 767
825 0 20521805 0
826 1 104467 432
827 0 19476379 0
828 0 18059443 0
829 0 19585052 0
830 0 19753321 0
831 0 19110787 0
832 1 66812 262
833 0 19203487 0
834 0 20357639 0
835 0 18873866 0
836 0 19470232 0
837 0 21028577 0
838 0 15561284 0
839 1 31046 124
840 1 158002 814
841 0 19777523 0
842 1 306939 1364
843 0 19903647 0
844 1 638313 2934
845 0 20605727 0
846 1 546933 2533
847 1 470283 2165
848 1 451527 2079
849 1 351527 1617
850 0 20995184 0
851 0 15708719 0
852 0 15999083 0
853 0 15738242 0
854 1 144530 637
855 0 19898537 0
856 0 18601399 0
857 1 261948 1181
858 1 66099 290
859 0 16047178 0
860 1 106360 456
861 0 18691922 0
862 0 15689198 0
863 1 406128 1838
864 0 20935579 0
865 0 19906614 0
866 0 22065877 0
867 0 21235504 0
868 0 15584457 0
869 0 21701936 0
870 0 22023151 0
871 1 283374 1258
872 1 288387 1274
873 1 17635 39
874 0 20585929 0
875 0 15673842 0
876 1 434823 1951
877 0 22680540 0
878 0 22158241 0
879 0 16164248 0
880 1 20068 72
881 1 42379 180
882 1 62989 315
883 0 22613736 0
884 1 512529 2344
885 1 416106 1893
886 0 21784158 0
887 0 21130155 0
888 0 22419228 0
889 0 15279699 0
890 0 15406811 0
891 1 90587 392
892 1 317366 1442
893 0 21599989 0
894 1 32301 122
895 0 19365017 0
896 0 22348416 0
897 0 21707666 0
898 0 19579222 0
899 1 343405 1545
900 1 85369 365
901 0 22090581 0
902 0 22373828 0
903 0 21829160 0
904 1 231942 1038
905 0 22536590 0
906 0 15639626 0
907 0 22588478 0
908 1 340194 1530
909 0 22941395 0
910 1 33131 117
911 0 22661977 0
912 0 15589804 0
913 0 21521233 0
914 0 15469947 0
915 0 22793106 0
916 0 22213651 0
917 1 57318 183
918 0 23026995 0
919 0 19306328 0
920 0 21050955 0
921 0 21125311 0
922 0 21634270 0
923 1 373108 1686
924 0 21449693 0
925 0 20986940 0
926 0 15680255 0
927 0 21071085 0
928 0 21199183 0
929 0 22176935 0
930 0 22704427 0
931 0 20083542 0
932 1 173206 861
933 0 22055642 0
934 0 22345740 0
935 0 15411028 0
936 0 21032536 0
937 0 19642856 0
938 0 21218150 0
939 0 15672463 0
940 1 330721 1505
941 0 19582327 0
942 0 20150766 0
943 0 15765547 0
944 0 22716035 0
945 1 108050 453
946 1 619568 2836
947 0 19852299 0
948 0 15677037 0
949 1 19506 59
950 0 19148469 0
951 0 22746470 0
952 1 75704 289
953 0 20251580 0
954 0 21363852 0
955 0 15934030 0
956 0 20348137 0
957 0 19932362 0
958 0 15236013 0
959 0 19899746 0
960 0 18747110 0
961 1 29584 99
962 0 18692199 0
963 0 19694150 0
964 1 411488 1869
965 1 77362 341
966 1 373742 1719
967 1 401947 1842
968 0 19366363 0
969 0 19423107 0
970 0 20046829 0
971 1 137322 601
972 0 19654524 0
973 1 203883 896
974 1 419181 1926
975 0 19161564 0
976 0 15631092 0
977 1 213679 951
978 0 18444534 0
979 0 20287265 0
980 0 20926195 0
981 0 22296191 0
982 1 12975 34
983 0 21038142 0
984 0 20903304 0
985 1 191259 826
986 1 908660 4187
987 0 19250215 0
988 0 19323318 0
989 0 15518030 0
990 0 15645554 0
991 0 19321380 0
992 1 352900 1584
993 0 20108798 0
994 0 21529251 0
995 1 368956 1667
996 1 33121 132
997 0 21601164 0
998 0 21626313 0
999 1 240825 1080
1000 0 20836165 0
1001 0 15564694 0
1002 1 150879 654
1003 0 20842574 0
1004 0 19234200 0
1005 1 314542 1429
1006 0 20753077 0
1007 1 398200 1796
1008 0 19012069 0
1009 0 19167336 0
1010 0 18935463 0
1011 0 18953365 0
1012 0 22481102 0
1013 0 18812499 0
1014 1 406567 1848
1015 1 256098 1170
1016 0 19944536 0
1017 0 19480073 0
1018 1 462446 2103
1019 0 21308061 0
1020 0 19798986 0
1021 0 19625650 0
1022 1 122972 591
1023 0 21976804 0
1024 0 21154967 0
1025 0 15336828 0
1026 0 21973041 0
1027 1 369533 1676
1028 0 22239870 0
1029 0 15660910 0
1030 1 109457 462
1031 1 53485 233
1032 0 19712085 0
1033 1 792640 3641
1034 1 594695 2719
1035 1 398147 1828
1036 1 284545 1294
1037 0 19391322 0
1038 0 19102297 0
1039 0 20407296 0
1040 0 22448667 0
1041 0 21111953 0
1042 0 20272585 0
1043 0 21378763 0
1044 1 295476 1334
1045 0 22475752 0
1046 1 26847 69
1047 0 22671478 0
1048 0 22211679 0
1049 0 21122187 0
1050 1 385500 1720
1051 0 15704727 0
1052 0 20312611 0
1053 1 158409 695
1054 0 19406822 0
1055 1 225393 1022
1056 0 19085181 0
1057 0 20194590 0
1058 0 19805972 0
1059 0 15604110 0
1060 0 20292655 0
1061 1 587529 2700
1062 0 19882700 0
1063 0 19498711 0
1064 0 20378245 0
1065 0 21922124 0
1066 0 19905652 0
1067 0 16630694 0
1068 1 343725 1549
1069 0 15731603 0
1070 0 19549134 0
1071 0 15620216 0
1072 0 22098959 0
1073 0 18832604 0
1074 0 19808031 0
1075 0 15354257 0
1076 0 19377155 0
1077 0 18978882 0
1078 1 42580 174
1079 0 19449897 0
1080 1 960907 4428
1081 0 18293691 0
1082 1 109416 521
1083 0 21113408 0
1084 0 19115647 0
1085 0 18946637 0
1086 0 18886050 0
1087 1 599764 2756
1088 0 18819116 0
1089 0 21589606 0
1090 1 298233 1353
1091 0 20414057 0
1092 0 20518059 0
1093 1 95668 418
1094 0 19096932 0
1095 1 150400 669
1096 1 58947 253
1097 0 19387560 0
1098 0 15798719 0
1099 0 18673829 0
1100 0 22539950 0
1101 0 21792851 0
1102 0 19695816 0
1103 1 287540 1305
1104 0 19037565 0
1105 0 15508767 0
1106 1 315967 1427
1107 0 19450987 0
1108 0 15601597 0
1109 1 25903 81
1110 0 22585711 0
1111 0 21379505 0
1112 0 19517645 0
1113 1 271064 1214
1114 0 19889630 0
1115 0 19569858 0
1116 0 21214806 0
1117 0 21537679 0
1118 0 19051493 0
1119 0 18377481 0
1120 1 243697 1060
1121 0 22047989 0
1122 0 19351306 0
1123 1 23786 59
1124 1 276430 1262
1125 0 18931812 0
1126 0 18953137 0
1127 0 19702085 0
1128 0 19402597 0
1129 0 20442866 0
1130 0 15562254 0
1131 0 19426868 0
1132 0 20525038 0
1133 1 414364 2142
1134 0 20940669 0
1135 0 19736809 0
1136 1 61431 200
1137 0 19379388 0
1138 0 19596997 0
1139 0 19506862 0
1140 0 19393183 0
1141 0 20291175 0
1142 0 18874648 0
1143 0 15876523 0
1144 0 15647089 0
1145 1 86043 374
1146 0 19568334 0
1147 0 18507088 0
1148 0 15693480 0
1149 1 48767 197
1150 0 20032622 0
1151 0 16016750 0
1152 1 184954 824
1153 0 18597894 0
1154 1 164341 807
1155 0 21435296 0
1156 0 20267331 0
1157 0 19267288 0
1158 0 18250549 0
1159 0 18552160 0
1160 0 18567717 0
1161 1 260510 1151
1162 0 20304573 0
1163 0 21826475 0
1164 1 368427 1648
1165 0 19287750 0
1166 1 172118 771
1167 0 19057618 0
1168 0 18272804 0
1169 0 20608417 0
1170 0 19687024 0
1171 0 20282001 0
1172 0 15652850 0
1173 0 18918733 0
1174 0 20620108 0
1175 0 21223134 0
1176 1 85601 356
1177 0 19521146 0
1178 0 18970779 0
1179 0 19239955 0
1180 0 19741553 0
1181 1 313476 1400
1182 1 308831 1418
1183 0 19708247 0
1184 0 15321681 0
1185 0 19697436 0
1186 0 19756046 0
1187 0 19207171 0
1188 1 424294 2184
1189 0 20148904 0
1190 1 162106 804
1191 1 599531 2769
1192 0 18787557 0
1193 1 276373 1231
1194 1 61249 290
1195 0 18941037 0
1196 0 19981363 0
1197 0 15669298 0
1198 0 19166437 0
1199 0 15445944 0
0 0 21205823 0
1 0 19612518 0
2 1 243802 1229
3 0 20059837 0
4 0 19310778 0
5 0 19573829 0
6 0 19418630 0
7 0 19744229 0
8 0 20007044 0
9 0 19713330 0
10 0 15597957 0
11 0 15484575 0
12 0 21057948 0
13 0 21474129 0
14 0 18169060 0
15 0 19505602 0
16 0 19525069 0
17 0 19887465 0
18 1 40650 150
19 1 583710 2693
20 0 21149197 0
21 1 508980 2629
22 0 19634025 0
23 0 18291010 0
24 0 21166862 0
25 0 19806567 0
26 0 15742869 0
27 0 19822492 0
28 1 252493 1126
29 0 20549845 0
30 1 605392 2772
31 1 15644 48
32 0 21288462 0
33 0 20295561 0
34 0 22504401 0
35 0 18321945 0
36 0 20054499 0
37 1 73466 321
38 0 20982381 0
39 0 15942142 0
40 1 750909 3448
41 0 20870031 0
42 0 19319696 0
43 0 17920283 0
44 0 21708770 0
45 1 106881 466
46 0 19724289 0
47 0 18304690 0
48 1 71858 298
49 0 19660293 0
50 0 20013183 0
51 1 646717 2968
52 0 15705309 0
53 0 22549072 0
54 0 21683016 0
55 1 40468 152
56 1 19889 63
57 0 19841794 0
58 0 15683732 0
59 0 18789643 0
60 1 231796 1188
61 1 288758 1320
62 1 127987 551
63 0 21797518 0
64 0 21573966 0
65 1 448257 2012
66 0 21444901 0
67 0 20196208 0
68 0 19913889 0
69 0 18698498 0
70 0 18804479 0
71 0 20071908 0
72 0 19729560 0
73 0 22689160 0
74 0 22592144 0
75 0 20896460 0
76 0 19510476 0
77 0 20722466 0
78 0 20592386 0
79 1 139426 611
80 1 17028 60
81 1 169039 757
82 0 21129445 0
83 0 20208281 0
84 0 20389216 0
85 0 21457245 0
86 1 456982 2082
87 0 20231644 0
88 0 20727276 0
89 1 453190 2048
90 0 19512332 0
91 0 22759245 0
92 0 21170825 0
93 1 306638 1365
94 0 21447038 0
95 1 227525 1015
96 1 404200 1860
97 0 20506946 0
98 1 35698 143
99 1 228919 1042
100 0 19323555 0
101 0 20770760 0
102 0 19035974 0
103 0 19246080 0
104 1 394605 2015
105 0 15728377 0
106 0 20328104 0
107 0 19608911 0
108 0 21083147 0
109 0 22448543 0
110 0 22149871 0
111 1 141573 619
112 1 398966 1824
113 0 22622781 0
114 0 21404409 0
115 0 15686646 0
116 0 21263760 0
117 1 530338 2427
118 0 21071534 0
119 0 19422359 0
120 1 354575 1622
121 0 22756629 0
122 0 20033850 0
123 0 20368940 0
124 0 21649941 0
125 1 231982 1013
126 1 252249 1157
127 1 126856 567
128 0 19266872 0
129 0 18965794 0
130 0 19830305 0
131 0 20633890 0
132 0 19107536 0
133 1 372393 1707
134 0 19351065 0
135 0 15944083 0
136 0 15509925 0
137 1 377649 1696
138 1 712488 3286
139 0 19463284 0
140 1 129345 548
141 0 20105388 0
142 0 22455836 0
143 0 15698111 0
144 0 15477508 0
145 0 20789714 0
146 0 19657722 0
147 1 150889 671
148 0 19407522 0
149 1 50234 200
150 0 18849416 0
151 0 19553389 0
152 1 182023 794
153 0 19136960 0
154 0 19021355 0
155 1 377014 1704
156 0 15229849 0
157 1 150356 667
158 1 321580 1473
159 1 33888 139
160 1 134491 606
161 0 22321784 0
162 0 21211809 0
163 0 15557398 0
164 0 22862182 0
165 0 15683094 0
166 0 20423073 0
167 0 15477722 0
168 0 21050470 0
169 1 337546 1504
170 0 20789326 0
171 0 22372521 0
172 0 19679198 0
173 1 22542 71
174 0 22093253 0
175 0 22154701 0
176 0 20701444 0
177 1 528784 2404
178 0 21217898 0
179 0 21403886 0
180 0 22703917 0
181 1 59311 235
182 1 139471 631
183 0 19682313 0
184 1 433168 1931
185 0 19759991 0
186 1 223978 1009
187 0 21203341 0
188 0 16031673 0
189 0 21233583 0
190 0 19689312 0
191 1 176341 794
192 0 21459304 0
193 1 357766 1618
194 0 19155034 0
195 0 21617750 0
196 0 21166615 0
197 1 464265 2110
198 0 19084938 0
199 0 19753376 0
200 1 67808 271
201 0 16610817 0
202 0 15652439 0
203 0 19453123 0
204 0 19627273 0
205 0 19010117 0
206 0 19260460 0
207 0 18048740 0
208 1 25567 92
209 0 19977223 0
210 0 18882481 0
211 0 18977827 0
212 0 19266929 0
213 0 19786543 0
214 0 20758052 0
215 1 131912 577
216 0 22236670 0
217 0 22253149 0
218 0 22792846 0
219 1 55271 235
220 0 22523410 0
221 0 15817379 0
222 1 372353 1700
223 0 15816167 0
224 0 22367956 0
225 0 20669741 0
226 0 22327673 0
227 1 132619 564
228 0 19807998 0
229 0 20389884 0
230 0 19461830 0
231 1 42582 155
232 0 19802304 0
233 0 20735836 0
234 0 19902933 0
235 0 19363155 0
236 0 15729793 0
237 0 18201939 0
238 0 19403964 0
239 1 137449 609
240 0 22715810 0
241 0 19911266 0
242 0 20294239 0
243 1 347174 1576
244 1 214358 977
245 1 593376 2725
246 0 19113075 0
247 0 18852152 0
248 0 20865048 0
249 0 19954766 0
250 1 337604 1538
251 0 19855976 0
252 0 18847309 0
253 0 15315839 0
254 0 18711105 0
255 0 15296634 0
256 0 19399692 0
257 0 21005308 0
258 0 20393049 0
259 1 546823 2518
260 0 22228376 0
261 0 22153126 0
262 0 21231967 0
263 0 21058999 0
264 0 15307672 0
265 0 15788148 0
266 0 19509289 0
267 0 20897432 0
268 0 20284366 0
269 0 21944895 0
270 0 20036395 0
271 0 20038844 0
272 1 1112826 5121
273 0 20443546 0
274 1 714918 3283
275 1 273184 1252
276 0 20022235 0
277 1 169372 752
278 0 20633173 0
279 1 50873 212
280 0 19338144 0
281 1 146702 655
282 0 19510018 0
283 1 99972 416
284 1 351610 1591
285 0 15766233 0
286 1 383822 1730
287 1 593734 3110
288 1 289962 1325
289 0 19832786 0
290 0 18887927 0
291 0 17436726 0
292 0 15644763 0
293 0 19325988 0
294 1 137700 613
295 1 136471 612
296 0 20048400 0
297 0 20511521 0
298 1 71381 291
299 0 19742213 0
300 0 18899354 0
301 1 461296 2106
302 1 70305 307
303 0 20706788 0
304 1 124934 550
305 1 158785 718
306 1 412940 1879
307 1 298434 1355
308 0 20645879 0
309 0 18785998 0
310 0 19701012 0
311 0 22622682 0
312 0 22740552 0
313 0 22496897 0
314 0 20403088 0
315 0 21445360 0
316 0 21710839 0
317 1 165160 733
318 0 20705968 0
319 0 21826124 0
320 1 419343 1894
321 0 21395083 0
322 0 20446348 0
323 0 15366004 0
324 0 22407084 0
325 1 343581 1542
326 1 187108 851
327 1 322272 1470
328 0 15743479 0
329 0 15589345 0
330 1 352468 1591
331 0 19500956 0
332 1 81091 369
333 1 166167 735
334 1 36392 155
335 0 21205149 0
336 1 479780 2185
337 0 17203628 0
338 0 20620249 0
339 0 22557033 0
340 1 249568 1285
341 0 15807336 0
342 1 91169 374
343 1 709587 3257
344 0 15657084 0
345 0 20180039 0
346 1 274333 1224
347 1 550243 2514
348 0 19626315 0
349 0 21370242 0
350 1 660327 3028
351 1 200248 905
352 1 39668 171
353 1 384895 1741
354 1 150921 654
355 1 489495 2246
356 1 58169 255
357 1 134783 606
358 1 94905 420
359 1 85231 381
360 1 88607 444
361 0 20182351 0
362 0 20140645 0
363 0 15443465 0
364 0 20307215 0
365 0 15538298 0
366 1 113759 500
367 0 19601033 0
368 0 15669841 0
369 0 20854009 0
370 0 19658626 0
371 0 18823055 0
372 1 122191 505
373 0 19776614 0
374 1 353984 1568
375 0 19838051 0
376 1 24721 90
377 0 21645810 0
378 0 19169271 0
379 1 77980 328
380 1 1067144 4913
381 0 23004955 0
382 0 21895545 0
383 1 295062 1325
384 1 500090 2288
385 0 19459907 0
386 0 15753878 0
387 0 19139442 0
388 0 15665453 0
389 1 172348 745
390 0 18870740 0
391 0 22514934 0
392 0 21690150 0
393 0 15526726 0
394 1 202015 902
395 0 18990099 0
396 0 20919648 0
397 0 22833677 0
398 0 22336638 0
399 1 50755 207
400 0 20075735 0
401 0 21750942 0
402 0 21457351 0
403 1 441500 2002
404 0 19994653 0
405 1 320378 1461
406 0 18610909 0
407 0 15705034 0
408 0 20339062 0
409 1 142413 616
410 1 408463 1863
411 0 22839899 0
412 1 87755 354
413 0 20723876 0
414 1 128995 550
415 0 18661437 0
416 0 19848917 0
417 0 21680946 0
418 1 126749 530
419 0 15605715 0
420 0 19097209 0
421 1 105442 459
422 0 20863976 0
423 0 20961785 0
424 0 19967735 0
425 0 19945466 0
426 0 21983547 0
427 0 15203071 0
428 0 15493194 0
429 0 20060526 0
430 0 22866316 0
431 0 20315398 0
432 0 20255057 0
433 1 383193 1971
434 0 15828349 0
435 0 19490230 0
436 0 22307338 0
437 0 15580038 0
438 1 208865 943
439 0 19750744 0
440 0 19752485 0
441 0 17691786 0
442 0 21821058 0
443 0 20349179 0
444 0 20125766 0
445 0 15764115 0
446 1 19271 50
447 0 18852829 0
448 0 19110597 0
449 1 701395 3234
450 0 19225541 0
451 0 15461196 0
452 0 19534432 0
453 0 19646509 0
454 1 80938 350
455 1 36765 155
456 0 19350652 0
457 0 20276256 0
458 0 22593281 0
459 0 21942738 0
460 0 20844065 0
461 0 23072041 0
462 1 162302 727
463 0 21817246 0
464 1 80106 376
465 0 19727524 0
466 0 19279867 0
467 1 141435 703
468 0 21352145 0
469 1 198577 883
470 1 93168 418
471 1 170378 773
472 0 21155524 0
473 0 15637173 0
474 0 18785449 0
475 0 19046715 0
476 0 20748658 0
477 0 19915304 0
478 0 21852128 0
479 1 425137 2184
480 0 20690659 0
481 0 19416316 0
482 1 64491 286
483 0 20097137 0
484 0 19911128 0
485 0 21258345 0
486 1 90971 372
487 1 141859 642
488 0 19519829 0
489 1 45528 190
490 1 153434 695
491 0 20375656 0
492 0 19165318 0
493 0 21134400 0
494 0 19969209 0
495 0 19936950 0
496 0 20772220 0
497 0 19896989 0
498 0 22121669 0
499 0 17280066 0
500 0 15229034 0
501 0 15543945 0
502 0 18674000 0
503 1 241687 1078
504 0 20222497 0
505 0 15490458 0
506 1 114770 556
507 1 373489 1707
508 0 18822657 0
509 0 19867348 0
510 0 21537226 0
511 1 29028 73
512 0 18247649 0
513 0 20105119 0
514 0 18801482 0
515 0 20158681 0
516 0 20875515 0
517 1 180616 809
518 0 19692761 0
519 0 19653860 0
520 0 19479590 0
521 1 15891 38
522 0 19689099 0
523 0 19058616 0
524 0 15328592 0
525 1 93386 408
526 0 19100067 0
527 1 50395 194
528 0 19486664 0
529 0 20305895 0
530 0 22006873 0
531 0 20453464 0
532 0 18282436 0
533 0 19670950 0
534 0 21077683 0
535 0 19468073 0
536 0 20921594 0
537 0 22406081 0
538 1 441875 1990
539 0 15700014 0
540 0 19458480 0
541 1 436936 1989
542 0 22464630 0
543 0 15484807 0
544 0 15798057 0
545 1 105096 452
546 0 19428022 0
547 0 15612359 0
548 0 15717846 0
549 1 347137 1580
550 1 69491 304
551 0 19578086 0
552 0 15316689 0
553 0 20124046 0
554 0 20463526 0
555 0 19803227 0
556 0 19199479 0
557 1 14429 41
558 0 19530371 0
559 0 19348501 0
560 0 19718139 0
561 1 75411 288
562 1 120408 536
563 0 18560864 0
564 0 19477640 0
565 0 15641585 0
566 1 20551 77
567 0 19639029 0
568 1 15544 44
569 1 281112 1289
570 0 19003171 0
571 0 18492241 0
572 0 18760468 0
573 0 20031183 0
574 0 21113646 0
575 1 560735 2553
576 0 19778558 0
577 0 20640498 0
578 1 297635 1329
579 0 18806926 0
580 0 19142120 0
581 1 321182 1436
582 0 20339888 0
583 1 864218 3971
584 0 22099200 0
585 0 21445379 0
586 1 373225 1678
587 0 20227075 0
588 1 448630 2038
589 1 124820 552
590 1 457006 2097
591 0 19733214 0
592 1 390366 1780
593 0 19025120 0
594 0 20057856 0
595 0 19488769 0
596 1 220382 995
597 0 21405620 0
598 0 20405080 0
599 0 20149254 0
600 0 20798802 0
601 0 20418603 0
602 0 22240597 0
603 1 65572 248
604 0 21487356 0
605 1 152918 668
606 1 283632 1462
607 1 212863 978
608 1 164337 747
609 1 232441 1190
610 1 275167 1261
611 1 54666 220
612 0 15920854 0
613 0 21118512 0
614 1 37428 151
615 0 21589732 0
616 0 21948672 0
617 0 21550428 0
618 0 19339147 0
619 1 767156 3526
620 0 19348906 0
621 0 19856952 0
622 0 19605975 0
623 0 15483033 0
624 0 21320951 0
625 0 15656899 0
626 1 443232 2021
627 1 223177 1014
628 0 19738357 0
629 0 19419346 0
630 0 20019060 0
631 0 21797323 0
632 1 913189 4163
633 1 315798 1443
634 1 189361 829
635 1 71663 288
636 1 274660 1243
637 0 21191355 0
638 0 20459987 0
639 1 449906 2045
640 0 19756678 0
641 0 19857152 0
642 1 102605 487
643 0 19760590 0
644 0 22823510 0
645 0 20669412 0
646 0 20275721 0
647 0 20389319 0
648 0 21227981 0
649 0 19803012 0
650 0 22866664 0
651 1 740492 3444
652 0 15924703 0
653 0 20678726 0
654 0 21963490 0
655 0 20732621 0
656 0 19356379 0
657 1 786931 3610
658 0 19419691 0
659 0 17053040 0
660 0 15414540 0
661 1 525562 2414
662 1 403429 1852
663 0 22297977 0
664 0 18936928 0
665 0 20926053 0
666 0 19415388 0
667 0 19647769 0
668 1 175175 777
669 1 105987 475
670 0 20371491 0
671 1 32504 108
672 1 13220 48
673 0 21504806 0
674 0 18076893 0
675 0 20761780 0
676 0 15652196 0
677 0 19261218 0
678 1 117484 526
679 0 18909950 0
680 0 19405161 0
681 0 19180921 0
682 1 95751 415
683 0 19562216 0
684 0 20963729 0
685 0 19381289 0
686 0 15676454 0
687 0 19974695 0
688 0 20240268 0
689 0 21661930 0
690 0 20802091 0
691 0 20460788 0
692 1 391615 1781
693 0 20173054 0
694 0 20121859 0
695 0 19653107 0
696 1 256236 1154
697 0 19480936 0
698 1 75587 310
699 0 19488642 0
700 0 20207789 0
701 0 18866449 0
702 0 18633148 0
703 1 44063 171
704 1 247379 1050
705 0 15419022 0
706 0 19382087 0
707 0 18791872 0
708 0 19774725 0
709 0 15864657 0
710 0 18705875 0
711 0 19199850 0
712 0 19244210 0
713 0 19420880 0
714 0 19240303 0
715 1 385301 1764
716 0 18665082 0
717 1 101923 433
718 0 15684103 0
719 0 19849582 0
720 0 19152787 0
721 1 167555 755
722 1 55003 238
723 1 143374 649
724 0 20316842 0
725 0 19897391 0
726 0 19634478 0
727 1 385287 1754
728 0 19071045 0
729 1 363293 1647
730 0 19539615 0
731 0 15693647 0
732 1 263232 1200
733 0 20068740 0
734 1 395939 1792
735 0 21331864 0
736 1 28367 111
737 0 20684668 0
738 0 20421710 0
739 1 260133 1127
740 1 74621 331
741 0 19967871 0
742 0 22732304 0
743 1 1064994 4890
744 1 274754 1253
745 1 135971 614
746 1 18533 60
747 1 600836 2766
748 0 21201581 0
749 0 20772762 0
750 1 96501 413
751 1 261535 1190
752 1 191663 867
753 0 19161448 0
754 0 15763369 0
755 1 323221 1454
756 0 18920677 0
757 0 15501637 0
758 1 352734 1589
759 1 602891 2754
760 0 19083167 0
761 0 21733137 0
762 0 20766246 0
763 0 19555725 0
764 0 19243282 0
765 0 19823799 0
766 0 20468824 0
767 1 118289 495
768 0 19529488 0
769 1 328575 1497
770 0 18983261 0
771 1 144702 716
772 1 297585 1360
773 0 15972812 0
774 0 22177371 0
775 0 15523070 0
776 1 266310 1204
777 0 19802667 0
778 0 19317707 0
779 0 19723201 0
780 1 310913 1415
781 0 19589163 0
782 1 239626 1087
783 1 96232 431
784 1 267050 1210
785 0 19595670 0
786 0 15845561 0
787 0 20942340 0
788 0 21339582 0
789 0 15554977 0
790 1 160764 801
791 1 88207 394
792 0 18693129 0
793 1 317027 1427
794 1 166729 762
795 1 236850 1079
796 0 18786078 0
797 0 19064149 0
798 0 18760017 0
799 0 18646211 0
800 1 409699 1845
801 0 18703439 0
802 0 19207331 0
803 1 60947 229
804 1 20992 80
805 1 117557 522
806 1 159244 722
807 0 19536856 0
808 0 19042420 0
809 0 20655940 0
810 1 337429 1538
811 0 19326428 0
812 1 71142 297
813 0 15486238 0
814 0 21429888 0
815 0 20945613 0
816 0 21219768 0
817 1 130115 570
818 1 306442 1378
819 0 20857837 0
820 0 19703012 0
821 1 520627 2374
822 0 19667120 0
823 0 19082238 0
824 0 19726422 0
825 0 20044017 0
826 0 20520166 0
827 0 21158622 0
828 0 19839329 0
829 0 20618343 0
830 0 20801250 0
831 0 21418125 0
832 0 20242356 0
833 0 20063481 0
834 0 19136566 0
835 0 19964059 0
836 1 212784 930
837 0 16086611 0
838 1 118461 589
839 0 22291983 0
840 1 269909 1223
841 0 20272462 0
842 0 16288858 0
843 0 20344332 0
844 0 19745102 0
845 1 88454 432
846 0 15722944 0
847 1 169437 751
848 0 18905733 0
849 1 156482 676
850 0 18685399 0
851 1 181958 745
852 0 20053426 0
853 1 212123 1064
854 0 19165610 0
855 1 128782 568
856 1 158540 717
857 0 19176913 0
858 0 19948752 0
859 1 423463 1932
860 0 19205685 0
861 1 200735 895
862 0 20320952 0
863 0 18238800 0
864 0 15423668 0
865 0 19340870 0
866 0 19429106 0
867 1 406095 1861
868 0 15474333 0
869 1 159993 697
870 1 704296 3229
871 0 15233423 0
872 0 19191083 0
873 0 19258821 0
874 1 801242 3703
875 1 293157 1340
876 1 484809 2206
877 0 18562130 0
878 1 514817 2377
879 1 245839 1120
880 0 21151066 0
881 0 20962865 0
882 0 20017430 0
883 0 19687743 0
884 0 20251427 0
885 0 20201379 0
886 0 19929927 0
887 1 30340 87
888 0 15721915 0
889 0 21120476 0
890 0 20714748 0
891 1 348059 1574
892 0 21374112 0
893 0 20954038 0
894 0 19195332 0
895 0 20666631 0
896 0 15674299 0
897 1 367867 1668
898 0 22574493 0
899 0 20353917 0
900 0 19217913 0
901 0 22236265 0
902 0 15749565 0
903 0 20966676 0
904 0 17995183 0
905 1 754137 3473
906 0 19512192 0
907 1 244265 1099
908 0 19399000 0
909 0 18868779 0
910 0 18965520 0
911 0 18765741 0
912 0 15429811 0
913 0 22600893 0
914 0 19368720 0
915 0 21376847 0
916 1 213023 1081
917 0 19657336 0
918 0 21429715 0
919 1 43248 169
920 0 20715942 0
921 0 19645321 0
922 0 19516529 0
923 0 23069463 0
924 0 19561211 0
925 0 22274882 0
926 0 20613044 0
927 0 20434038 0
928 0 20318964 0
929 0 15503523 0
930 0 22374414 0
931 0 22267509 0
932 0 22220145 0
933 0 15420492 0
934 0 19340401 0
935 0 15467752 0
936 0 20827301 0
937 0 20142026 0
938 0 23140508 0
939 1 385640 1985
940 1 163698 714
941 0 19273259 0
942 0 19221779 0
943 0 22367677 0
944 1 229315 1026
945 1 19244 76
946 1 38052 153
947 0 20977656 0
948 1 277333 1218
949 0 20388894 0
950 1 580353 2658
951 0 21930178 0
952 1 1097378 5064
953 0 20363183 0
954 1 325432 1479
955 1 625351 2850
956 0 19349983 0
957 0 21637834 0
958 0 22018159 0
959 0 20648231 0
960 1 621698 2820
961 0 21959665 0
962 0 20308899 0
963 1 386622 1720
964 1 227959 1035
965 0 23139544 0
966 1 330744 1503
967 1 379056 1736
968 0 20587266 0
969 0 20866670 0
970 0 22310318 0
971 0 19075328 0
972 0 21233163 0
973 0 20066454 0
974 0 18989158 0
975 0 21139809 0
976 0 20688497 0
977 1 368003 1662
978 0 20671308 0
979 0 22244902 0
980 0 19751516 0
981 0 16568745 0
982 0 20206297 0
983 1 348544 1560
984 0 19389513 0
985 0 18528619 0
986 1 736625 3380
987 0 15658730 0
988 0 20426226 0
989 0 21559182 0
990 0 16100701 0
991 0 21479888 0
992 0 20040009 0
993 0 20311666 0
994 0 20145395 0
995 1 242131 1087
996 0 22600396 0
997 0 21308158 0
998 0 15972748 0
999 1 155258 774
1000 0 21078583 0
1001 1 367905 1664
1002 0 20216873 0
1003 1 306939 1398
1004 0 20386289 0
1005 0 19528964 0
1006 1 59634 235
1007 1 104366 454
1008 0 19819720 0
1009 0 21764048 0
1010 0 20442003 0
1011 0 20363992 0
1012 0 22009166 0
1013 0 21162241 0
1014 0 21802848 0
1015 1 216075 1103
1016 1 300606 1375
1017 1 421627 1914
1018 0 21832873 0
1019 0 20405665 0
1020 0 22300155 0
1021 0 21707703 0
1022 0 20824369 0
1023 0 22601909 0
1024 0 19346675 0
1025 0 22349956 0
1026 0 19003840 0
1027 0 19258626 0
1028 1 279992 1223
1029 1 233574 1067
1030 1 353852 1616
1031 0 20611826 0
1032 0 19388953 0
1033 0 15576908 0
1034 1 228500 1030
1035 0 20103513 0
1036 0 19559915 0
1037 0 18700490 0
1038 1 419311 1893
1039 0 19618830 0
1040 0 22740945 0
1041 0 21206043 0
1042 0 15593752 0
1043 1 111311 545
1044 1 157244 701
1045 0 18679678 0
1046 0 19283798 0
1047 0 19351924 0
1048 0 19982884 0
1049 0 20066338 0
1050 1 548807 2491
1051 0 19701203 0
1052 0 20214454 0
1053 1 154866 657
1054 0 21313984 0
1055 0 15238304 0
1056 0 20244978 0
1057 1 9918 8
1058 1 206507 906
1059 0 20406646 0
1060 0 19399064 0
1061 0 19786756 0
1062 0 19198351 0
1063 0 19515485 0
1064 0 19139489 0
1065 0 19469047 0
1066 0 17859082 0
1067 0 20327986 0
1068 1 655777 3005
1069 0 19606713 0
1070 0 20360411 0
1071 0 20907132 0
1072 0 20089108 0
1073 0 19889068 0
1074 0 19716543 0
1075 0 21745712 0
1076 0 15630280 0
1077 0 22384557 0
1078 1 81770 358
1079 1 30844 127
1080 0 22094079 0
1081 0 15729480 0
1082 1 194738 850
1083 0 19728839 0
1084 1 61066 235
1085 0 20373081 0
1086 0 17966558 0
1087 0 20028478 0
1088 0 19595715 0
1089 1 364158 1879
1090 0 18243554 0
1091 0 19640496 0
1092 0 19746431 0
1093 0 20723887 0
1094 1 428120 1952
1095 1 526742 2398
1096 1 431203 1978
1097 0 20511530 0
1098 0 19681423 0
1099 0 18575936 0
1100 0 20805526 0
1101 0 20575809 0
1102 1 467130 2131
1103 0 20302025 0
1104 0 19554340 0
1105 0 15834567 0
1106 0 15627733 0
1107 0 20621413 0
1108 0 19326232 0
1109 0 18681145 0
1110 0 21865710 0
1111 0 20137555 0
1112 1 427384 1917
1113 0 15245605 0
1114 1 360746 1617
1115 0 19492377 0
1116 1 281380 1261
1117 1 403931 1849
1118 0 22664719 0
1119 0 20229143 0
1120 1 67130 285
1121 0 19653788 0
1122 0 19686197 0
1123 1 236776 1068
1124 0 20348834 0
1125 0 19984312 0
1126 0 19492207 0
1127 0 19036486 0
1128 0 15629125 0
1129 0 18778934 0
1130 0 19025819 0
1131 0 19306103 0
1132 0 19597704 0
1133 0 19072427 0
1134 0 19124000 0
1135 0 22086225 0
1136 1 86099 368
1137 1 172226 767
1138 0 19757756 0
1139 1 640893 2902
1140 0 20837060 0
1141 0 21843694 0
1142 1 292860 1490
1143 0 23267719 0
1144 0 15589455 0
1145 1 60788 243
1146 0 21889841 0
1147 0 21483565 0
1148 0 15689609 0
1149 0 20657807 0
1150 0 19967791 0
1151 0 20906239 0
1152 1 308168 1386
1153 0 21227017 0
1154 0 21953291 0
1155 0 16047887 0
1156 0 21498413 0
1157 1 563709 2587
1158 1 186673 851
1159 0 21874954 0
1160 0 21375195 0
1161 0 15623384 0
1162 0 20384457 0
1163 1 153930 661
1164 0 20803491 0
1165 0 15560144 0
1166 0 20168061 0
1167 0 18255532 0
1168 0 21019565 0
1169 1 671796 3095
1170 0 20115992 0
1171 1 402962 1841
1172 0 17914756 0
1173 0 15647393 0
1174 1 74530 326
1175 0 15321344 0
1176 0 19616304 0
1177 0 19825832 0
1178 0 21637080 0
1179 1 526171 2406
1180 0 19631172 0
1181 0 19437018 0
1182 0 18922814 0
1183 0 15273585 0
1184 0 20222234 0
1185 1 478201 2179
1186 1 40648 170
1187 0 18803407 0
1188 0 21397325 0
1189 0 22400136 0
1190 0 15572249 0
1191 0 19988295 0
1192 0 20341705 0
1193 1 288125 1303
1194 1 244551 1110
1195 0 19943866 0
1196 0 20118556 0
1197 1 309905 1374
1198 0 22083614 0
1199 0 19825962 0
0 0 19227224 0
1 1 111379 473
2 1 272837 1252
3 0 20735461 0
4 0 19597305 0
5 0 20013426 0
6 1 134211 589
7 0 19514710 0
8 1 623171 2862
9 1 117065 529
10 0 20141155 0
11 0 20326991 0
12 1 236774 1202
13 0 22241062 0
14 0 21396180 0
15 0 22521278 0
16 1 296715 1330
17 1 16704 55
18 0 21776443 0
19 0 19967563 0
20 0 20460286 0
21 1 447240 2056
22 0 20880710 0
23 0 20084363 0
24 1 71255 289
25 1 143860 644
26 0 19765593 0
27 0 21913050 0
28 0 20318450 0
29 0 21394143 0
30 0 21995579 0
31 0 21612685 0
32 0 19879142 0
33 0 20645883 0
34 0 20768119 0
35 0 20030157 0
36 0 20797876 0
37 1 186899 795
38 0 20092334 0
39 0 20772234 0
40 1 490341 2246
41 0 19925685 0
42 1 284790 1266
43 0 22146538 0
44 0 22133911 0
45 1 184265 798
46 0 15997033 0
47 0 20335675 0
48 0 21669734 0
49 1 428681 1957
50 0 15788799 0
51 0 19072605 0
52 1 89939 330
53 0 18682882 0
54 0 19819795 0
55 0 18968647 0
56 0 22169716 0
57 0 17419746 0
58 1 426108 1922
59 1 86871 435
60 0 19353579 0
61 0 20449514 0
62 0 15583157 0
63 0 20463714 0
64 0 18818709 0
65 0 21039806 0
66 1 81093 342
67 0 21265020 0
68 1 146326 719
69 1 473520 2172
70 0 19940972 0
71 1 55452 238
72 1 357394 1596
73 0 15231125 0
74 0 18487628 0
75 0 18915024 0
76 0 19044773 0
77 0 18854107 0
78 1 94866 341
79 0 21399709 0
80 0 15485271 0
81 0 19586513 0
82 1 110221 452
83 1 215093 980
84 0 19725395 0
85 1 429267 1967
86 1 186472 852
87 0 20330808 0
88 0 16951568 0
89 0 20223761 0
90 0 19735843 0
91 0 20030519 0
92 0 15429103 0
93 1 141469 614
94 1 716489 3307
95 0 21331171 0
96 0 22147338 0
97 0 21518537 0
98 1 430763 1969
99 1 545091 2377
100 1 204441 930
101 0 20262435 0
102 0 15603384 0
103 1 870540 3996
104 0 19521112 0
105 1 68129 295
106 0 21598885 0
107 0 21127107 0
108 0 15781388 0
109 0 19728852 0
110 0 20683665 0
111 0 18943700 0
112 1 306225 1351
113 0 19366180 0
114 0 21599737 0
115 0 21345779 0
116 1 69894 298
117 0 20188226 0
118 0 20201299 0
119 0 19817123 0
120 0 19143203 0
121 0 15664145 0
122 0 19137456 0
123 0 19766621 0
124 1 733830 3401
125 0 19710946 0
126 1 282954 1445
127 0 19714379 0
128 0 21928720 0
129 0 21795077 0
130 0 19003357 0
131 1 384125 1958
132 1 179946 814
133 0 20000636 0
134 0 21486219 0
135 0 19537217 0
136 0 20035853 0
137 0 20067462 0
138 0 22679916 0
139 0 19864773 0
140 1 29774 108
141 0 20801406 0
142 0 22365637 0
143 0 19263156 0
144 0 19523139 0
145 1 338296 1538
146 0 19816184 0
147 0 18823852 0
148 1 399878 1837
149 0 19817188 0
150 0 19419191 0
151 1 15034 19
152 0 19052129 0
153 0 20401046 0
154 1 336676 1714
155 0 20060338 0
156 1 231640 1026
157 0 19427784 0
158 1 215953 965
159 1 186326 948
160 0 19773422 0
161 0 15717269 0
162 0 22312589 0
163 0 15375689 0
164 0 15189174 0
165 0 21910340 0
166 0 22148449 0
167 0 19037991 0
168 1 732081 3337
169 1 23812 81
170 1 50193 213
171 0 21820003 0
172 0 20655731 0
173 0 21272301 0
174 0 22279240 0
175 0 15574996 0
176 0 19764573 0
177 1 277049 1114
178 0 19813354 0
179 0 22591477 0
180 1 177568 752
181 0 22213370 0
182 0 22703848 0
183 0 20435498 0
184 0 21641218 0
185 0 21017310 0
186 0 15943272 0
187 0 21593706 0
188 0 21101786 0
189 0 15298971 0
190 0 22429995 0
191 1 404705 1820
192 0 22692224 0
193 1 723550 3276
194 1 329186 1715
195 1 47004 199
196 0 15697739 0
197 0 20280366 0
198 0 18970329 0
199 0 15460793 0
200 1 456208 2065
201 0 21920701 0
202 1 127228 487
203 1 267957 1224
204 0 21455373 0
205 0 22441366 0
206 0 21223998 0
207 0 20621132 0
208 1 272146 1235
209 0 19642696 0
210 1 172474 758
211 0 20135549 0
212 1 207979 923
213 1 342393 1572
214 0 20364082 0
215 0 20268798 0
216 0 15601013 0
217 1 108283 472
218 0 19155383 0
219 0 19957077 0
220 0 15579445 0
221 0 19705874 0
222 1 85098 342
223 0 20229292 0
224 0 20955903 0
225 0 18763265 0
226 1 140620 624
227 1 111220 500
228 0 20776281 0
229 0 19944186 0
230 0 19366499 0
231 0 19614684 0
232 0 19180207 0
233 0 19359198 0
234 0 20608730 0
235 0 19682390 0
236 0 18878396 0
237 0 15379507 0
238 1 13888 40
239 0 19288776 0
240 0 18838682 0
241 0 20910605 0
242 0 19731214 0
243 0 22287548 0
244 0 22635880 0
245 1 98843 433
246 1 559777 2575
247 1 22050 77
248 0 21433071 0
249 0 19416879 0
250 0 19575304 0
251 0 19750229 0
252 1 589915 2701
253 0 19414565 0
254 0 20756884 0
255 0 22260921 0
256 0 22783705 0
257 1 359593 1615
258 0 22063663 0
259 0 22471585 0
260 0 20291290 0
261 1 35394 142
262 1 100705 429
263 0 19745316 0
264 0 19837278 0
265 0 19337521 0
266 0 20396741 0
267 0 19859730 0
268 0 18353584 0
269 0 21237386 0
270 0 15795345 0
271 0 20143696 0
272 0 15644142 0
273 1 177362 796
274 0 20831074 0
275 0 20217812 0
276 0 20545308 0
277 0 22449587 0
278 0 21294529 0
279 0 15604591 0
280 1 230693 1043
281 1 239550 1092
282 0 22064619 0
283 0 22048941 0
284 0 21231277 0
285 1 78589 326
286 0 20379826 0
287 1 218978 979
288 1 25972 91
289 1 297525 1357
290 0 20625108 0
291 0 21127764 0
292 0 20368605 0
293 0 20676677 0
294 0 15357478 0
295 1 545803 2524
296 0 20433790 0
297 0 20100545 0
298 1 218048 1102
299 0 20040120 0
300 0 15734923 0
301 1 451391 2069
302 0 18216348 0
303 0 18890236 0
304 0 15971370 0
305 1 36712 135
306 0 19589783 0
307 1 520060 2382
308 0 19506109 0
309 1 563607 2570
310 0 20397312 0
311 0 19696474 0
312 0 19910684 0
313 0 19897017 0
314 0 19501859 0
315 0 19434725 0
316 0 22582303 0
317 1 373540 1687
318 0 20924845 0
319 1 10532 10
320 1 246533 1081
321 1 265539 1213
322 0 19435612 0
323 0 19420553 0
324 0 19096820 0
325 0 19608076 0
326 1 431104 1955
327 1 220980 1131
328 0 22443971 0
329 0 21655358 0
330 0 20333255 0
331 0 20141672 0
332 1 24421 79
333 1 882494 4069
334 0 19448972 0
335 0 20311804 0
336 0 21504073 0
337 1 102635 444
338 0 19913021 0
339 1 105744 507
340 0 21736977 0
341 0 19162982 0
342 1 193964 864
343 1 266024 1215
344 0 19556675 0
345 1 156404 678
346 0 19030702 0
347 0 18995430 0
348 0 15574410 0
349 0 19122797 0
350 1 133576 585
351 1 199221 900
352 0 19635924 0
353 0 15689317 0
354 1 173485 760
355 0 19642022 0
356 1 382615 1756
357 0 19984502 0
358 0 19891301 0
359 1 76082 292
360 1 208006 938
361 1 392354 1807
362 0 22372080 0
363 0 22589806 0
364 0 20477675 0
365 0 21076529 0
366 1 104848 464
367 1 79106 343
368 0 18783488 0
369 1 418441 1909
370 1 104990 522
371 0 21840423 0
372 1 156321 772
373 0 19839139 0
374 0 20691613 0
375 0 20372000 0
376 0 20326090 0
377 0 19247261 0
378 0 19111913 0
379 1 513905 2359
380 0 19101005 0
381 0 19645264 0
382 0 15463921 0
383 1 244338 1096
384 0 22241669 0
385 0 19871012 0
386 0 19250708 0
387 0 22852416 0
388 0 20901168 0
389 0 19826659 0
390 1 278678 1221
391 0 20954486 0
392 0 19171232 0
393 0 18158415 0
394 0 19996127 0
395 0 19669400 0
396 0 19773903 0
397 1 260843 1162
398 0 18764293 0
399 0 20749263 0
400 0 18880353 0
401 0 18652797 0
402 1 333417 1676
403 0 18661172 0
404 0 22298072 0
405 0 15557360 0
406 0 21156108 0
407 0 20042394 0
408 0 21332207 0
409 0 20645915 0
410 1 249282 1095
411 0 19057098 0
412 0 20311592 0
413 0 20832640 0
414 1 374676 1672
415 0 20313106 0
416 0 22176079 0
417 1 314024 1629
418 1 83967 360
419 0 20766771 0
420 0 22070921 0
421 0 17079165 0
422 0 21121615 0
423 0 22879161 0
424 0 22085158 0
425 1 674868 3110
426 0 22097166 0
427 0 21650769 0
428 1 196248 873
429 0 20981914 0
430 0 20768160 0
431 0 20118126 0
432 1 309752 1575
433 1 1210801 5568
434 0 20185440 0
435 1 229887 1028
436 0 20089644 0
437 1 175850 869
438 0 20880657 0
439 1 297362 1331
440 1 174672 790
441 1 264468 1051
442 0 19494260 0
443 0 19528842 0
444 1 60648 256
445 0 21135492 0
446 0 15750944 0
447 0 19377952 0
448 0 20517336 0
449 0 19181660 0
450 0 22181587 0
451 0 22431835 0
452 0 15472822 0
453 0 20089663 0
454 0 20568161 0
455 0 20525137 0
456 0 15422092 0
457 0 18914691 0
458 0 20459968 0
459 0 18796016 0
460 0 18953002 0
461 0 19017665 0
462 0 18897481 0
463 1 133563 594
464 0 18870686 0
465 0 19966969 0
466 0 21229069 0
467 0 18746362 0
468 1 84564 355
469 0 20557458 0
470 0 19245622 0
471 0 19153912 0
472 0 22407520 0
473 0 19593831 0
474 0 20013640 0
475 1 634157 2906
476 0 19848661 0
477 0 20597324 0
478 1 496321 2262
479 0 19242063 0
480 0 20627987 0
481 1 161547 802
482 1 86304 386
483 0 20542844 0
484 1 135155 604
485 0 20987255 0
486 0 19796478 0
487 0 19233412 0
488 0 19656982 0
489 1 440379 2014
490 0 20429476 0
491 0 18618174 0
492 0 18753131 0
493 0 19619643 0
494 0 19920056 0
495 0 18959015 0
496 1 128224 568
497 0 19109849 0
498 0 19665116 0
499 0 18892224 0
500 0 15345961 0
501 0 19352728 0
502 0 21116360 0
503 0 19600624 0
504 0 18683476 0
505 0 21805866 0
506 0 15793887 0
507 0 20794003 0
508 0 15439962 0
509 0 19498878 0
510 0 21358224 0
511 1 331565 1505
512 0 15722105 0
513 1 270852 1210
514 0 22923809 0
515 0 16195785 0
516 1 305371 1358
517 0 22161915 0
518 1 180187 810
519 0 15449105 0
520 0 16757847 0
521 0 22206300 0
522 0 22697323 0
523 0 22516578 0
524 0 19259158 0
525 1 33354 132
526 1 271601 1229
527 0 18836233 0
528 0 19000575 0
529 0 19059745 0
530 0 15751765 0
531 0 20713561 0
532 0 20314573 0
533 1 290012 1481
534 0 20364912 0
535 1 190374 848
536 1 493108 2276
537 0 20039045 0
538 1 520037 2360
539 0 22234463 0
540 1 19305 54
541 1 183198 812
542 0 21412160 0
543 0 21092609 0
544 0 20430855 0
545 1 232287 1062
546 0 19165037 0
547 0 20360815 0
548 1 315799 1441
549 0 19933642 0
550 0 15388818 0
551 1 287340 1314
552 1 245324 1189
553 1 418067 1920
554 0 20697485 0
555 1 219447 995
556 0 20724797 0
557 0 21972380 0
558 0 22371205 0
559 1 133317 647
560 0 22362248 0
561 1 80731 344
562 0 22329364 0
563 1 203099 895
564 0 19863292 0
565 0 18990879 0
566 0 19835176 0
567 1 643289 2886
568 0 21133352 0
569 0 22287656 0
570 0 20709454 0
571 1 356038 1629
572 0 20609156 0
573 0 18918375 0
574 0 15363373 0
575 0 19234854 0
576 0 19260489 0
577 1 298748 1348
578 1 460964 2102
579 0 15579777 0
580 1 231201 1037
581 0 18993029 0
582 1 605660 2776
583 0 18726100 0
584 1 68913 329
585 1 9423 33
586 1 264355 1203
587 0 22398828 0
588 1 428287 1967
589 0 20522151 0
590 0 19450148 0
591 0 22087235 0
592 0 15653676 0
593 0 20644502 0
594 1 456295 2095
595 1 364918 1671
596 0 20398058 0
597 0 19558858 0
598 1 271044 1224
599 0 19271653 0
600 1 67464 282
601 0 20230485 0
602 1 301218 1544
603 0 20399818 0
604 1 132070 553
605 1 14279 49
606 0 19553546 0
607 0 19804026 0
608 1 136761 591
609 0 19351134 0
610 0 19973003 0
611 0 19100198 0
612 0 20134573 0
613 1 137829 612
614 0 19184780 0
615 1 797653 3657
616 0 18679916 0
617 0 21513763 0
618 0 20293025 0
619 0 22546859 0
620 0 20852096 0
621 0 19093795 0
622 0 18481718 0
623 1 383932 1745
624 0 19939760 0
625 1 114632 552
626 1 295141 1350
627 0 19020498 0
628 0 19993519 0
629 0 15778450 0
630 0 21951177 0
631 1 648846 2975
632 0 19892218 0
633 0 20513454 0
634 0 15587725 0
635 1 549713 2491
636 0 23075255 0
637 0 20253141 0
638 0 15568044 0
639 1 285944 1305
640 0 19237738 0
641 0 19399011 0
642 0 15494151 0
643 0 15642986 0
644 1 175695 792
645 1 63608 281
646 0 20066705 0
647 0 15831440 0
648 0 18719139 0
649 1 940333 4341
650 0 20891155 0
651 0 20122413 0
652 1 699338 3201
653 0 19952900 0
654 1 138847 604
655 1 343244 1546
656 0 22344335 0
657 1 670568 3092
658 0 20415085 0
659 0 19517329 0
660 0 20830334 0
661 1 194485 990
662 1 466904 2140
663 0 20008401 0
664 0 19512253 0
665 0 18621050 0
666 0 19695916 0
667 1 23074 62
668 0 20007017 0
669 0 22640082 0
670 0 20592610 0
671 0 19495391 0
672 0 19118817 0
673 1 661634 3024
674 1 789013 3643
675 1 88643 386
676 0 19616392 0
677 0 15512578 0
678 0 21907890 0
679 0 21263537 0
680 0 20299693 0
681 1 205738 905
682 0 21588914 0
683 0 20528252 0
684 1 58690 272
685 0 21570518 0
686 0 22089543 0
687 0 22478649 0
688 0 22571553 0
689 0 15969881 0
690 0 21505072 0
691 0 15796750 0
692 0 20264729 0
693 1 143897 617
694 0 22192269 0
695 0 21448219 0
696 0 20525195 0
697 0 15999307 0
698 1 71455 278
699 0 21215608 0
700 1 274176 1212
701 0 19496896 0
702 0 19501421 0
703 1 144091 631
704 0 15780151 0
705 0 18851876 0
706 0 22006386 0
707 0 21536119 0
708 1 203234 886
709 0 19603750 0
710 0 20450119 0
711 0 19308245 0
712 0 21431352 0
713 0 20809025 0
714 1 77779 339
715 0 20731101 0
716 0 21543998 0
717 0 20147330 0
718 1 201348 1006
719 0 20360460 0
720 0 20919287 0
721 1 289096 1324
722 0 19686281 0
723 0 23029015 0
724 1 12266 30
725 0 22390182 0
726 0 20477854 0
727 0 20586610 0
728 1 98781 420
729 0 20724490 0
730 0 20276473 0
731 1 97730 413
732 0 22244288 0
733 1 96346 415
734 0 19031312 0
735 1 50486 170
736 0 19635395 0
737 1 59106 254
738 1 26545 103
739 0 19108449 0
740 0 19021938 0
741 1 801864 3704
742 1 223564 1019
743 0 19704844 0
744 0 15442595 0
745 0 20070136 0
746 0 19542042 0
747 0 19375753 0
748 0 20129498 0
749 0 21104195 0
750 0 20599414 0
751 1 88271 387
752 0 20914958 0
753 0 20058809 0
754 1 108360 448
755 1 358344 1638
756 0 19931986 0
757 1 135569 652
758 1 424879 1950
759 0 20094214 0
760 0 19501974 0
761 0 20023856 0
762 0 21283086 0
763 0 19593728 0
764 0 19352557 0
765 1 20905 58
766 0 22831156 0
767 0 15437986 0
768 0 15475091 0
769 1 425722 1947
770 0 20614257 0
771 1 122247 527
772 0 20780602 0
773 1 77160 315
774 0 22833990 0
775 0 21003586 0
776 0 22302967 0
777 1 203964 923
778 1 286394 1291
779 0 22642081 0
780 0 15751701 0
781 0 20891523 0
782 0 21080623 0
783 1 410683 1865
784 0 21784020 0
785 1 692620 3592
786 0 20848588 0
787 1 181474 801
788 0 21755352 0
789 0 20199622 0
790 0 20672432 0
791 1 378495 1713
792 0 22512885 0
793 0 20959606 0
794 0 19407913 0
795 0 18563971 0
796 0 19382059 0
797 0 22150462 0
798 0 15608102 0
799 0 20197816 0
800 1 488615 2525
801 0 20719305 0
802 0 20370919 0
803 0 19979443 0
804 1 74600 304
805 1 420504 1907
806 0 21064992 0
807 0 20350745 0
808 1 181165 795
809 1 537939 2489
810 0 21406552 0
811 0 22398528 0
812 0 21322087 0
813 0 18493349 0
814 0 22921718 0
815 0 19873117 0
816 0 21681773 0
817 0 19644291 0
818 0 15211300 0
819 0 19645347 0
820 0 18916424 0
821 0 20992913 0
822 0 15655703 0
823 0 19832757 0
824 0 22662186 0
825 0 21356458 0
826 0 20871168 0
827 0 22901456 0
828 0 19689833 0
829 0 15419552 0
830 1 149049 746
831 0 21529775 0
832 0 15751915 0
833 0 19907447 0
834 0 15981447 0
835 1 261409 1175
836 1 29740 121
837 0 15657921 0
838 0 19421337 0
839 0 18597920 0
840 1 151467 663
841 0 19858148 0
842 1 783643 3590
843 0 22637832 0
844 0 15659125 0
845 0 19476235 0
846 0 20824168 0
847 0 18778698 0
848 0 19350925 0
849 0 19231507 0
850 0 19525868 0
851 1 293833 1312
852 1 80538 346
853 0 15725298 0
854 0 15803061 0
855 1 227477 1021
856 0 22438923 0
857 0 15541484 0
858 0 19417551 0
859 0 18577858 0
860 0 19270792 0
861 0 21933508 0
862 0 20862206 0
863 0 18513997 0
864 1 682568 3171
865 0 18711366 0
866 1 81124 343
867 0 18613768 0
868 0 22576370 0
869 1 182777 821
870 1 98705 443
871 1 1006678 4600
872 1 228645 1005
873 1 284469 1304
874 1 182278 831
875 0 21061458 0
876 0 22159235 0
877 1 133303 599
878 1 88384 395
879 0 15633969 0
880 0 20576569 0
881 0 21699720 0
882 1 233340 1046
883 0 19415804 0
884 1 203267 889
885 0 19189692 0
886 0 15662877 0
887 0 21623499 0
888 0 19767004 0
889 0 17420766 0
890 0 15418160 0
891 0 19759825 0
892 0 19016973 0
893 0 18870222 0
894 0 20209133 0
895 0 19527712 0
896 0 19523549 0
897 0 20926686 0
898 0 19532886 0
899 1 414602 1884
900 0 19723015 0
901 0 20253458 0
902 1 470144 2448
903 0 21514892 0
904 0 15735067 0
905 0 20648884 0
906 1 60771 277
907 0 19165940 0
908 0 21011496 0
909 0 16485713 0
910 0 20170106 0
911 0 19555661 0
912 0 19453066 0
913 0 19271725 0
914 0 19755153 0
915 0 19607453 0
916 0 18988385 0
917 0 19629008 0
918 0 20178859 0
919 0 15744279 0
920 0 18815232 0
921 0 21683038 0
922 0 15656889 0
923 1 204117 912
924 0 15592612 0
925 0 19800911 0
926 0 19475680 0
927 1 46655 187
928 1 3525 2
929 0 18916146 0
930 0 15588311 0
931 1 409556 1870
932 0 20071796 0
933 0 18739318 0
934 0 19365843 0
935 1 169970 692
936 0 19729476 0
937 0 19473013 0
938 0 19107630 0
939 0 20034090 0
940 1 136602 589
941 0 19405599 0
942 1 48061 172
943 0 15505190 0
944 1 250505 1094
945 0 19228154 0
946 0 19261201 0
947 1 251590 1119
948 1 171543 778
949 1 62567 268
950 0 19139763 0
951 1 275915 1401
952 0 22786525 0
953 1 640887 2897
954 0 19562758 0
955 0 16220352 0
956 0 22559840 0
957 0 21898975 0
958 0 22685789 0
959 0 15811635 0
960 1 24299 85
961 0 22788076 0
962 0 20219391 0
963 0 15796255 0
964 1 211409 940
965 0 22451303 0
966 0 22087108 0
967 0 20927185 0
968 1 131330 563
969 0 20548317 0
970 0 15766919 0
971 0 19999313 0
972 1 277460 1251
973 0 20350387 0
974 0 22771548 0
975 1 294013 1325
976 0 21620253 0
977 1 142661 626
978 0 19021357 0
979 0 21107268 0
980 0 21786065 0
981 1 80989 340
982 0 21474322 0
983 1 295948 1287
984 0 19890993 0
985 0 20748100 0
986 1 24899 74
987 1 345130 1585
988 0 20856331 0
989 0 20067040 0
990 0 21088570 0
991 1 322030 1461
992 1 449433 2059
993 0 19590532 0
994 0 20018257 0
995 1 97367 425
996 0 19381082 0
997 0 19767300 0
998 0 21431654 0
999 0 20162243 0
1000 0 19638073 0
1001 0 20882928 0
1002 0 22622621 0
1003 0 22735414 0
1004 0 22826225 0
1005 1 30477 82
1006 0 20975865 0
1007 0 22554723 0
1008 1 183263 929
1009 0 15867705 0
1010 1 178249 792
1011 0 22654278 0
1012 0 21563635 0
1013 0 20706630 0
1014 0 19082306 0
1015 0 18841485 0
1016 0 22274687 0
1017 0 18677958 0
1018 1 34241 132
1019 1 388651 1768
1020 0 15443142 0
1021 1 64219 258
1022 1 180516 800
1023 0 19353643 0
1024 0 22943711 0
1025 0 20085755 0
1026 0 22938346 0
1027 0 22520241 0
1028 0 22430494 0
1029 0 22115166 0
1030 0 21681797 0
1031 0 22367475 0
1032 0 15552648 0
1033 0 20453131 0
1034 0 19017802 0
1035 0 18890493 0
1036 1 318318 1453
1037 0 18360051 0
1038 0 19066763 0
1039 0 19800521 0
1040 0 15663185 0
1041 1 279883 1280
1042 0 18427574 0
1043 0 19991014 0
1044 0 22418044 0
1045 1 182493 824
1046 0 21198561 0
1047 0 20699995 0
1048 0 18676817 0
1049 0 19058141 0
1050 0 20335931 0
1051 0 22199565 0
1052 0 21705213 0
1053 1 394030 2027
1054 1 920212 4220
1055 0 20819132 0
1056 0 18664164 0
1057 1 422247 1907
1058 1 20468 88
1059 1 99057 444
1060 1 266884 1384
1061 0 21305976 0
1062 1 461612 2095
1063 0 19612190 0
1064 0 19630488 0
1065 0 22078204 0
1066 1 386680 1754
1067 1 143332 648
1068 0 19977653 0
1069 0 22490529 0
1070 0 22389637 0
1071 1 367587 1670
1072 0 20846698 0
1073 1 102132 363
1074 0 20532045 0
1075 0 20857517 0
1076 0 16000936 0
1077 0 19473075 0
1078 0 18549561 0
1079 0 18437960 0
1080 1 341721 1563
1081 0 18817808 0
1082 0 21385855 0
1083 0 15421546 0
1084 0 19720633 0
1085 0 15372231 0
1086 1 159854 719
1087 0 18419928 0
1088 0 22108126 0
1089 0 20448947 0
1090 0 22718632 0
1091 0 15794521 0
1092 1 222856 995
1093 0 20563144 0
1094 1 8591 9
1095 1 141314 714
1096 0 20679185 0
1097 1 286463 1304
1098 1 253300 1162
1099 0 15920069 0
1100 1 397048 1813
1101 0 18740367 0
1102 1 256559 1151
1103 1 118958 531
1104 1 139478 629
1105 0 19686537 0
1106 1 163266 726
1107 1 367345 1686
1108 0 19717226 0
1109 0 19091018 0
1110 0 19590117 0
1111 1 299002 1359
1112 1 443049 2037
1113 0 18707133 0
1114 0 18893826 0
1115 0 18532191 0
1116 0 15901081 0
1117 0 19453050 0
1118 0 19596077 0
1119 0 20995512 0
1120 0 20495536 0
1121 0 19877158 0
1122 0 20128705 0
1123 0 18767644 0
1124 0 15884683 0
1125 0 19624593 0
1126 0 19874258 0
1127 1 548485 2518
1128 1 26361 108
1129 0 21668193 0
1130 0 21417365 0
1131 1 667128 3066
1132 0 22831397 0
1133 1 410811 1851
1134 0 19235688 0
1135 0 20545242 0
1136 1 1007833 4655
1137 0 15655990 0
1138 0 19671912 0
1139 0 19148901 0
1140 1 219299 956
1141 0 18900383 0
1142 0 19518217 0
1143 0 20505244 0
1144 0 22033563 0
1145 0 21801727 0
1146 0 19326346 0
1147 0 19194335 0
1148 0 21530322 0
1149 0 19393569 0
1150 0 19024257 0
1151 0 21644288 0
1152 0 15499504 0
1153 0 19433320 0
1154 1 49423 199
1155 1 195986 892
1156 0 19040447 0
1157 0 20141832 0
1158 0 19383564 0
1159 1 376756 1719
1160 0 20384073 0
1161 0 19710604 0
1162 1 194700 958
1163 0 19136891 0
1164 0 20381974 0
1165 0 21560606 0
1166 1 139535 592
1167 0 18889627 0
1168 0 18993787 0
1169 1 238774 1219
1170 0 21123430 0
1171 0 20283851 0
1172 0 22005423 0
1173 0 20865774 0
1174 0 15353189 0
1175 0 20029081 0
1176 0 21465166 0
1177 0 21585149 0
1178 1 121265 535
1179 0 15815076 0
1180 0 20729600 0
1181 1 395712 1809
1182 0 21121891 0
1183 0 20447322 0
1184 0 21521280 0
1185 0 18987282 0
1186 0 19402994 0
1187 0 20589804 0
1188 1 194463 955
1189 0 19457136 0
1190 0 19218723 0
1191 1 340752 1528
1192 1 88872 394
1193 0 19577940 0
1194 1 220699 921
1195 1 54803 268
1196 0 21276168 0
1197 0 20212671 0
1198 1 297924 1520
1199 0 20536020 0
0 0 15341370 0
1 1 613083 2779
2 0 19422001 0
3 0 20656332 0
4 0 20307713 0
5 0 15735675 0
6 0 19197993 0
7 0 22313664 0
8 0 18868337 0
9 1 26351 81
10 0 21609770 0
11 0 20100741 0
12 0 19324403 0
13 0 22284594 0
14 1 208896 911
15 0 15525589 0
16 0 19980385 0
17 0 18990573 0
18 1 817136 3742
19 0 19272310 0
20 0 19474166 0
21 0 19705638 0
22 0 18430214 0
23 0 18404782 0
24 0 19948684 0
25 0 19274329 0
26 0 22738344 0
27 0 20255080 0
28 0 19546861 0
29 1 230650 1048
30 0 20549688 0
31 1 287207 1306
32 1 598451 2764
33 1 68831 305
34 1 96612 393
35 0 19560150 0
36 1 107313 465
37 0 20990176 0
38 0 20903287 0
39 0 15734769 0
40 0 19472717 0
41 0 19991577 0
42 0 20219330 0
43 0 21381613 0
44 1 227572 1013
45 0 15395257 0
46 0 21456410 0
47 0 20077583 0
48 0 21568977 0
49 0 20032587 0
50 1 390098 1765
51 0 15185573 0
52 0 18972070 0
53 0 20134110 0
54 1 208254 931
55 1 46672 175
56 0 19037109 0
57 1 112933 488
58 0 21431377 0
59 1 195505 975
60 1 8012 26
61 0 16545384 0
62 0 20991912 0
63 0 22228334 0
64 1 90007 384
65 1 212189 919
66 0 20820260 0
67 0 15591197 0
68 1 359895 1632
69 0 19316844 0
70 0 15544666 0
71 0 15578657 0
72 0 19434802 0
73 0 21463900 0
74 0 18856145 0
75 0 18904162 0
76 1 354141 1604
77 1 204799 928
78 0 19122784 0
79 1 567688 2599
80 1 122247 523
81 1 418225 1918
82 0 19052401 0
83 0 18965629 0
84 0 18472701 0
85 0 20438469 0
86 1 221828 1002
87 0 19877702 0
88 0 19165106 0
89 0 19589146 0
90 1 157429 709
91 0 15740593 0
92 0 19872340 0
93 0 20691675 0
94 0 19175235 0
95 1 180392 811
96 0 20211984 0
97 0 21666514 0
98 0 15744182 0
99 0 19643661 0
100 0 19387085 0
101 0 21441551 0
102 0 19864686 0
103 0 15650738 0
104 1 129822 570
105 1 289519 1325
106 1 51666 224
107 0 20163262 0
108 1 12146 24
109 0 21840662 0
110 0 22635250 0
111 1 451602 2055
112 1 800847 3689
113 1 170664 774
114 1 301517 1385
115 1 553607 2560
116 0 20668271 0
117 0 19676475 0
118 0 20195336 0
119 1 427007 1940
120 1 435242 2009
121 0 15548972 0
122 0 21182272 0
123 0 20108408 0
124 0 19130191 0
125 1 441474 2287
126 0 21182340 0
127 0 20108416 0
128 0 18768107 0
129 0 18860668 0
130 0 20779304 0
131 0 20200294 0
132 0 20365162 0
133 1 163516 699
134 0 19945914 0
135 0 19010755 0
136 0 19680773 0
137 1 25275 71
138 0 21119169 0
139 0 19326845 0
140 0 21318624 0
141 0 15410961 0
142 0 20653319 0
143 0 18270449 0
144 1 288715 1309
145 1 59282 253
146 0 15362645 0
147 0 19200679 0
148 0 19038666 0
149 0 17684860 0
150 1 86718 371
151 0 19515509 0
152 0 18546770 0
153 0 18782961 0
154 0 21183745 0
155 0 15635551 0
156 0 19253418 0
157 0 20197678 0
158 1 60401 255
159 0 22636823 0
160 0 18806572 0
161 0 20548416 0
162 0 22026474 0
163 0 19843179 0
164 0 20204604 0
165 1 77011 328
166 0 19460433 0
167 0 22433518 0
168 0 20346032 0
169 0 19368342 0
170 0 19773699 0
171 1 108534 465
172 1 150035 671
173 0 20395703 0
174 0 19509598 0
175 0 19376669 0
176 0 21619749 0
177 0 20665056 0
178 0 20081102 0
179 1 375153 1686
180 0 22797218 0
181 0 15575591 0
182 1 304778 1375
183 1 245340 1121
184 0 20617239 0
185 0 15977798 0
186 0 18949346 0
187 0 19294638 0
188 0 15750853 0
189 0 20078715 0
190 0 19691819 0
191 0 15784084 0
192 1 91808 396
193 0 18937969 0
194 0 20387864 0
195 0 15567830 0
196 1 250099 1114
197 0 18995336 0
198 1 97434 417
199 1 67427 297
200 0 15568734 0
201 0 20449787 0
202 0 23049000 0
203 0 23091367 0
204 1 270298 1210
205 0 22744184 0
206 1 235820 1062
207 0 22072071 0
208 1 410771 1855
209 0 22442730 0
210 1 361652 1636
211 0 22415624 0
212 1 229300 1034
213 0 22530513 0
214 1 53179 222
215 0 21666466 0
216 0 20286437 0
217 0 15362618 0
218 1 468421 2132
219 1 207909 937
220 0 20953973 0
221 0 15801383 0
222 1 249092 1124
223 0 18645471 0
224 0 19945645 0
225 0 20323664 0
226 0 21243012 0
227 0 22387210 0
228 0 21500377 0
229 0 19090309 0
230 0 18374108 0
231 1 246747 1111
232 1 544415 2489
233 0 21793276 0
234 0 15564671 0
235 0 19819475 0
236 0 21972111 0
237 1 29708 102
238 0 18742090 0
239 0 20140813 0
240 0 15702669 0
241 0 21082194 0
242 0 19712829 0
243 1 462378 2378
244 0 22480523 0
245 1 92572 397
246 0 20188593 0
247 1 197390 984
248 0 19032416 0
249 0 19005001 0
250 1 456235 2042
251 1 70923 355
252 1 282687 1295
253 0 19502928 0
254 1 173017 752
255 0 21086510 0
256 1 1161075 5329
257 1 656748 3009
258 0 23287946 0
259 0 21583850 0
260 1 29382 61
261 0 20407135 0
262 0 22886216 0
263 0 19468930 0
264 1 152074 669
265 0 15329007 0
266 1 131652 518
267 1 623958 2860
268 0 20477498 0
269 1 25803 78
270 1 241591 1099
271 1 251152 1128
272 1 130811 592
273 0 20502527 0
274 1 550875 2855
275 0 22216524 0
276 0 20286796 0
277 1 140723 584
278 0 20283108 0
279 1 261847 1134
280 0 22538608 0
281 0 21296927 0
282 0 21350213 0
283 1 57016 231
284 1 611740 2818
285 0 21208256 0
286 0 19810750 0
287 0 22446058 0
288 0 21675547 0
289 0 22519989 0
290 0 19236302 0
291 1 225855 1015
292 1 118460 521
293 0 22094476 0
294 0 21024118 0
295 1 296985 1350
296 0 19303667 0
297 0 15508668 0
298 0 19615945 0
299 0 19413481 0
300 1 230397 1041
301 0 19315021 0
302 0 18004426 0
303 0 18813405 0
304 0 22168260 0
305 0 22236358 0
306 0 22569889 0
307 0 21086276 0
308 0 20752304 0
309 0 15656015 0
310 1 152257 665
311 0 20159024 0
312 0 21350989 0
313 1 288999 1487
314 0 19895562 0
315 0 20281059 0
316 1 269088 1368
317 0 18865314 0
318 0 18448153 0
319 0 21489455 0
320 0 19225512 0
321 1 284650 1299
322 0 19409954 0
323 1 175137 777
324 0 22203393 0
325 1 68373 281
326 0 20253560 0
327 0 19947612 0
328 0 15731216 0
329 0 19654006 0
330 0 15711860 0
331 0 20317491 0
332 0 19720769 0
333 0 19076635 0
334 0 19011723 0
335 0 20792838 0
336 0 19315458 0
337 0 20074441 0
338 1 35138 117
339 1 228343 1039
340 1 447893 2047
341 0 18644525 0
342 0 20573875 0
343 0 19349552 0
344 1 21875 52
345 0 18952194 0
346 0 18816056 0
347 0 19769176 0
348 0 18676054 0
349 0 19042200 0
350 0 19102288 0
351 1 246299 1100
352 1 302797 1391
353 1 226921 1036
354 0 22444581 0
355 0 19132372 0
356 0 19798086 0
357 1 384122 1739
358 0 19116635 0
359 0 18597545 0
360 1 178141 877
361 0 18604759 0
362 0 15426714 0
363 1 203913 908
364 0 19165273 0
365 0 19361209 0
366 0 19043138 0
367 0 19075402 0
368 0 18958590 0
369 0 19279233 0
370 0 18389777 0
371 1 217942 994
372 0 18554616 0
373 0 15267301 0
374 1 604505 2775
375 0 18926029 0
376 1 106410 456
377 0 18994683 0
378 1 87993 357
379 0 21569759 0
380 0 15735035 0
381 1 552560 2431
382 0 22197996 0
383 0 21299349 0
384 1 181324 798
385 0 21128896 0
386 0 21960088 0
387 0 20186043 0
388 0 18876097 0
389 1 244752 1105
390 0 18380413 0
391 0 18923592 0
392 0 18969222 0
393 1 230829 1044
394 1 503854 2323
395 0 15935969 0
396 0 15563863 0
397 0 19952277 0
398 0 19334383 0
399 0 19492608 0
400 1 176770 773
401 0 18716849 0
402 0 20632049 0
403 0 20343686 0
404 0 19949782 0
405 0 19684388 0
406 0 19564116 0
407 1 120385 520
408 0 20096872 0
409 0 19638491 0
410 1 254620 1155
411 0 19132743 0
412 0 19402340 0
413 0 18468793 0
414 0 19239603 0
415 0 20434382 0
416 0 20639522 0
417 0 19023302 0
418 1 483884 2213
419 0 18636383 0
420 1 426176 1944
421 0 20051026 0
422 0 19676583 0
423 0 20444365 0
424 0 15489022 0
425 0 19381479 0
426 0 18604228 0
427 0 18533360 0
428 0 19664309 0
429 1 67841 281
430 0 18924537 0
431 0 19355693 0
432 1 196077 856
433 0 19064467 0
434 0 15570038 0
435 0 19152558 0
436 1 125068 552
437 1 348563 1592
438 0 18642812 0
439 0 20572513 0
440 0 19643161 0
441 1 201779 898
442 1 123271 622
443 0 19322125 0
444 0 20107599 0
445 0 15786987 0
446 0 19296209 0
447 0 19206674 0
448 1 84870 397
449 0 15421824 0
450 0 19815631 0
451 1 140807 634
452 1 727091 3348
453 0 18799562 0
454 0 19302492 0
455 0 22126503 0
456 1 67342 308
457 1 46011 197
458 0 22034429 0
459 0 15868285 0
460 0 23040166 0
461 0 19414431 0
462 1 361058 1642
463 0 15701286 0
464 0 19612331 0
465 0 19198411 0
466 0 20614795 0
467 0 21234059 0
468 0 20922960 0
469 0 15741601 0
470 0 16088289 0
471 1 569179 2606
472 0 20123634 0
473 1 308401 1406
474 0 19839997 0
475 0 19335520 0
476 0 20242026 0
477 0 19403103 0
478 0 20442205 0
479 1 9994 27
480 1 79384 356
481 0 19451640 0
482 0 19836795 0
483 0 20223542 0
484 0 21160165 0
485 1 170955 753
486 1 195160 875
487 1 734257 3391
488 1 73565 311
489 1 402167 1843
490 1 159341 721
491 0 19572903 0
492 0 19947356 0
493 0 19424879 0
494 0 20019483 0
495 0 19510394 0
496 0 19316990 0
497 0 19583530 0
498 1 623234 2841
499 0 19534673 0
500 1 335294 1518
501 1 347122 1588
502 0 18715309 0
503 0 15432166 0
504 0 19394908 0
505 0 19691605 0
506 0 18554651 0
507 0 19615776 0
508 0 19242121 0
509 0 18751906 0
510 1 409948 1870
511 0 19288910 0
512 1 14435 24
513 1 169373 746
514 0 18916658 0
515 0 18630189 0
516 0 19067313 0
517 0 20604858 0
518 0 15902360 0
519 0 19136654 0
520 1 158123 703
521 1 130494 644
522 0 20405617 0
523 0 19601493 0
524 0 18687943 0
525 0 20396641 0
526 0 18963417 0
527 1 73885 308
528 0 20140297 0
529 0 20309724 0
530 1 222681 999
531 0 19869318 0
532 0 19712229 0
533 0 19902583 0
534 0 20444119 0
535 1 75439 323
536 1 59867 243
537 0 21300937 0
538 0 20735123 0
539 0 19589391 0
540 1 216377 980
541 0 21825610 0
542 1 976855 4510
543 0 15953421 0
544 1 162476 711
545 0 20805066 0
546 0 19177653 0
547 0 19647387 0
548 1 43175 168
549 0 19611237 0
550 1 254761 1146
551 1 425814 1947
552 0 19484923 0
553 0 20799512 0
554 1 202032 889
555 1 279827 1273
556 1 364052 1665
557 0 19116738 0
558 0 20490678 0
559 0 18746909 0
560 1 422977 1932
561 0 22448781 0
562 1 419768 1917
563 0 19266324 0
564 1 182967 817
565 0 19513881 0
566 0 15661853 0
567 0 19588816 0
568 1 158087 689
569 1 169772 772
570 0 19266116 0
571 1 63625 266
572 1 497710 2280
573 0 19051391 0
574 0 19045191 0
575 1 130309 572
576 0 22510881 0
577 0 15574087 0
578 1 142791 633
579 0 21672408 0
580 0 15745899 0
581 1 256337 1154
582 0 20045297 0
583 0 18743866 0
584 0 15540968 0
585 0 19687735 0
586 0 19763735 0
587 0 22310690 0
588 0 20127388 0
589 0 22579193 0
590 0 22576340 0
591 1 218676 965
592 0 19073446 0
593 0 19498460 0
594 0 15623693 0
595 1 32809 132
596 0 19347149 0
597 1 87779 386
598 0 19211353 0
599 1 654995 3004
600 1 145663 653
601 0 19080612 0
602 0 20710148 0
603 1 207421 936
604 0 19895076 0
605 0 15626493 0
606 0 19834704 0
607 0 21907827 0
608 1 211724 931
609 0 21753733 0
610 0 20398704 0
611 0 19004455 0
612 1 225558 993
613 0 19233497 0
614 0 21412480 0
615 0 20563569 0
616 1 464443 2092
617 0 22587940 0
618 1 94571 411
619 0 22488561 0
620 0 21549379 0
621 0 15526827 0
622 0 21499079 0
623 0 20646094 0
624 0 19939915 0
625 0 20054531 0
626 0 22597726 0
627 0 18818326 0
628 1 651303 2977
629 0 20349307 0
630 1 383893 1550
631 0 19135270 0
632 0 19478424 0
633 0 19762091 0
634 0 15604644 0
635 1 382048 1729
636 0 19645434 0
637 0 19824079 0
638 0 19650134 0
639 0 19452977 0
640 0 18953806 0
641 0 20621154 0
642 0 21926845 0
643 0 19851158 0
644 0 15876542 0
645 0 19871458 0
646 1 288170 1310
647 0 19994040 0
648 1 406791 1848
649 0 22492264 0
650 0 19191805 0
651 0 20615482 0
652 0 15583392 0
653 1 137006 597
654 1 571270 2638
655 1 10514 28
656 0 19763952 0
657 0 21253951 0
658 0 19673600 0
659 1 169952 851
660 0 19440155 0
661 0 22070294 0
662 0 20886631 0
663 0 19418169 0
664 0 19766294 0
665 1 544278 2455
666 0 22856672 0
667 0 15595717 0
668 0 15967966 0
669 0 15889837 0
670 0 22817608 0
671 1 318268 1441
672 0 21020544 0
673 1 120399 522
674 1 492003 2257
675 0 19024279 0
676 1 152138 668
677 1 201600 890
678 1 270197 1237
679 0 19914162 0
680 0 16763729 0
681 0 19265928 0
682 0 21369855 0
683 0 20057475 0
684 0 19180032 0
685 1 320201 1460
686 1 360277 1656
687 1 294707 1352
688 0 19794226 0
689 0 17341317 0
690 1 59749 234
691 1 92896 409
692 1 8048 21
693 0 19107348 0
694 1 814078 3764
695 1 300259 1377
696 0 19402242 0
697 1 119563 527
698 0 19076010 0
699 0 19238458 0
700 0 18788573 0
701 1 419247 1923
702 0 19314911 0
703 0 20016672 0
704 0 19502396 0
705 0 19961055 0
706 1 196495 877
707 0 19729049 0
708 0 18946328 0
709 1 230999 1016
710 0 19312043 0
711 1 44260 187
712 1 262576 1190
713 0 21320952 0
714 0 19791112 0
715 0 21600720 0
716 1 258530 1159
717 1 4536 6
718 1 409388 1881
719 0 16795439 0
720 0 18720561 0
721 1 13840 44
722 1 515157 2334
723 0 22348835 0
724 0 20712145 0
725 0 19698924 0
726 1 172771 767
727 1 625168 2865
728 0 20468948 0
729 1 396644 1805
730 0 19059100 0
731 0 15314252 0
732 0 18898072 0
733 1 240899 1083
734 0 21071310 0
735 0 20576882 0
736 0 19929550 0
737 1 213978 957
738 0 20043414 0
739 0 21674836 0
740 0 20536700 0
741 0 19311635 0
742 0 19381479 0
743 0 19429331 0
744 1 292288 1323
745 0 19167655 0
746 0 22191724 0
747 0 20752730 0
748 0 19067415 0
749 1 725894 3268
750 0 19563562 0
751 0 19636254 0
752 0 19998592 0
753 0 21261592 0
754 0 22037827 0
755 1 197624 879
756 0 19175445 0
757 1 219561 927
758 0 19240009 0
759 0 20730935 0
760 1 310598 1412
761 1 279358 1276
762 1 54414 237
763 1 131438 589
764 1 54282 235
765 0 20905776 0
766 1 135513 592
767 0 19246443 0
768 1 203195 909
769 1 569960 2625
770 1 384869 1772
771 0 22796607 0
772 1 141464 625
773 0 20216125 0
774 0 21060655 0
775 0 19479433 0
776 0 15456374 0
777 0 18846600 0
778 0 21302412 0
779 0 18849461 0
780 0 19353155 0
781 0 19064963 0
782 0 20296314 0
783 0 15408478 0
784 1 359802 1638
785 1 259451 1179
786 0 18804326 0
787 0 22427659 0
788 0 22837475 0
789 0 22318774 0
790 0 15747965 0
791 0 18995692 0
792 0 19333053 0
793 0 21495768 0
794 0 19495348 0
795 0 20859821 0
796 0 19320012 0
797 1 102959 418
798 1 633128 2914
799 0 21380079 0
800 0 20981760 0
801 0 20108047 0
802 0 19677625 0
803 0 21986426 0
804 0 20910863 0
805 0 21620820 0
806 0 21398112 0
807 1 377514 1669
808 0 19857635 0
809 1 99714 420
810 0 15392252 0
811 1 228309 1167
812 0 19252205 0
813 0 19846238 0
814 0 19685442 0
815 0 20291629 0
816 0 19153736 0
817 1 213568 944
818 1 260862 1183
819 1 484513 2220
820 0 22346288 0
821 0 21280923 0
822 1 195157 874
823 0 21012042 0
824 0 15789985 0
825 0 15598680 0
826 0 20299027 0
827 1 163259 705
828 0 21143017 0
829 0 20282401 0
830 0 20224626 0
831 0 21898921 0
832 1 174158 765
833 0 19909449 0
834 1 126935 557
835 1 208129 944
836 1 127523 573
837 0 21621853 0
838 0 20797212 0
839 1 171517 756
840 0 22282833 0
841 0 22164886 0
842 0 21060858 0
843 0 20416731 0
844 1 484837 2197
845 1 249183 1133
846 0 21034686 0
847 1 507685 2312
848 1 161227 731
849 0 21329148 0
850 1 121513 536
851 1 294460 1345
852 1 3903 5
853 1 393661 1786
854 0 20901578 0
855 0 21261256 0
856 0 20865423 0
857 0 21975431 0
858 0 22460114 0
859 0 19598571 0
860 1 51577 208
861 0 21566958 0
862 0 22910873 0
863 1 337565 1490
864 1 97218 437
865 0 21646057 0
866 0 20492773 0
867 0 20080496 0
868 1 102838 437
869 0 15886632 0
870 1 157725 710
871 1 64528 280
872 0 19729975 0
873 0 15681645 0
874 0 22660693 0
875 0 21224994 0
876 0 22265531 0
877 0 20408299 0
878 0 15530655 0
879 0 19743528 0
880 0 20487935 0
881 0 19853875 0
882 0 19253774 0
883 1 406859 1845
884 0 20525301 0
885 0 21157608 0
886 0 22431434 0
887 0 17009376 0
888 1 124695 545
889 0 20628682 0
890 0 19756259 0
891 1 296933 1515
892 0 22805181 0
893 0 19214992 0
894 0 22119677 0
895 0 22102491 0
896 0 15626068 0
897 1 33927 116
898 0 20972620 0
899 0 15444859 0
900 0 18912538 0
901 0 18959910 0
902 1 178835 793
903 0 18914868 0
904 0 15868920 0
905 0 20904289 0
906 0 19699351 0
907 0 19636281 0
908 0 15828806 0
909 1 108784 469
910 0 19705117 0
911 0 20231812 0
912 0 15866168 0
913 1 341125 1554
914 0 19181548 0
915 1 156480 594
916 1 218007 994
917 0 15895806 0
918 1 159399 700
919 0 18881957 0
920 0 19341856 0
921 0 19452305 0
922 1 57862 244
923 0 19214896 0
924 0 19045629 0
925 1 30100 119
926 1 680382 3158
927 0 19502577 0
928 0 19641810 0
929 0 21043842 0
930 1 285847 1299
931 0 20126733 0
932 0 20168426 0
933 0 18923116 0
934 1 115951 498
935 1 235335 1074
936 0 20106842 0
937 1 301243 1340
938 0 19872946 0
939 0 19313392 0
940 1 36868 142
941 0 19215706 0
942 0 20221242 0
943 1 407305 1851
944 0 19421002 0
945 0 19544556 0
946 0 19770669 0
947 0 19884683 0
948 0 20686982 0
949 1 156919 696
950 0 19887544 0
951 1 151693 655
952 0 19102766 0
953 0 21140136 0
954 0 19531155 0
955 0 19151101 0
956 0 15445567 0
957 0 19911469 0
958 1 10353 28
959 0 21575384 0
960 1 132950 583
961 0 18252115 0
962 0 19322837 0
963 1 286078 1286
964 0 22262067 0
965 0 19743124 0
966 1 185410 830
967 0 22093228 0
968 0 20139700 0
969 1 432592 1965
970 0 19582966 0
971 0 18858074 0
972 0 19757271 0
973 1 12651 17
974 1 363403 1646
975 0 18536967 0
976 0 18982844 0
977 1 189680 835
978 1 217259 987
979 0 19480638 0
980 1 446437 2035
981 1 161671 726
982 0 22716826 0
983 0 19100865 0
984 0 18618645 0
985 1 325780 1484
986 1 263145 1184
987 1 399122 1834
988 0 20911187 0
989 0 19664481 0
990 0 22688750 0
991 0 22625609 0
992 1 164498 722
993 1 395444 1808
994 0 21049577 0
995 0 22542723 0
996 0 15550098 0
997 1 468858 2154
998 1 143078 644
999 0 21376919 0
1000 1 351773 1598
1001 0 15599133 0
1002 0 19964265 0
1003 1 36498 128
1004 1 109709 489
1005 1 832891 3853
1006 0 18711846 0
1007 0 19931927 0
1008 0 18617161 0
1009 0 19593748 0
1010 0 19707967 0
1011 0 20153843 0
1012 0 19080655 0
1013 0 19385501 0
1014 0 20861889 0
1015 1 255407 1128
1016 1 30771 125
1017 0 19538192 0
1018 1 258701 1163
1019 0 18865609 0
1020 0 19276276 0
1021 0 22140411 0
1022 0 22910405 0
1023 0 15366537 0
1024 1 149467 668
1025 1 8717 26
1026 1 182784 828
1027 1 516445 2371
1028 0 20717953 0
1029 0 20086348 0
1030 0 21376967 0
1031 0 20623505 0
1032 0 19953141 0
1033 0 15529132 0
1034 0 20565517 0
1035 1 435200 1973
1036 0 19119207 0
1037 0 22584345 0
1038 0 19244646 0
1039 0 19492534 0
1040 0 18942072 0
1041 1 730787 3375
1042 1 284100 1297
1043 0 15405535 0
1044 1 149327 652
1045 0 18796242 0
1046 0 19356710 0
1047 0 16048198 0
1048 0 15489084 0
1049 0 18988750 0
1050 1 250265 1134
1051 0 19155566 0
1052 1 108840 475
1053 0 19695560 0
1054 0 19518045 0
1055 0 20910518 0
1056 0 19069141 0
1057 0 20208718 0
1058 0 19954217 0
1059 1 267842 1205
1060 0 18840503 0
1061 0 15501089 0
1062 0 19115841 0
1063 0 20933151 0
1064 1 221987 993
1065 0 19183732 0
1066 1 477442 2187
1067 0 19165475 0
1068 0 19058425 0
1069 0 19022288 0
1070 0 19640095 0
1071 1 570695 2599
1072 0 19318290 0
1073 0 18897970 0
1074 0 18618405 0
1075 1 859329 3928
1076 0 19653122 0
1077 0 19247006 0
1078 0 18455847 0
1079 0 16682915 0
1080 0 18450388 0
1081 0 19527759 0
1082 0 20591648 0
1083 0 18791898 0
1084 0 18879064 0
1085 1 320967 1454
1086 1 341596 1541
1087 0 20931604 0
1088 1 507703 2318
1089 1 466824 2150
1090 0 15600169 0
1091 1 244567 1107
1092 0 19285534 0
1093 0 20153115 0
1094 0 15240121 0
1095 0 21841630 0
1096 1 116517 493
1097 0 21246176 0
1098 0 19719519 0
1099 1 266811 1179
1100 0 22497341 0
1101 0 21357171 0
1102 0 19135089 0
1103 0 19784997 0
1104 0 19125785 0
1105 0 18429540 0
1106 0 18896959 0
1107 0 22195231 0
1108 0 19382800 0
1109 0 20119237 0
1110 0 15649163 0
1111 0 19405910 0
1112 1 327169 1477
1113 0 19097848 0
1114 1 342620 1573
1115 1 368998 1689
1116 0 19514538 0
1117 0 21208751 0
1118 0 20039566 0
1119 0 15786066 0
1120 0 16518620 0
1121 0 19479394 0
1122 0 19271809 0
1123 0 19772701 0
1124 0 19470194 0
1125 0 18908376 0
1126 0 19905613 0
1127 0 15379219 0
1128 1 81137 353
1129 0 19346047 0
1130 1 398476 1813
1131 1 380565 1736
1132 0 19813391 0
1133 1 50703 211
1134 0 19601084 0
1135 0 18703443 0
1136 0 19068091 0
1137 0 22200477 0
1138 0 20579317 0
1139 0 22112330 0
1140 1 218026 979
1141 1 52205 218
1142 0 19676707 0
1143 0 18846811 0
1144 0 19812542 0
1145 0 19228460 0
1146 0 18872669 0
1147 0 15892921 0
1148 1 70128 281
1149 0 20090394 0
1150 1 352632 1615
1151 0 18435961 0
1152 0 19157175 0
1153 0 20191915 0
1154 0 18343091 0
1155 0 19024213 0
1156 0 20184281 0
1157 1 307568 1399
1158 0 19474288 0
1159 1 199542 903
1160 0 18851009 0
1161 0 19445749 0
1162 0 20991259 0
1163 0 19749550 0
1164 0 21954753 0
1165 0 19822848 0
1166 0 21624826 0
1167 0 20649407 0
1168 0 20112808 0
1169 0 15673603 0
1170 0 21151010 0
1171 0 21304540 0
1172 0 20195848 0
1173 0 19880312 0
1174 0 19780036 0
1175 1 501518 2297
1176 0 20198180 0
1177 1 158681 710
1178 1 518895 2392
1179 1 328839 1510
1180 0 19479442 0
1181 0 19257468 0
1182 0 18337573 0
1183 0 19631138 0
1184 0 19603990 0
1185 0 18717635 0
1186 1 87439 374
1187 0 19358411 0
1188 0 19059552 0
1189 0 21566691 0
1190 1 402927 1822
1191 0 20512059 0
1192 1 395594 2043
1193 0 15621529 0
1194 1 307506 1405
1195 0 20773136 0
1196 0 19556024 0
1197 0 20899194 0
1198 0 21712995 0
1199 0 20589555 0
