0 1 123134 491
1 0 19568111 0
2 0 19757756 0
3 0 18684817 0
4 0 15763061 0
5 0 19606051 0
6 0 19712160 0
7 1 416028 1887
8 0 19779648 0
9 0 15810199 0
10 0 20245636 0
11 0 19037441 0
12 0 19241530 0
13 1 995505 4567
14 0 18968543 0
15 0 15644078 0
16 0 18589970 0
17 0 18915383 0
18 1 202272 913
19 1 508595 2660
20 1 156929 710
21 0 22126169 0
22 0 22631982 0
23 1 455279 2061
24 1 227013 993
25 0 18309842 0
26 1 363532 1666
27 0 18501752 0
28 0 19445958 0
29 1 168926 853
30 0 19044688 0
31 1 668353 3065
32 1 241396 1106
33 1 113238 504
34 0 18491132 0
35 1 182624 782
36 0 19226036 0
37 1 192437 863
38 0 20910802 0
39 0 19036004 0
40 0 15695841 0
41 0 19575688 0
42 0 18837285 0
43 0 19604106 0
44 1 143648 641
45 1 413862 1896
46 0 19361467 0
47 0 19255969 0
48 0 19824597 0
49 1 188850 855
50 1 38186 163
51 0 19457973 0
52 0 19276845 0
53 1 193932 881
54 1 539021 2460
55 1 639943 2954
56 0 19709432 0
57 1 24497 73
58 0 19562251 0
59 0 19180986 0
60 0 21198416 0
61 1 789752 3646
62 0 19217322 0
63 0 21075168 0
64 1 321971 1459
65 0 19631610 0
66 0 19287647 0
67 0 19150392 0
68 0 21177759 0
69 1 297295 1341
70 0 20341739 0
71 0 20954900 0
72 0 20189577 0
73 0 19895945 0
74 0 15554810 0
75 1 229251 1034
76 1 247863 1122
77 1 248062 1134
78 1 144321 655
79 0 20137144 0
80 0 15686195 0
81 0 19174584 0
82 0 18486410 0
83 1 659131 3005
84 1 533326 2458
85 1 366939 1686
86 0 20514896 0
87 0 15645454 0
88 1 55603 220
89 0 19319804 0
90 0 22375446 0
91 1 135105 591
92 0 20405302 0
93 1 173557 774
94 1 288949 1324
95 0 18940512 0
96 1 19328 35
97 0 21868148 0
98 1 105462 410
99 0 19279667 0
100 1 395130 1793
101 0 19150684 0
102 0 21007437 0
103 1 105318 491
104 1 245336 1123
105 0 18919052 0
106 0 20505697 0
107 1 108664 474
108 1 165221 752
109 0 19196307 0
110 0 19005036 0
111 0 20139364 0
112 0 18896495 0
113 1 116635 489
114 0 19025375 0
115 1 433183 1931
116 1 789960 3651
117 1 482182 2209
118 0 19486008 0
119 0 15487049 0
120 0 18438267 0
121 0 15836558 0
122 0 20258924 0
123 1 96237 399
124 1 273657 1422
125 1 414675 1913
126 1 651736 3001
127 1 120882 541
128 0 21423984 0
129 1 155350 658
130 0 19207946 0
131 1 214397 959
132 0 19054195 0
133 1 228990 1015
134 0 19223041 0
135 0 19070459 0
136 0 20150833 0
137 1 82042 389
138 1 172799 755
139 0 22466295 0
140 1 524111 2406
141 1 1503211 6945
142 0 21732071 0
143 1 127305 563
144 1 344493 1586
145 0 19744096 0
146 1 622505 2834
147 0 19760110 0
148 1 357532 1624
149 1 347621 1593
150 0 21852182 0
151 0 20036199 0
152 0 22514418 0
153 1 325846 1663
154 0 18851114 0
155 0 18938741 0
156 1 385242 1771
157 0 19676302 0
158 1 64275 236
159 1 699162 3229
160 1 234251 1072
161 0 19759988 0
162 1 520710 2390
163 0 18828812 0
164 1 23405 90
165 0 18258011 0
166 0 18734046 0
167 0 15909917 0
168 0 19019941 0
169 0 19133643 0
170 1 482374 2224
171 0 19616601 0
172 0 20010803 0
173 0 15496004 0
174 0 19437853 0
175 0 19418515 0
176 0 18988106 0
177 0 20915823 0
178 0 20571087 0
179 0 20648045 0
180 0 21568184 0
181 0 20522812 0
182 1 484164 2221
183 0 19163719 0
184 1 687539 3574
185 0 20832942 0
186 1 63876 282
187 1 300486 1378
188 0 20544330 0
189 1 121855 533
190 1 33933 136
191 0 19702487 0
192 0 15590404 0
193 0 18813545 0
194 0 19097984 0
195 1 226103 1009
196 0 21773428 0
197 0 20843175 0
198 0 22317116 0
199 0 15594640 0
200 0 20323285 0
201 0 19678630 0
202 1 227794 1144
203 0 22235960 0
204 0 21184382 0
205 0 15735526 0
206 0 20655192 0
207 0 21087265 0
208 1 50914 211
209 0 15634410 0
210 1 234824 1064
211 1 1042403 4768
212 0 19378616 0
213 0 20194130 0
214 0 20249175 0
215 1 352965 1819
216 0 19426285 0
217 1 85901 339
218 0 19571562 0
219 1 514265 2343
220 1 466850 2150
221 0 19537135 0
222 0 19279326 0
223 1 112557 491
224 0 20576457 0
225 1 77432 332
226 1 233780 1063
227 0 22048617 0
228 0 22148197 0
229 0 22879824 0
230 1 715695 3276
231 1 89413 289
232 0 22718801 0
233 0 15419644 0
234 0 18600687 0
235 0 20472984 0
236 0 20777428 0
237 1 163776 717
238 1 81802 366
239 0 19945341 0
240 0 15241734 0
241 1 376680 1709
242 1 563715 2518
243 1 339487 1555
244 0 20705171 0
245 0 19523997 0
246 1 524736 2406
247 1 135995 614
248 1 584216 2691
249 0 22754170 0
250 0 21366415 0
251 1 480258 2187
252 0 20411481 0
253 0 15696690 0
254 1 408414 1833
255 1 743395 3419
256 1 305623 1594
257 0 19770842 0
258 0 19640820 0
259 1 346608 1544
260 1 547331 2514
261 0 22395493 0
262 1 122939 527
263 1 195779 887
264 1 865580 3985
265 0 22649202 0
266 0 20474270 0
267 1 121261 534
268 1 162220 734
269 1 531493 2405
270 0 20672777 0
271 0 18560885 0
272 0 19973859 0
273 0 18830240 0
274 0 20846354 0
275 1 698644 3209
276 0 22940753 0
277 1 154029 688
278 0 18501113 0
279 0 18679860 0
280 0 19072190 0
281 0 15583207 0
282 0 19841977 0
283 0 15470161 0
284 1 394577 1793
285 0 21676561 0
286 1 306495 1385
287 0 21500891 0
288 0 22233028 0
289 1 593158 2729
290 0 20155235 0
291 1 91737 386
292 1 156753 789
293 1 477948 2203
294 1 87101 390
295 0 19253280 0
296 0 19152554 0
297 0 19329927 0
298 1 747317 3440
299 1 115629 499
300 0 21230488 0
301 0 19345594 0
302 0 19210788 0
303 1 207010 926
304 1 257767 1155
305 0 19820016 0
306 1 131824 577
307 0 20891248 0
308 0 19858972 0
309 0 22652909 0
310 0 21948156 0
311 0 20145941 0
312 0 19766880 0
313 1 210532 947
314 1 357083 1643
315 0 19133740 0
316 0 18507511 0
317 0 19528360 0
318 0 15803343 0
319 1 640664 2503
320 0 19199668 0
321 1 247666 1087
322 0 19466643 0
323 0 19105409 0
324 0 19498328 0
325 1 434242 1985
326 0 20776124 0
327 0 20033328 0
328 0 19633316 0
329 0 19510615 0
330 0 20351476 0
331 0 23081662 0
332 1 266157 1210
333 1 328708 1503
334 1 74767 321
335 0 21823485 0
336 0 22176067 0
337 0 20722421 0
338 1 1064707 4899
339 1 652281 2996
340 0 21319113 0
341 1 297816 1519
342 0 18527366 0
343 1 230929 1010
344 0 19865477 0
345 1 254392 1125
346 1 296391 1349
347 1 301294 1378
348 0 19847945 0
349 0 20799914 0
350 0 19271025 0
351 1 343860 1550
352 1 452162 2074
353 0 15590217 0
354 0 21481155 0
355 0 18625574 0
356 0 21709425 0
357 1 157528 699
358 0 19891876 0
359 1 305324 1385
360 1 406019 1861
361 0 18613666 0
362 0 15463283 0
363 1 306945 1385
364 0 15766771 0
365 1 458228 2098
366 1 389327 1784
367 1 78243 346
368 0 19136523 0
369 1 1100395 4994
370 0 19925950 0
371 0 21403730 0
372 0 22037453 0
373 0 21304710 0
374 0 21538906 0
375 0 15397410 0
376 1 1229034 5691
377 0 20353618 0
378 1 317539 1438
379 0 20120498 0
380 1 658208 3040
381 0 19781864 0
382 0 19842496 0
383 1 429475 1925
384 1 691633 3121
385 0 15363413 0
386 0 18867493 0
387 1 269701 1211
388 0 19473965 0
389 1 211824 947
390 0 21638281 0
391 1 472659 2161
392 1 636877 3347
393 0 21921134 0
394 1 179122 900
395 0 22471980 0
396 0 15529977 0
397 0 21722130 0
398 0 20898477 0
399 0 20141894 0
400 0 19714109 0
401 0 15607480 0
402 0 19992855 0
403 1 832506 3831
404 0 21623809 0
405 0 20560311 0
406 0 19863224 0
407 0 18765410 0
408 0 22160028 0
409 0 15908886 0
410 0 19082324 0
411 1 331419 1714
412 0 15610467 0
413 0 18878753 0
414 0 19561660 0
415 0 19477924 0
416 0 15499698 0
417 1 69983 300
418 0 20107226 0
419 0 22618526 0
420 0 21246823 0
421 0 22094421 0
422 1 517806 2363
423 1 1052395 4834
424 0 23355195 0
425 0 21428847 0
426 0 21679455 0
427 0 21370259 0
428 0 20558808 0
429 0 20669630 0
430 0 20681509 0
431 0 20118762 0
432 0 19792528 0
433 0 20209815 0
434 1 362432 1625
435 0 20427739 0
436 1 371856 1681
437 1 11426 41
438 1 702872 3239
439 1 501399 2315
440 0 20173143 0
441 0 18950947 0
442 1 444028 2010
443 1 211952 954
444 1 539043 2482
445 0 19208885 0
446 1 449892 2064
447 1 767323 3538
448 1 480403 2214
449 1 251600 1140
450 0 19237316 0
451 1 667964 3078
452 0 20251269 0
453 0 22614927 0
454 1 660896 3030
455 0 23100266 0
456 0 21487406 0
457 0 15802574 0
458 1 92264 388
459 0 21209806 0
460 0 20952376 0
461 0 20118890 0
462 0 20115668 0
463 0 21171239 0
464 0 18090016 0
465 1 899218 4162
466 0 15700093 0
467 0 19805573 0
468 0 15598253 0
469 1 218098 980
470 1 821472 3795
471 1 146398 665
472 0 15521182 0
473 0 19322329 0
474 0 22037141 0
475 0 15771113 0
476 1 246847 1114
477 0 21495409 0
478 0 22000970 0
479 0 22326547 0
480 0 20365060 0
481 0 15482666 0
482 0 22260314 0
483 0 19740230 0
484 0 19316414 0
485 1 513734 2340
486 0 19222505 0
487 0 18966265 0
488 0 18482102 0
489 1 336539 1722
490 1 348404 1580
491 1 606214 2791
492 1 440354 2025
493 0 19747160 0
494 1 565007 2566
495 0 19505349 0
496 0 19076269 0
497 0 19428920 0
498 0 20686392 0
499 0 19322537 0
500 0 15472070 0
501 1 414484 2130
502 1 61976 274
503 0 21443643 0
504 0 19797430 0
505 0 18614079 0
506 0 21737483 0
507 0 15300813 0
508 1 194773 869
509 0 19041972 0
510 1 483038 2201
511 0 19217878 0
512 0 20750692 0
513 1 324637 1468
514 1 89787 401
515 0 19916948 0
516 0 20230872 0
517 1 131313 576
518 1 646929 2988
519 1 141130 635
520 0 22191159 0
521 0 18650073 0
522 1 622483 3234
523 0 16974120 0
524 1 493975 2263
525 0 18370064 0
526 1 86885 380
527 0 19393801 0
528 1 282634 1292
529 1 286483 1306
530 0 19636203 0
531 0 20091892 0
532 0 19198249 0
533 1 745459 3402
534 0 22123112 0
535 0 15778159 0
536 0 22651654 0
537 1 573772 2613
538 0 15701598 0
539 0 18506738 0
540 0 19404110 0
541 1 469096 2126
542 0 19744918 0
543 0 21928747 0
544 0 18677037 0
545 0 20937275 0
546 0 19719577 0
547 0 22577168 0
548 0 20725951 0
549 0 15548591 0
550 1 531468 2391
551 1 321783 1451
552 0 15706213 0
553 1 497589 2268
554 0 15770920 0
555 1 337033 1523
556 1 921034 4191
557 0 20299275 0
558 0 16116192 0
559 1 67318 279
560 0 19725852 0
561 1 302507 1374
562 1 270100 1234
563 0 22473291 0
564 1 287387 1294
565 0 19870309 0
566 0 22252099 0
567 0 20256756 0
568 0 22988748 0
569 0 19211932 0
570 1 208303 909
571 0 21984759 0
572 1 335158 1500
573 0 21944031 0
574 1 214423 1093
575 1 487209 2230
576 1 840594 3851
577 1 213761 971
578 0 19885886 0
579 1 291439 1317
580 0 22606482 0
581 0 21342601 0
582 1 428723 1954
583 0 20510050 0
584 0 20471200 0
585 1 394649 1798
586 0 19125332 0
587 0 22636095 0
588 0 21687015 0
589 0 21433459 0
590 1 900556 4517
591 0 20708137 0
592 0 20738492 0
593 1 150001 730
594 0 18539760 0
595 0 19306473 0
596 0 19045955 0
597 0 15672311 0
598 1 828375 3830
599 0 21090981 0
600 0 15628486 0
601 0 19587350 0
602 0 18384400 0
603 0 15695973 0
604 1 158114 697
605 0 18954141 0
606 0 18667006 0
607 1 479085 2190
608 1 100875 450
609 0 19869934 0
610 1 261105 1157
611 1 186805 848
612 1 481573 2218
613 0 19242395 0
614 1 818029 3778
615 0 15529727 0
616 0 19600343 0
617 1 492670 2257
618 0 18880852 0
619 1 142913 721
620 0 15550413 0
621 0 16921474 0
622 0 16053403 0
623 0 18875541 0
624 0 18625908 0
625 0 18786252 0
626 0 21502973 0
627 0 19846396 0
628 0 19646004 0
629 0 19856119 0
630 0 18608803 0
631 0 15638686 0
632 0 19026596 0
633 1 57970 209
634 1 195872 892
635 1 59722 262
636 1 592962 2715
637 0 22472409 0
638 0 15321798 0
639 0 22591990 0
640 1 58299 240
641 1 651400 2998
642 0 22549932 0
643 0 15572943 0
644 1 211850 965
645 0 20839998 0
646 0 20583417 0
647 1 499863 2290
648 0 19128661 0
649 0 22283134 0
650 0 21855833 0
651 0 22581203 0
652 1 203379 1031
653 0 19755847 0
654 0 19091794 0
655 0 15262383 0
656 1 671619 3084
657 1 426051 1955
658 1 251711 1143
659 0 19587651 0
660 0 22353175 0
661 1 377112 1943
662 0 22647419 0
663 1 83384 348
664 0 22118732 0
665 1 584813 2686
666 0 21948323 0
667 1 426857 1936
668 0 18910674 0
669 1 613358 2823
670 1 128294 576
671 0 19202926 0
672 0 20616540 0
673 0 19296854 0
674 1 72254 318
675 0 22697161 0
676 0 21009540 0
677 0 15340482 0
678 1 330406 1498
679 1 438217 2017
680 0 18923153 0
681 0 19547248 0
682 0 22567097 0
683 1 544517 2458
684 0 19312699 0
685 0 18552216 0
686 0 19888135 0
687 1 218666 1100
688 0 19101808 0
689 1 394882 1787
690 0 18740039 0
691 0 15591181 0
692 0 22429517 0
693 1 454192 2078
694 1 269633 1236
695 1 70160 292
696 1 56850 281
697 1 716806 3767
698 0 21580531 0
699 0 20634887 0
700 1 543253 2501
701 0 22530231 0
702 1 754224 3463
703 0 21738029 0
704 1 989989 4552
705 0 22265681 0
706 0 21397768 0
707 0 19817068 0
708 1 315511 1441
709 1 178920 787
710 1 679387 3145
711 1 302633 1388
712 0 20092091 0
713 0 19521114 0
714 0 20710130 0
715 1 564580 2921
716 0 20231489 0
717 0 19781710 0
718 1 335541 1526
719 1 371293 1643
720 0 19939002 0
721 0 19999972 0
722 1 156508 686
723 0 19913130 0
724 0 19110623 0
725 1 740123 3395
726 0 18777262 0
727 0 18538969 0
728 1 319190 1633
729 0 20655465 0
730 0 19906223 0
731 0 15670665 0
732 0 19316696 0
733 1 730913 3349
734 1 587277 2705
735 0 22387978 0
736 0 19861203 0
737 1 233872 1188
738 0 19914742 0
739 0 20085734 0
740 0 18913738 0
741 0 20421751 0
742 0 21732354 0
743 0 19305061 0
744 0 19712347 0
745 0 19468469 0
746 1 153406 685
747 0 19069206 0
748 1 418590 1889
749 1 301727 1500
750 1 3746 5
751 1 115109 513
752 0 21991297 0
753 1 506987 2332
754 0 19737532 0
755 0 20387921 0
756 1 789126 3618
757 0 20413714 0
758 0 15450049 0
759 1 37993 128
760 0 19899071 0
761 1 123964 539
762 0 15558868 0
763 0 19956750 0
764 0 19232117 0
765 0 20627907 0
766 0 19384117 0
767 0 18184436 0
768 0 21702808 0
769 1 109997 481
770 0 21089292 0
771 1 337695 1537
772 1 4101 6
773 0 19376369 0
774 1 249854 1118
775 1 365607 1677
776 1 415842 1917
777 0 19097489 0
778 1 558571 2888
779 0 21924513 0
780 1 351688 1587
781 1 85300 325
782 1 368006 1683
783 0 20409541 0
784 0 21986083 0
785 1 342741 1559
786 0 22417168 0
787 0 15825802 0
788 1 541241 2436
789 1 113873 504
790 0 19749449 0
791 0 20346663 0
792 1 261450 1172
793 0 20890242 0
794 1 300485 1330
795 1 434514 1994
796 0 20783591 0
797 0 20757503 0
798 0 21946681 0
799 0 15575462 0
800 1 535079 2445
801 0 19074563 0
802 0 21031049 0
803 0 20496907 0
804 0 19050152 0
805 1 383502 1728
806 1 17653 66
807 1 235696 1070
808 0 18445381 0
809 0 19772437 0
810 0 19130554 0
811 0 19742733 0
812 1 368886 1663
813 0 20325306 0
814 0 19644398 0
815 0 22550099 0
816 0 19917755 0
817 0 22718661 0
818 1 128044 562
819 1 189463 860
820 0 15494332 0
821 1 286362 1445
822 1 1254164 5803
823 1 211755 965
824 0 19526277 0
825 1 221296 984
826 0 19558436 0
827 1 644289 2950
828 1 299556 1349
829 0 21660488 0
830 0 20887864 0
831 0 15531207 0
832 0 19221935 0
833 0 15665911 0
834 0 15597975 0
835 1 614086 3208
836 0 19493687 0
837 0 22539229 0
838 0 20531454 0
839 0 20387805 0
840 0 20404603 0
841 0 22166868 0
842 0 21132325 0
843 0 20243156 0
844 1 635061 2898
845 0 19218621 0
846 0 15703262 0
847 1 207804 919
848 0 21581930 0
849 1 44933 171
850 0 20262274 0
851 0 21785923 0
852 1 604548 2749
853 0 15946643 0
854 1 462912 2108
855 0 20300753 0
856 0 20056029 0
857 1 294928 1328
858 0 20259547 0
859 1 278045 1256
860 0 19909597 0
861 0 20540291 0
862 0 21734529 0
863 0 20131737 0
864 0 19461991 0
865 1 1055391 4839
866 1 267214 1212
867 1 175466 793
868 1 165334 739
869 0 15783061 0
870 1 33551 128
871 0 15328646 0
872 1 195412 882
873 1 449344 2352
874 0 15479177 0
875 0 21620155 0
876 1 332300 1495
877 0 19178272 0
878 0 19239458 0
879 0 19562237 0
880 0 15767633 0
881 0 19483620 0
882 0 19244715 0
883 1 57938 231
884 0 15642732 0
885 1 724629 3329
886 0 19583967 0
887 1 276471 1251
888 0 19339206 0
889 0 19957023 0
890 0 19104684 0
891 1 474969 2168
892 0 18781903 0
893 0 20308092 0
894 0 18132364 0
895 0 22404647 0
896 0 19958502 0
897 1 388003 1769
898 0 18568746 0
899 0 19167861 0
900 1 413197 2134
901 0 18860373 0
902 0 22479006 0
903 0 21885463 0
904 0 20479860 0
905 1 174343 773
906 1 120131 536
907 0 23004203 0
908 0 15585894 0
909 0 15590920 0
910 0 19374967 0
911 1 895099 4110
912 0 20033468 0
913 0 15950360 0
914 0 15721115 0
915 0 15769132 0
916 0 19073369 0
917 0 15723670 0
918 1 194084 807
919 1 13403 32
920 1 408941 1874
921 0 19590274 0
922 1 280953 1275
923 0 22468322 0
924 0 22424886 0
925 0 19809252 0
926 1 496582 2258
927 1 801734 3681
928 1 18143 65
929 0 21264522 0
930 1 487589 2219
931 0 19631434 0
932 0 20212311 0
933 0 18497615 0
934 1 122667 585
935 0 19856162 0
936 0 19495579 0
937 0 21535748 0
938 1 354844 1592
939 0 22407905 0
940 0 22478656 0
941 0 15866874 0
942 0 20637483 0
943 0 21488254 0
944 0 20835764 0
945 1 505671 2274
946 1 546493 2508
947 0 19603734 0
948 0 18655264 0
949 0 20004232 0
950 1 567186 2584
951 0 20718032 0
952 1 83588 359
953 0 19389922 0
954 0 20233435 0
955 1 449275 2044
956 0 22313187 0
957 0 19613481 0
958 0 21731959 0
959 1 541929 2452
960 1 354114 1623
961 0 19133207 0
962 0 19040773 0
963 1 174187 873
964 1 176195 798
965 0 15656510 0
966 0 21345705 0
967 0 15780711 0
968 1 12856 36
969 1 103547 464
970 0 19794246 0
971 1 359424 1630
972 0 19273892 0
973 1 465374 2112
974 1 557708 2561
975 1 12280 42
976 0 19186135 0
977 1 412839 1864
978 0 15628722 0
979 1 419718 2084
980 0 15706828 0
981 0 19593989 0
982 0 21443614 0
983 0 20457074 0
984 1 171938 765
985 0 21123013 0
986 1 376764 1680
987 0 20184306 0
988 0 19648366 0
989 0 19964347 0
990 0 21244730 0
991 1 563489 2544
992 0 20283653 0
993 1 445257 2037
994 0 20329367 0
995 1 206848 1032
996 0 23010876 0
997 0 20638263 0
998 1 106391 445
999 1 207044 941
1000 1 292732 1327
1001 0 21013441 0
1002 0 21274123 0
1003 0 19632965 0
1004 1 649963 2974
1005 1 803499 3692
1006 0 22632192 0
1007 0 21741951 0
1008 1 278367 1239
1009 1 302530 1560
1010 0 21315597 0
1011 0 21056974 0
1012 1 69291 301
1013 0 21150541 0
1014 1 73868 304
1015 1 625996 2880
1016 0 18465086 0
1017 0 20509971 0
1018 1 663106 3025
1019 1 408583 1876
1020 0 19610944 0
1021 1 534675 2796
1022 0 18597892 0
1023 0 21670436 0
1024 0 20028577 0
1025 0 15574792 0
1026 0 18755843 0
1027 1 789790 3647
1028 1 237323 1086
1029 1 760752 3511
1030 0 20895504 0
1031 0 15349827 0
1032 1 177519 791
1033 0 19520936 0
1034 0 15957041 0
1035 1 478747 2195
1036 1 329221 1509
1037 0 19481518 0
1038 0 18749870 0
1039 1 205427 932
1040 1 268358 1228
1041 0 19369944 0
1042 0 19199329 0
1043 1 653031 2982
1044 1 175174 797
1045 1 722409 3322
1046 0 18083844 0
1047 1 497549 2284
1048 0 15578856 0
1049 1 374916 1668
1050 0 20439853 0
1051 0 19576695 0
1052 0 15798548 0
1053 1 248506 951
1054 1 590314 2727
1055 1 593044 2744
1056 0 20000724 0
1057 1 89944 417
1058 0 19122414 0
1059 1 435294 1985
1060 0 19189921 0
1061 0 20261104 0
1062 0 15462081 0
1063 0 15673061 0
1064 1 788623 4135
1065 0 19516523 0
1066 0 19747876 0
1067 0 22035130 0
1068 1 355105 1586
1069 1 82673 364
1070 1 421771 1930
1071 0 20853978 0
1072 1 123123 619
1073 0 18547619 0
1074 0 20892187 0
1075 0 15326115 0
1076 0 18865688 0
1077 1 203398 1029
1078 0 19006836 0
1079 1 800601 3608
1080 1 369035 1911
1081 0 20972542 0
1082 0 19837468 0
1083 1 781339 3593
1084 1 158569 720
1085 0 19740043 0
1086 1 122414 531
1087 1 389758 1779
1088 0 19050393 0
1089 0 19070684 0
1090 1 643677 2933
1091 1 267190 1226
1092 0 19898784 0
1093 0 19915704 0
1094 0 19558240 0
1095 1 483031 2202
1096 0 22589929 0
1097 1 221960 990
1098 0 20056912 0
1099 0 19240765 0
1100 0 18728663 0
1101 0 20031431 0
1102 0 18785533 0
1103 0 22033684 0
1104 0 21829367 0
1105 0 22651644 0
1106 1 392037 1780
1107 1 164561 743
1108 0 20026222 0
1109 1 61458 280
1110 0 20334666 0
1111 0 19140760 0
1112 0 20550060 0
1113 0 20274012 0
1114 0 18867459 0
1115 0 19490590 0
1116 1 647771 2973
1117 0 19756535 0
1118 1 603033 2725
1119 0 19287817 0
1120 1 34946 114
1121 1 488244 2250
1122 1 482324 2214
1123 0 18325440 0
1124 0 20192523 0
1125 1 33375 141
1126 0 19690777 0
1127 0 19644437 0
1128 0 21378900 0
1129 1 165606 827
1130 0 19877956 0
1131 1 559929 2563
1132 1 446141 2047
1133 1 84269 371
1134 0 20165493 0
1135 1 47061 177
1136 0 20627554 0
1137 0 20325331 0
1138 0 15517356 0
1139 1 328851 1479
1140 0 19185790 0
1141 1 20183 34
1142 1 231736 1044
1143 0 19552908 0
1144 0 21445208 0
1145 0 19321759 0
1146 1 261587 1150
1147 0 15605789 0
1148 0 15761127 0
1149 1 362531 1654
1150 1 438516 2011
1151 0 23043594 0
1152 1 275021 1219
1153 0 22958761 0
1154 0 22753885 0
1155 0 22361971 0
1156 0 15310040 0
1157 0 19806757 0
1158 0 21444187 0
1159 1 389698 1769
1160 0 18964434 0
1161 0 15589203 0
1162 0 21860562 0
1163 0 21756926 0
1164 0 19298174 0
1165 0 15669814 0
1166 0 19901715 0
1167 0 22254043 0
1168 0 19645228 0
1169 1 415593 2141
1170 0 19496806 0
1171 0 20881884 0
1172 0 21599988 0
1173 0 21958646 0
1174 0 21044642 0
1175 0 15661447 0
1176 1 88420 380
1177 1 844391 3875
1178 0 19148588 0
1179 0 20041713 0
1180 0 22779601 0
1181 1 52295 222
1182 0 20822189 0
1183 0 22730958 0
1184 0 22536128 0
1185 0 19996820 0
1186 0 19581958 0
1187 0 19492415 0
1188 0 20013904 0
1189 0 15403289 0
1190 1 312522 1417
1191 0 18935829 0
1192 0 21362259 0
1193 0 15262210 0
1194 0 19595862 0
1195 0 15661973 0
1196 0 19581917 0
1197 0 15304541 0
1198 0 21516070 0
1199 0 19671067 0
0 0 19633320 0
1 1 445793 2013
2 0 19668191 0
3 0 19780095 0
4 0 20055849 0
5 1 551870 2515
6 0 15581972 0
7 0 19069385 0
8 1 266919 1330
9 0 19478481 0
10 0 18947974 0
11 0 19240735 0
12 1 225689 996
13 0 18880393 0
14 0 19686460 0
15 0 18892646 0
16 1 373552 1694
17 0 19071672 0
18 0 18932180 0
19 1 35325 142
20 0 20878885 0
21 0 19699710 0
22 0 18728819 0
23 1 461587 2094
24 0 22389362 0
25 0 20137749 0
26 0 18933976 0
27 0 20821806 0
28 1 601714 2766
29 1 105471 474
30 0 20026861 0
31 1 260493 1152
32 0 18027127 0
33 0 15636596 0
34 1 73263 317
35 0 19375001 0
36 0 19147549 0
37 0 20450413 0
38 0 20240610 0
39 0 19170837 0
40 0 20382910 0
41 0 18797140 0
42 1 684596 3153
43 0 20115842 0
44 0 22635982 0
45 1 445773 2017
46 0 19613833 0
47 0 15327030 0
48 1 409077 1856
49 0 19279609 0
50 0 20077069 0
51 0 19116297 0
52 1 458223 2086
53 1 266976 1219
54 0 19476474 0
55 0 19351958 0
56 0 19436624 0
57 0 20195685 0
58 0 21159863 0
59 0 20012886 0
60 0 19155998 0
61 0 22243613 0
62 0 21030735 0
63 0 19972387 0
64 0 19382724 0
65 0 18306603 0
66 1 43280 145
67 0 19069693 0
68 0 18953274 0
69 0 18961835 0
70 0 20125857 0
71 1 162916 716
72 0 19167680 0
73 0 19452300 0
74 1 356084 1610
75 0 19731256 0
76 0 18657753 0
77 0 20429607 0
78 0 16457707 0
79 0 15602374 0
80 1 127362 559
81 0 15541658 0
82 1 346592 1582
83 1 353928 1603
84 1 492382 2262
85 1 363542 1661
86 0 19147836 0
87 0 19602972 0
88 1 129936 560
89 0 20363643 0
90 0 19235692 0
91 0 15651359 0
92 0 18979850 0
93 0 19318016 0
94 1 379251 1948
95 0 16138883 0
96 0 19221986 0
97 0 19117324 0
98 0 18707817 0
99 1 199862 886
100 0 19511170 0
101 0 19104985 0
102 0 19487720 0
103 0 20721022 0
104 0 20079262 0
105 1 552254 2536
106 0 18456485 0
107 0 19169789 0
108 1 564510 2594
109 0 19085516 0
110 0 19589536 0
111 0 21703544 0
112 0 19106479 0
113 1 332185 1511
114 1 203053 881
115 0 19896643 0
116 0 18911196 0
117 0 19035949 0
118 0 18896315 0
119 0 19026267 0
120 1 130322 570
121 1 130932 585
122 0 19977359 0
123 0 20660000 0
124 0 15781389 0
125 0 16752439 0
126 1 447632 2037
127 1 577437 2662
128 1 595077 2741
129 0 19520065 0
130 1 614959 2780
131 0 15729666 0
132 0 19054557 0
133 1 257313 1153
134 1 279599 1282
135 1 46991 202
136 1 149656 671
137 1 145953 658
138 0 19841598 0
139 0 16744874 0
140 0 19734245 0
141 0 19572051 0
142 0 19581308 0
143 0 21890196 0
144 0 19977386 0
145 0 18291130 0
146 1 541407 2487
147 0 19865489 0
148 0 22172531 0
149 0 21088136 0
150 1 25476 96
151 0 20567493 0
152 1 257482 1162
153 1 37261 155
154 0 19103991 0
155 1 1074836 4935
156 0 17179710 0
157 0 22027534 0
158 0 21100120 0
159 0 20541267 0
160 0 19235471 0
161 1 467655 2074
162 0 19780394 0
163 0 19717639 0
164 0 22030490 0
165 1 901723 4123
166 1 186276 847
167 1 569495 2608
168 0 15437759 0
169 1 260929 1161
170 0 22289089 0
171 1 173935 783
172 0 19370989 0
173 0 19469983 0
174 0 19746811 0
175 0 22018939 0
176 0 22146271 0
177 0 21328541 0
178 0 20958053 0
179 0 21746553 0
180 1 312195 1415
181 0 21106875 0
182 1 406260 1853
183 0 19303535 0
184 1 578499 2647
185 1 301358 1560
186 1 136975 618
187 0 20447444 0
188 0 19224191 0
189 0 21605407 0
190 1 160988 799
191 1 502499 2612
192 0 20366412 0
193 0 19884416 0
194 1 91116 396
195 0 19654970 0
196 0 21004746 0
197 1 120374 531
198 0 22002769 0
199 1 338202 1518
200 0 21704354 0
201 0 17837143 0
202 0 21953361 0
203 0 21642713 0
204 0 17370104 0
205 1 306275 1390
206 1 75528 331
207 0 19456189 0
208 0 19808228 0
209 0 19363344 0
210 0 19435734 0
211 1 227914 1023
212 0 19298087 0
213 1 336663 1513
214 0 19283197 0
215 0 19139965 0
216 0 19501908 0
217 0 19798568 0
218 0 19654079 0
219 0 15538058 0
220 0 20071016 0
221 0 19142063 0
222 0 19359812 0
223 0 19174478 0
224 0 19304758 0
225 0 19739258 0
226 0 18462670 0
227 0 16071844 0
228 0 19045994 0
229 0 19342445 0
230 1 248318 1111
231 0 19438805 0
232 1 206320 922
233 0 19872801 0
234 0 19250272 0
235 1 327288 1489
236 1 393284 1796
237 0 21639931 0
238 1 568993 2598
239 1 294583 1516
240 0 19315046 0
241 0 18636543 0
242 0 19871296 0
243 1 588889 2695
244 0 20914147 0
245 0 21829414 0
246 0 21996414 0
247 0 19079210 0
248 0 20567388 0
249 0 19338664 0
250 1 160875 715
251 0 21317319 0
252 1 583446 2654
253 0 20543923 0
254 0 22723654 0
255 0 22444354 0
256 1 330808 1475
257 1 447603 2049
258 0 20904473 0
259 1 142927 611
260 0 20307749 0
261 1 533465 2409
262 1 100016 437
263 0 22199772 0
264 1 320071 1439
265 1 542791 2497
266 0 21345363 0
267 1 940520 4289
268 1 107593 450
269 1 295894 1349
270 0 20352949 0
271 0 15689238 0
272 0 20538020 0
273 1 824493 3766
274 0 18665348 0
275 0 18971776 0
276 0 15779382 0
277 0 19071859 0
278 1 471069 2457
279 1 357773 1640
280 0 22123503 0
281 0 18768215 0
282 0 18365145 0
283 0 21724703 0
284 0 21283393 0
285 1 241566 1082
286 0 20349389 0
287 0 20410437 0
288 0 20412404 0
289 1 222798 999
290 1 56636 241
291 0 18754302 0
292 0 22571741 0
293 0 15547276 0
294 0 20530339 0
295 0 15803687 0
296 0 20651746 0
297 0 21158004 0
298 0 15500316 0
299 1 258497 1172
300 1 247330 1129
301 1 412158 2133
302 0 22013625 0
303 0 20658394 0
304 1 461480 2114
305 1 295444 1355
306 1 926497 4275
307 0 20432237 0
308 1 348156 1574
309 1 1131165 5224
310 1 195897 884
311 1 29499 124
312 0 21239230 0
313 0 19050390 0
314 0 19243810 0
315 1 153897 644
316 0 22220791 0
317 0 21647262 0
318 1 520566 2385
319 1 101592 456
320 0 20138651 0
321 1 492831 2257
322 0 21784711 0
323 1 248987 1118
324 0 19561796 0
325 1 532822 2440
326 1 253364 1165
327 0 19937021 0
328 0 16899975 0
329 1 253374 1133
330 0 20165065 0
331 0 20221220 0
332 0 20810741 0
333 1 326679 1499
334 0 19924008 0
335 1 473507 2172
336 0 18417319 0
337 0 20175758 0
338 1 322021 1465
339 0 19928416 0
340 0 19438466 0
341 0 18297508 0
342 1 405664 1851
343 0 19338384 0
344 0 19057521 0
345 0 19839566 0
346 1 329071 1493
347 0 20664938 0
348 1 59233 240
349 0 19173575 0
350 1 193769 863
351 0 18903926 0
352 0 22020387 0
353 0 19926095 0
354 1 491335 2244
355 0 19230840 0
356 0 22182613 0
357 0 21039502 0
358 1 480811 2198
359 1 148153 674
360 0 19098772 0
361 1 348957 1575
362 0 19495486 0
363 1 135305 662
364 0 18762084 0
365 0 18942812 0
366 0 19586983 0
367 0 21189991 0
368 1 374993 1703
369 0 20650347 0
370 0 15969267 0
371 1 325569 1481
372 1 264735 1200
373 1 176036 796
374 1 39407 159
375 1 43234 185
376 0 18529006 0
377 0 21835594 0
378 1 1196164 5501
379 0 19398535 0
380 0 20079726 0
381 0 19505127 0
382 1 377834 1701
383 0 18402952 0
384 1 155361 677
385 0 15304416 0
386 1 298846 1351
387 1 347849 1569
388 0 15310753 0
389 0 15868267 0
390 0 15628127 0
391 0 19126642 0
392 1 173878 769
393 0 20724670 0
394 0 18833873 0
395 0 19533538 0
396 0 19741372 0
397 1 138745 605
398 1 463583 2132
399 0 21617836 0
400 0 19821502 0
401 1 391193 1776
402 1 212483 956
403 1 56935 271
404 1 81652 353
405 0 20753654 0
406 1 80975 332
407 1 317434 1456
408 0 19507653 0
409 1 333354 1732
410 0 19717540 0
411 0 20534344 0
412 1 314797 1421
413 0 16809396 0
414 0 20021927 0
415 1 324627 1474
416 1 312049 1422
417 1 252776 1150
418 0 21599766 0
419 0 22590422 0
420 1 970672 4450
421 0 18730440 0
422 0 18717057 0
423 0 18892102 0
424 0 19356246 0
425 0 19374054 0
426 1 551734 2515
427 1 535472 2457
428 0 19209799 0
429 0 19646898 0
430 0 19766535 0
431 1 373516 1685
432 1 971824 4476
433 0 20424121 0
434 0 20636388 0
435 1 75495 317
436 1 383253 1664
437 1 696652 3216
438 1 588449 2713
439 0 16580376 0
440 0 18964411 0
441 0 20201584 0
442 1 801316 3687
443 0 18165311 0
444 0 19910073 0
445 0 19413090 0
446 0 18353183 0
447 0 15772504 0
448 0 20936932 0
449 0 20699323 0
450 0 21989315 0
451 0 22464032 0
452 0 20353271 0
453 0 22686529 0
454 1 1123241 5146
455 1 439210 2024
456 0 22041446 0
457 1 163157 821
458 1 154277 667
459 1 170512 771
460 0 19477433 0
461 0 15252949 0
462 0 19783342 0
463 0 17006994 0
464 0 18489367 0
465 0 19807297 0
466 1 694275 3205
467 1 398543 1826
468 0 19932483 0
469 0 20406357 0
470 1 685602 3138
471 0 19694981 0
472 0 19977794 0
473 0 20151220 0
474 0 15268331 0
475 1 78179 338
476 0 18241397 0
477 0 19339912 0
478 0 18875971 0
479 0 19407789 0
480 1 881175 4061
481 0 15926056 0
482 1 498486 2273
483 0 19105779 0
484 0 19430840 0
485 0 21961264 0
486 1 269054 1204
487 1 349246 1600
488 1 256275 1163
489 1 533691 2434
490 0 18538576 0
491 0 20580073 0
492 0 16529895 0
493 1 295354 1327
494 1 372295 1942
495 0 18795786 0
496 0 18953125 0
497 0 20825586 0
498 1 125430 544
499 0 21073863 0
500 1 616078 2828
501 0 19217779 0
502 0 15836803 0
503 0 15723558 0
504 0 19437877 0
505 0 20367516 0
506 0 21873113 0
507 0 22400839 0
508 0 18096066 0
509 0 22318387 0
510 1 949931 4353
511 1 504946 2312
512 1 106688 479
513 0 19703850 0
514 0 15999546 0
515 1 225405 1000
516 0 19819398 0
517 1 311782 1411
518 0 22706570 0
519 0 20556677 0
520 1 674439 3074
521 1 458656 2099
522 1 374679 1714
523 0 20397359 0
524 1 420629 1921
525 0 15351790 0
526 0 18239094 0
527 0 21604540 0
528 1 469177 2130
529 1 103001 410
530 1 447122 2054
531 1 420585 2170
532 1 281525 1232
533 0 22300791 0
534 0 19134875 0
535 1 813108 3709
536 0 20385819 0
537 0 21597725 0
538 0 20436739 0
539 1 325814 1465
540 0 20811951 0
541 1 481566 2153
542 0 19340302 0
543 0 15346357 0
544 0 19717963 0
545 0 19610274 0
546 0 19551953 0
547 0 20018620 0
548 0 21554920 0
549 0 21327655 0
550 1 251675 1110
551 0 19005920 0
552 0 19729103 0
553 1 1467884 6771
554 0 19950389 0
555 0 19161665 0
556 1 325211 1452
557 1 675453 3115
558 1 573352 2636
559 1 446730 2060
560 1 335737 1533
561 0 21297400 0
562 0 21973693 0
563 1 196798 996
564 0 22188795 0
565 0 21174949 0
566 0 20006512 0
567 1 72246 313
568 0 19855889 0
569 1 754995 3476
570 0 21066127 0
571 0 18765374 0
572 1 373678 1695
573 1 422345 1937
574 1 554208 2553
575 0 19040108 0
576 0 19511016 0
577 1 346607 1565
578 0 22310844 0
579 0 19057548 0
580 0 19492693 0
581 0 20765596 0
582 0 20357561 0
583 1 767003 3532
584 1 752137 3467
585 0 18949026 0
586 1 211654 935
587 1 744561 3418
588 1 583512 2663
589 0 19113338 0
590 1 109350 479
591 1 513635 2344
592 1 970123 4450
593 1 734851 3364
594 0 22658664 0
595 1 271888 1219
596 1 271563 1236
597 0 22853558 0
598 0 21470110 0
599 1 55224 219
600 0 21358114 0
601 1 452999 2043
602 0 15720676 0
603 1 12076 35
604 1 88618 397
605 0 22693676 0
606 0 19836794 0
607 1 582327 2649
608 0 16840695 0
609 0 21519917 0
610 1 244566 1099
611 0 20305517 0
612 0 19564484 0
613 0 19384573 0
614 0 19703193 0
615 0 15387986 0
616 0 21799920 0
617 0 22625942 0
618 0 22700229 0
619 0 15532391 0
620 0 22991597 0
621 0 21698560 0
622 0 21911700 0
623 0 20034715 0
624 1 641554 2892
625 1 153479 689
626 0 19675198 0
627 0 19067975 0
628 1 152574 666
629 0 18968228 0
630 1 231623 1029
631 0 19495635 0
632 0 22459988 0
633 0 15662855 0
634 1 245884 1103
635 0 19519176 0
636 0 19200442 0
637 1 364548 1670
638 0 20821264 0
639 0 15660949 0
640 0 19140616 0
641 0 19015653 0
642 0 20043857 0
643 0 19947162 0
644 0 21949809 0
645 0 20809373 0
646 0 20237610 0
647 0 20350643 0
648 1 196584 870
649 0 19997004 0
650 1 46550 150
651 1 302244 1360
652 1 186621 852
653 0 19337469 0
654 1 333327 1520
655 1 41895 167
656 1 53529 203
657 1 734513 3394
658 0 19903627 0
659 0 15532758 0
660 1 197250 892
661 0 19549002 0
662 1 508713 2334
663 1 718755 3268
664 0 19647411 0
665 1 456774 2103
666 0 18182045 0
667 0 19367363 0
668 1 30628 83
669 0 15747042 0
670 0 18996871 0
671 0 15651772 0
672 0 19726433 0
673 1 353851 1585
674 1 637712 2951
675 1 55028 264
676 1 664050 3057
677 0 19031804 0
678 1 478159 2183
679 1 180824 798
680 0 20005208 0
681 0 18926599 0
682 1 481390 2205
683 0 22077106 0
684 0 23212830 0
685 1 960157 4423
686 1 108125 488
687 0 19138804 0
688 0 19354080 0
689 1 262724 1197
690 0 21098973 0
691 0 20985525 0
692 0 21308493 0
693 1 423840 1932
694 0 20691130 0
695 0 19663175 0
696 1 200290 888
697 0 21267425 0
698 1 535917 2415
699 1 61332 267
700 1 955066 4418
701 0 20132856 0
702 0 15552164 0
703 0 15897603 0
704 0 18756195 0
705 0 18572726 0
706 0 19569324 0
707 0 19820593 0
708 0 20066470 0
709 0 21953857 0
710 1 630334 2760
711 1 283899 1481
712 0 18665384 0
713 0 19156358 0
714 0 19593978 0
715 0 19482983 0
716 1 464819 2116
717 1 136914 613
718 0 18634111 0
719 0 19775879 0
720 1 439114 2004
721 1 279116 1277
722 0 19490237 0
723 1 400482 2069
724 1 451163 2062
725 0 21264428 0
726 0 20478047 0
727 1 169976 707
728 0 19528227 0
729 0 19013894 0
730 1 393037 1766
731 1 410315 1875
732 0 19407415 0
733 0 19299087 0
734 0 20078022 0
735 0 21015417 0
736 0 22520552 0
737 0 20384409 0
738 1 413185 1886
739 0 20124571 0
740 0 22105190 0
741 0 20280775 0
742 0 19036209 0
743 0 22259966 0
744 1 627159 2870
745 0 22031463 0
746 1 371843 1693
747 0 18125943 0
748 0 15919095 0
749 1 307621 1383
750 0 19157858 0
751 0 18692393 0
752 0 18390576 0
753 1 211322 1043
754 0 22030221 0
755 0 20474156 0
756 1 508756 2319
757 0 19515983 0
758 0 22827644 0
759 1 297300 1332
760 0 21316967 0
761 0 19689625 0
762 1 561167 2927
763 1 47390 186
764 1 759567 3482
765 0 19149860 0
766 1 526679 2410
767 0 19969956 0
768 0 20181914 0
769 1 265026 1191
770 0 19382993 0
771 1 654875 2987
772 0 22126805 0
773 1 317859 1431
774 0 22718985 0
775 0 16231288 0
776 1 347011 1558
777 0 17849794 0
778 0 19892844 0
779 0 19640342 0
780 0 21881816 0
781 1 234488 1190
782 0 18437038 0
783 1 29460 112
784 0 15497501 0
785 1 296937 1508
786 1 359798 1657
787 1 346082 1585
788 0 18088364 0
789 0 19305078 0
790 0 19291990 0
791 0 19277723 0
792 0 19260148 0
793 0 15492667 0
794 1 556998 2509
795 0 19876446 0
796 0 15949833 0
797 0 15474272 0
798 0 21173192 0
799 0 19146540 0
800 1 532866 2421
801 1 508459 2331
802 0 21385326 0
803 0 19183270 0
804 1 149251 737
805 1 531243 2452
806 0 19561011 0
807 0 18732230 0
808 0 19771991 0
809 1 413600 1896
810 1 165161 748
811 1 485322 2229
812 0 18331001 0
813 0 21541311 0
814 0 19806384 0
815 1 88133 369
816 0 19058312 0
817 0 19354350 0
818 0 19724659 0
819 1 325501 1492
820 0 18790416 0
821 1 443684 2016
822 0 19573554 0
823 0 15523282 0
824 0 19591334 0
825 0 22026858 0
826 0 18035210 0
827 0 21033494 0
828 1 303420 1360
829 1 218522 991
830 1 110623 492
831 1 105254 453
832 0 19537400 0
833 1 520402 2718
834 0 18845077 0
835 0 20186748 0
836 0 19475554 0
837 0 18918012 0
838 0 20023927 0
839 1 477221 2184
840 1 440613 2022
841 0 20114929 0
842 0 19489041 0
843 0 18932354 0
844 0 22779925 0
845 0 20846376 0
846 0 22322808 0
847 0 21129929 0
848 1 135804 593
849 0 20499043 0
850 1 376480 1728
851 0 19405832 0
852 0 19792211 0
853 1 88702 361
854 1 206859 944
855 1 363019 1662
856 0 19604035 0
857 1 500198 2273
858 1 280329 1287
859 1 546111 2514
860 0 17863256 0
861 1 489144 2233
862 1 100750 456
863 0 22098441 0
864 0 21972929 0
865 1 44098 182
866 1 657777 3032
867 0 18886119 0
868 1 1256746 5792
869 0 21287207 0
870 0 20099379 0
871 0 21418640 0
872 0 19470551 0
873 0 19868570 0
874 0 18779612 0
875 0 20314777 0
876 0 19355814 0
877 0 17336347 0
878 1 503183 2306
879 0 20457712 0
880 0 22484628 0
881 0 17562374 0
882 1 643379 2956
883 0 15465774 0
884 1 81979 343
885 1 615244 2803
886 1 195028 885
887 1 183526 828
888 0 19698026 0
889 0 18264778 0
890 1 275280 1237
891 1 370489 1693
892 1 363354 1644
893 0 19354282 0
894 0 22476423 0
895 0 22433163 0
896 0 22333105 0
897 0 20847102 0
898 0 22166635 0
899 0 21121629 0
900 0 19342662 0
901 0 19558756 0
902 1 1075656 4943
903 0 22614351 0
904 0 22202010 0
905 0 20857046 0
906 1 427152 2193
907 0 19810407 0
908 0 22389225 0
909 1 1197928 5493
910 0 21081682 0
911 0 21439703 0
912 1 414347 1870
913 0 19429261 0
914 0 20186166 0
915 1 423952 1922
916 0 20156353 0
917 0 18812196 0
918 0 15694460 0
919 0 19445382 0
920 0 20820754 0
921 1 50926 210
922 0 19838450 0
923 0 19878020 0
924 0 19000786 0
925 1 163268 723
926 0 20011268 0
927 0 19937225 0
928 0 15414699 0
929 1 159007 694
930 0 19689269 0
931 0 21989488 0
932 1 217620 1088
933 1 151478 684
934 0 22336282 0
935 0 20298344 0
936 0 18582057 0
937 0 15711641 0
938 1 820767 3766
939 0 19501572 0
940 0 21818818 0
941 0 20121340 0
942 1 128285 546
943 1 164287 744
944 0 22500508 0
945 1 88056 356
946 1 123104 623
947 0 15405813 0
948 1 915090 4145
949 0 21497325 0
950 1 654088 3409
951 1 369081 1688
952 0 22100754 0
953 0 23020373 0
954 1 855358 3910
955 0 19149146 0
956 1 157162 690
957 1 365815 1586
958 0 20061461 0
959 1 231220 1023
960 1 665655 3051
961 1 416453 1901
962 1 234022 1066
963 0 21842663 0
964 1 1090170 5014
965 0 21110077 0
966 0 20046897 0
967 0 22215411 0
968 0 16319037 0
969 0 21511145 0
970 0 19812124 0
971 0 17566127 0
972 1 250806 1115
973 0 19780387 0
974 1 59659 212
975 1 365292 1660
976 0 18741740 0
977 0 20567697 0
978 0 22261109 0
979 0 22210364 0
980 0 17071189 0
981 0 19328829 0
982 0 19303577 0
983 0 19448015 0
984 0 19575601 0
985 0 19209552 0
986 0 22162096 0
987 0 20993873 0
988 0 15532311 0
989 1 552562 2502
990 0 19456541 0
991 0 18768503 0
992 1 202826 901
993 0 15643694 0
994 0 18935136 0
995 0 15534909 0
996 0 19474083 0
997 0 19326829 0
998 0 19227659 0
999 0 19072789 0
1000 1 525738 2401
1001 1 159396 706
1002 0 19088996 0
1003 1 304578 1387
1004 1 84222 374
1005 0 19750187 0
1006 0 19480485 0
1007 0 19261915 0
1008 0 20000956 0
1009 0 16105757 0
1010 0 19088572 0
1011 1 475258 2174
1012 0 17881841 0
1013 0 21682009 0
1014 0 19232174 0
1015 1 629538 2861
1016 0 20842987 0
1017 1 225444 1030
1018 1 318750 1454
1019 0 19536003 0
1020 0 19190667 0
1021 1 821324 3757
1022 1 516619 2383
1023 0 19439559 0
1024 0 20285918 0
1025 1 178235 887
1026 0 19896792 0
1027 1 257937 1144
1028 0 17348219 0
1029 1 400948 1809
1030 0 15360719 0
1031 0 21877978 0
1032 0 21129601 0
1033 1 521427 2384
1034 0 18841902 0
1035 0 19430111 0
1036 0 20181144 0
1037 0 19895953 0
1038 0 21710486 0
1039 1 557707 2901
1040 1 536331 2471
1041 0 20154260 0
1042 0 20203720 0
1043 1 352602 1585
1044 1 217821 988
1045 0 17530934 0
1046 0 19271465 0
1047 0 16027618 0
1048 1 338496 1530
1049 1 686833 3159
1050 0 19306876 0
1051 1 727434 3294
1052 0 22004370 0
1053 1 644383 2955
1054 0 19412076 0
1055 0 19243436 0
1056 0 20361979 0
1057 0 18951522 0
1058 1 285651 1285
1059 1 225451 1027
1060 0 22454332 0
1061 1 484133 2215
1062 1 622033 2866
1063 1 362167 1600
1064 0 19519951 0
1065 0 18535368 0
1066 1 295529 1329
1067 1 367897 1688
1068 1 261577 1202
1069 0 19205138 0
1070 0 19852576 0
1071 0 18977587 0
1072 0 19804890 0
1073 0 20866653 0
1074 0 22140019 0
1075 1 672764 3085
1076 0 19023628 0
1077 0 20144135 0
1078 1 381828 1740
1079 1 234365 1066
1080 1 211040 947
1081 0 20642472 0
1082 0 22697414 0
1083 1 457966 2083
1084 0 20122760 0
1085 1 697570 3208
1086 0 20694190 0
1087 1 345472 1576
1088 0 21776409 0
1089 0 19357383 0
1090 0 22464358 0
1091 0 20022947 0
1092 0 19106552 0
1093 1 194359 862
1094 0 18645696 0
1095 1 153534 687
1096 0 19475941 0
1097 0 19094243 0
1098 0 18573896 0
1099 1 135960 648
1100 0 19029547 0
1101 0 19475906 0
1102 1 63947 255
1103 0 18749352 0
1104 0 19260951 0
1105 0 20116585 0
1106 0 22235494 0
1107 0 19112694 0
1108 0 20769175 0
1109 1 601133 2768
1110 0 21337917 0
1111 0 18290235 0
1112 0 17538677 0
1113 0 18273242 0
1114 0 15655873 0
1115 1 71142 300
1116 0 19169333 0
1117 1 403055 1807
1118 1 755405 3487
1119 0 21892531 0
1120 0 21531055 0
1121 1 821644 3792
1122 1 278084 1270
1123 1 457905 2107
1124 1 227025 1034
1125 1 241528 1106
1126 1 442525 2036
1127 1 391617 1800
1128 1 244751 1122
1129 1 332956 1530
1130 0 19032355 0
1131 0 15668144 0
1132 0 15443299 0
1133 0 18839236 0
1134 0 18954411 0
1135 1 269931 1225
1136 0 18739365 0
1137 1 188231 943
1138 0 21510754 0
1139 0 20512674 0
1140 0 22339644 0
1141 1 475807 2194
1142 0 19630869 0
1143 0 20641449 0
1144 1 32580 124
1145 0 20643477 0
1146 1 964678 4424
1147 0 19467385 0
1148 0 19452997 0
1149 1 534312 2456
1150 1 215509 991
1151 0 21968607 0
1152 0 20619066 0
1153 0 19345733 0
1154 0 19147115 0
1155 1 266593 1377
1156 0 20488592 0
1157 1 946644 4372
1158 0 15754803 0
1159 0 18814933 0
1160 0 21521862 0
1161 0 19948488 0
1162 1 775099 3565
1163 0 15597475 0
1164 1 871424 4000
1165 1 279112 1449
1166 1 238644 1097
1167 0 19036296 0
1168 1 338145 1736
1169 1 478994 2194
1170 1 139506 632
1171 1 538447 2463
1172 1 414771 1904
1173 0 19790577 0
1174 1 554010 2521
1175 0 19090923 0
1176 1 202821 919
1177 1 347078 1576
1178 0 18607678 0
1179 1 332630 1704
1180 1 47076 206
1181 0 21211148 0
1182 0 20651131 0
1183 0 21798086 0
1184 0 20079209 0
1185 1 443902 2288
1186 0 19583292 0
1187 0 20016157 0
1188 0 20497431 0
1189 1 282491 1430
1190 1 419339 1928
1191 1 317705 1626
1192 1 160808 733
1193 0 21050513 0
1194 0 19161061 0
1195 0 21730022 0
1196 0 19477484 0
1197 1 239484 1207
1198 0 19975371 0
1199 0 19529805 0
0 0 19206988 0
1 1 498581 2302
2 1 185447 850
3 0 19387474 0
4 1 515764 2362
5 0 19332360 0
6 0 19029474 0
7 0 19006521 0
8 0 20000813 0
9 1 533966 2768
10 0 19335571 0
11 0 20114588 0
12 0 19608368 0
13 1 494380 2274
14 0 19443889 0
15 0 20459151 0
16 0 19783490 0
17 1 464366 2082
18 0 22476709 0
19 1 176768 765
20 0 21296080 0
21 1 364868 1655
22 1 556319 2544
23 0 21758122 0
24 0 21502864 0
25 0 20083372 0
26 0 15612902 0
27 0 20370583 0
28 0 20201220 0
29 1 510922 2328
30 0 21231647 0
31 1 13724 43
32 1 180319 808
33 0 19695982 0
34 0 19117785 0
35 0 15570061 0
36 0 18391349 0
37 1 310500 1414
38 0 21987781 0
39 1 572240 2625
40 0 15943181 0
41 0 20580093 0
42 0 20332980 0
43 1 103008 446
44 1 378146 1738
45 0 20327661 0
46 0 22271235 0
47 1 404782 1841
48 1 164301 744
49 1 239092 1089
50 0 20253910 0
51 1 125502 627
52 1 435660 1978
53 0 19788712 0
54 0 18415838 0
55 0 18970159 0
56 0 20314533 0
57 1 237988 1062
58 0 19218532 0
59 0 18563897 0
60 1 355070 1605
61 1 414253 1902
62 1 339908 1558
63 0 20263843 0
64 1 393690 1793
65 0 18941404 0
66 1 636957 2920
67 0 19894690 0
68 0 20481384 0
69 0 20247684 0
70 1 269401 1210
71 0 19799983 0
72 0 19913567 0
73 0 19486021 0
74 0 22147364 0
75 0 19866838 0
76 0 19477834 0
77 1 786096 3616
78 0 19198872 0
79 0 20821415 0
80 1 419387 1928
81 0 19794827 0
82 1 320635 1459
83 0 18947530 0
84 1 34863 121
85 0 21473983 0
86 0 15639900 0
87 0 19787691 0
88 1 169310 747
89 0 19796311 0
90 1 380191 1735
91 1 135318 597
92 0 19163985 0
93 0 18699033 0
94 0 19338666 0
95 0 21372572 0
96 0 19029449 0
97 0 19836680 0
98 0 19170629 0
99 1 262574 1185
100 0 18307840 0
101 1 235601 1206
102 0 21308645 0
103 1 398998 1807
104 1 690299 3181
105 0 19497546 0
106 0 20471210 0
107 0 20036857 0
108 0 19550361 0
109 0 21287294 0
110 1 211288 941
111 0 17847217 0
112 0 16004733 0
113 0 22013830 0
114 1 5026 3
115 0 15461240 0
116 0 20681088 0
117 1 459806 2105
118 0 22560839 0
119 0 20096313 0
120 1 379417 1730
121 1 191757 871
122 0 22375047 0
123 0 18995176 0
124 0 19900150 0
125 0 19751751 0
126 0 21216814 0
127 0 20369646 0
128 0 20904317 0
129 0 20351252 0
130 0 20334502 0
131 0 20447672 0
132 0 20455205 0
133 0 20221138 0
134 1 504572 2302
135 1 531458 2459
136 1 855257 3947
137 0 20369060 0
138 1 476614 2168
139 1 507809 2338
140 0 20442340 0
141 0 18982399 0
142 0 15957760 0
143 0 19611875 0
144 0 20663371 0
145 0 15579337 0
146 1 343150 1552
147 0 18791165 0
148 0 19913638 0
149 0 20132711 0
150 0 19721898 0
151 0 18658145 0
152 0 19487353 0
153 0 15669223 0
154 0 18726030 0
155 1 18277 57
156 1 294061 1344
157 0 18648211 0
158 0 18455238 0
159 1 754977 3469
160 0 21485717 0
161 0 20951706 0
162 1 67151 287
163 0 15881841 0
164 1 721576 3312
165 0 19255583 0
166 0 19631963 0
167 1 559091 2569
168 1 463923 2106
169 0 19064020 0
170 0 20332771 0
171 0 19234436 0
172 0 21990370 0
173 0 21399566 0
174 1 173554 762
175 1 245709 1116
176 1 324993 1697
177 0 19180935 0
178 0 20034334 0
179 0 19486068 0
180 0 15426505 0
181 0 18935478 0
182 0 19207417 0
183 1 83209 360
184 0 21104567 0
185 0 20320298 0
186 0 19592387 0
187 0 19818256 0
188 0 21613210 0
189 1 312152 1423
190 0 20778548 0
191 0 20157910 0
192 0 19771694 0
193 1 56421 205
194 0 15803854 0
195 0 19347451 0
196 1 601745 2762
197 0 21143431 0
198 0 21946330 0
199 0 16630256 0
200 0 21279993 0
201 1 560442 2911
202 0 20656731 0
203 0 20739004 0
204 1 226670 1009
205 0 21948750 0
206 1 564764 2590
207 1 331436 1515
208 1 463147 2112
209 1 120730 538
210 1 347168 1585
211 1 547443 2514
212 0 19983748 0
213 1 760794 3460
214 1 619846 2838
215 1 172020 779
216 0 20160780 0
217 0 19447320 0
218 1 178985 786
219 1 655789 3014
220 0 19274206 0
221 0 19588406 0
222 0 20373783 0
223 0 19630251 0
224 0 18781508 0
225 0 18783858 0
226 0 19944901 0
227 0 15359336 0
228 1 456247 2068
229 0 22720694 0
230 0 22512069 0
231 0 15654670 0
232 0 21177483 0
233 1 146320 719
234 0 20125750 0
235 0 21062617 0
236 0 20247270 0
237 0 21617276 0
238 0 21043890 0
239 1 311464 1408
240 0 19668239 0
241 0 19532478 0
242 0 19017887 0
243 0 20748221 0
244 0 19060722 0
245 0 21486974 0
246 0 20323072 0
247 0 20401738 0
248 0 21338800 0
249 0 20335033 0
250 0 22691352 0
251 0 20493841 0
252 0 22788213 0
253 0 21230260 0
254 0 19785887 0
255 0 22442821 0
256 0 22592674 0
257 0 22076741 0
258 0 21492653 0
259 1 84392 346
260 0 19257998 0
261 1 323984 1480
262 0 19895021 0
263 0 21886843 0
264 0 20796918 0
265 0 20557534 0
266 1 478867 2195
267 0 20698983 0
268 0 19620994 0
269 0 20739668 0
270 0 21050406 0
271 0 19412882 0
272 0 18848374 0
273 0 20070536 0
274 1 71031 286
275 1 418225 1927
276 0 20855955 0
277 0 15579432 0
278 1 651654 2974
279 0 19630828 0
280 0 19327000 0
281 0 19068085 0
282 0 19312232 0
283 0 21249305 0
284 0 19300207 0
285 0 20536138 0
286 0 15961813 0
287 0 20281152 0
288 0 20407722 0
289 1 560031 2565
290 0 20427505 0
291 0 20146749 0
292 1 189011 854
293 1 463811 2422
294 0 19454828 0
295 0 15988329 0
296 1 383510 1741
297 0 19354427 0
298 1 88199 365
299 0 19807370 0
300 0 20439875 0
301 0 22003481 0
302 0 20150605 0
303 1 364043 1643
304 1 382672 1760
305 0 20094975 0
306 0 20336705 0
307 1 532835 2771
308 0 19521803 0
309 0 20937174 0
310 0 15527604 0
311 0 19832029 0
312 0 22253209 0
313 0 19881275 0
314 0 22061525 0
315 0 19453704 0
316 0 18451764 0
317 0 22249048 0
318 1 240961 1087
319 1 412199 1896
320 1 61393 263
321 0 21637619 0
322 0 19910623 0
323 1 272695 1213
324 1 640583 2939
325 0 19757936 0
326 0 19399785 0
327 1 91332 364
328 0 20400231 0
329 0 19477475 0
330 0 21294144 0
331 0 20421556 0
332 1 137522 606
333 0 22336418 0
334 1 446022 1785
335 0 19210058 0
336 1 500018 2288
337 1 262219 1193
338 0 18817962 0
339 0 21936176 0
340 0 21251262 0
341 1 371839 1667
342 0 18810483 0
343 0 21098988 0
344 0 15502848 0
345 1 749077 3461
346 1 146176 754
347 0 20381436 0
348 0 21890433 0
349 0 19922683 0
350 1 1096522 5062
351 0 15591522 0
352 0 19091797 0
353 0 20943276 0
354 1 565164 2591
355 1 332521 1519
356 1 173679 785
357 0 20249289 0
358 1 193638 970
359 1 96618 433
360 1 214518 959
361 1 223858 1020
362 0 18900594 0
363 0 19541534 0
364 0 19400378 0
365 0 19801409 0
366 0 20097012 0
367 1 481111 2169
368 1 157566 710
369 1 73532 322
370 1 241869 1108
371 0 18919415 0
372 0 19762279 0
373 0 19172900 0
374 1 285840 1462
375 0 20499072 0
376 0 19987683 0
377 0 21339691 0
378 0 20146096 0
379 0 19654173 0
380 0 21508002 0
381 0 15919553 0
382 0 21485753 0
383 0 20065448 0
384 1 33968 134
385 0 21791038 0
386 1 970750 4443
387 1 423084 2207
388 1 388564 1774
389 1 605671 2790
390 0 20222531 0
391 0 19726744 0
392 0 15946294 0
393 1 218792 994
394 0 20280953 0
395 1 507237 2322
396 0 18902977 0
397 1 331873 1515
398 1 313279 1437
399 0 18688864 0
400 0 18622026 0
401 0 21648717 0
402 0 20599856 0
403 0 19346782 0
404 0 19219297 0
405 0 19799147 0
406 0 18611322 0
407 0 19631387 0
408 0 19178185 0
409 0 18892653 0
410 0 19602958 0
411 1 26804 97
412 0 15695603 0
413 1 47340 198
414 0 19340299 0
415 0 19663275 0
416 0 18717120 0
417 1 732550 3372
418 0 19088535 0
419 1 208097 944
420 1 316713 1640
421 0 18933863 0
422 0 19370208 0
423 0 18483199 0
424 0 20122116 0
425 0 19918107 0
426 0 22863055 0
427 1 164057 725
428 0 22331386 0
429 0 20735930 0
430 1 236918 1070
431 1 165169 850
432 1 248610 1141
433 0 19372837 0
434 0 20053367 0
435 0 15766903 0
436 0 19201940 0
437 1 837540 3853
438 0 20158920 0
439 0 19166999 0
440 1 430929 1975
441 0 19371299 0
442 1 534792 2467
443 1 498313 2289
444 1 657618 3006
445 1 115545 519
446 0 19489837 0
447 0 15737607 0
448 0 18773392 0
449 0 19198407 0
450 1 84085 360
451 0 22072114 0
452 0 20395116 0
453 1 360930 1620
454 0 19840535 0
455 0 19968463 0
456 0 19304503 0
457 0 20563742 0
458 1 561542 2572
459 1 267240 1223
460 0 18480368 0
461 1 21512 56
462 0 18797454 0
463 1 380769 1738
464 1 247451 1107
465 1 489708 2562
466 0 20492002 0
467 1 592554 2716
468 0 19333325 0
469 1 181494 797
470 0 21034313 0
471 0 19720636 0
472 0 18746142 0
473 0 19654742 0
474 0 19030542 0
475 0 15511350 0
476 0 19272483 0
477 0 20214691 0
478 0 19988543 0
479 0 19834417 0
480 0 18950719 0
481 0 16842871 0
482 0 18966828 0
483 1 412180 1876
484 1 419894 1922
485 1 517895 2380
486 0 19582255 0
487 0 19731275 0
488 0 20018764 0
489 0 19254095 0
490 0 22670163 0
491 1 363596 1668
492 1 611496 2804
493 1 250691 1144
494 0 19776699 0
495 1 301255 1330
496 0 20200468 0
497 0 19353306 0
498 0 19336870 0
499 1 429395 1965
500 1 665432 3066
501 0 19945280 0
502 0 20146065 0
503 1 13692 26
504 0 19554876 0
505 1 382115 1735
506 1 337998 1506
507 0 20710277 0
508 0 20940052 0
509 1 187797 832
510 0 19983256 0
511 0 21621578 0
512 1 404305 1845
513 0 21715496 0
514 0 20958591 0
515 0 15610040 0
516 0 22740413 0
517 1 330244 1499
518 0 20735166 0
519 1 435316 2240
520 0 18882944 0
521 0 19966930 0
522 1 475638 2158
523 0 19658709 0
524 1 591166 2701
525 1 539845 2467
526 0 20250628 0
527 0 19483148 0
528 0 19254162 0
529 0 21666752 0
530 1 640447 2906
531 0 19434225 0
532 1 224746 1134
533 1 184204 827
534 1 638215 3345
535 0 21443684 0
536 0 21345194 0
537 1 327381 1484
538 0 22790445 0
539 0 22916764 0
540 1 260484 1327
541 1 420848 1930
542 0 19573954 0
543 0 19369379 0
544 0 15526351 0
545 1 528616 2427
546 1 625908 2880
547 1 104633 427
548 1 568295 2543
549 1 364904 1659
550 1 101316 451
551 1 257500 1174
552 0 19724781 0
553 0 20703331 0
554 1 79458 330
555 1 220929 1002
556 1 250524 1137
557 1 632633 2902
558 1 100503 440
559 1 125196 564
560 0 20053802 0
561 0 21703716 0
562 0 20429997 0
563 1 386836 1754
564 1 728321 3310
565 0 20507562 0
566 0 15643834 0
567 0 20016594 0
568 1 623687 2827
569 1 261034 1188
570 1 485380 2213
571 0 19288513 0
572 0 19765605 0
573 0 20511593 0
574 1 438086 1994
575 0 19783124 0
576 0 20464034 0
577 1 684171 3118
578 0 20434128 0
579 1 1343473 6163
580 0 21299336 0
581 0 21991482 0
582 1 354090 1592
583 0 20419856 0
584 1 140341 617
585 0 20104027 0
586 1 656104 3016
587 1 530709 2443
588 0 19512461 0
589 0 15398009 0
590 1 230398 1045
591 0 22531801 0
592 0 21516870 0
593 0 19898846 0
594 1 254528 1147
595 0 20743338 0
596 0 18650936 0
597 0 19042492 0
598 0 19167879 0
599 0 19866928 0
600 1 158385 700
601 0 19074406 0
602 0 22040976 0
603 0 20121690 0
604 0 20363486 0
605 0 18906273 0
606 1 37442 134
607 0 20303006 0
608 0 15815232 0
609 0 19221507 0
610 0 21593308 0
611 0 21884467 0
612 0 20138386 0
613 0 22324560 0
614 1 350689 1607
615 0 19589263 0
616 0 21781513 0
617 0 21490871 0
618 0 22817282 0
619 0 21550968 0
620 0 20939723 0
621 0 20280553 0
622 1 103780 462
623 1 196041 837
624 0 20277297 0
625 0 21000905 0
626 0 20042504 0
627 0 22040138 0
628 0 21369374 0
629 1 386882 1753
630 0 20882535 0
631 1 505787 2307
632 1 165690 749
633 0 21192979 0
634 0 18673555 0
635 1 637482 2948
636 0 20067586 0
637 0 21056145 0
638 0 19844037 0
639 0 22138744 0
640 1 45076 175
641 1 387963 1769
642 1 458490 2100
643 0 15731160 0
644 0 19402674 0
645 0 18783039 0
646 0 19285316 0
647 1 507539 2326
648 1 328428 1511
649 1 243518 1103
650 1 706027 3258
651 1 206412 938
652 0 22701842 0
653 0 21443712 0
654 1 192746 986
655 1 185378 836
656 1 369793 1430
657 0 18805774 0
658 0 15853503 0
659 0 20636406 0
660 1 392667 2031
661 0 19727121 0
662 0 18785035 0
663 0 21843963 0
664 0 20217210 0
665 1 469638 2155
666 0 19799608 0
667 0 20924759 0
668 0 15427371 0
669 1 354723 1595
670 1 223332 1019
671 0 18963398 0
672 0 20755773 0
673 0 20532767 0
674 0 20300799 0
675 1 240710 1071
676 1 286195 1314
677 0 19174016 0
678 1 383420 1742
679 0 19760926 0
680 0 19284292 0
681 0 21431667 0
682 0 20762405 0
683 0 15938692 0
684 0 19589430 0
685 0 19330807 0
686 1 217275 969
687 1 179480 814
688 0 18824276 0
689 0 21118219 0
690 1 232453 1050
691 0 19179946 0
692 0 19820014 0
693 0 20271223 0
694 0 21252231 0
695 0 19475685 0
696 1 496605 2272
697 0 23093378 0
698 1 334093 1522
699 0 21187372 0
700 1 476000 2181
701 1 1112175 5110
702 1 814014 3761
703 0 19821047 0
704 0 18645725 0
705 0 15498670 0
706 0 18365233 0
707 0 19431277 0
708 1 561709 2571
709 1 252328 1149
710 1 431212 1983
711 1 738622 3407
712 1 488786 2246
713 0 19356554 0
714 1 257167 1164
715 0 20428908 0
716 0 19188358 0
717 0 19633954 0
718 0 18953430 0
719 1 15546 16
720 0 19209708 0
721 0 20661745 0
722 0 19125246 0
723 0 19101377 0
724 0 18930502 0
725 0 15640404 0
726 0 19349033 0
727 0 20344728 0
728 1 133288 592
729 0 19731408 0
730 0 21493614 0
731 0 19508902 0
732 0 19047882 0
733 0 19855385 0
734 0 19336456 0
735 1 96227 407
736 0 15932266 0
737 1 546085 2497
738 0 18832519 0
739 0 19665832 0
740 1 146810 655
741 0 20935641 0
742 0 20311714 0
743 0 21975378 0
744 0 21433744 0
745 0 20178114 0
746 1 166781 750
747 1 193010 881
748 0 19861808 0
749 1 340433 1509
750 0 19861571 0
751 0 20094591 0
752 0 20338337 0
753 0 21423874 0
754 0 20426123 0
755 1 403641 1852
756 0 19087816 0
757 0 18983264 0
758 0 19231890 0
759 0 19079557 0
760 1 681121 3124
761 0 15546660 0
762 1 516805 2671
763 0 15582700 0
764 0 19219952 0
765 1 206827 888
766 0 19248962 0
767 0 19470691 0
768 1 166660 838
769 0 20207939 0
770 1 596349 2737
771 0 20947980 0
772 1 608313 2771
773 1 248166 1134
774 0 19521794 0
775 0 22223782 0
776 0 21988857 0
777 0 15501205 0
778 0 21919064 0
779 1 314774 1404
780 0 20875768 0
781 0 19672669 0
782 0 19224693 0
783 1 521345 2390
784 0 20602942 0
785 0 15899897 0
786 0 22223405 0
787 1 394852 1788
788 0 20739029 0
789 1 287834 1248
790 1 222574 1015
791 0 22713756 0
792 1 87229 377
793 1 576708 2638
794 1 400853 1829
795 0 19695502 0
796 0 19724247 0
797 1 371206 1899
798 0 20363397 0
799 0 22401194 0
800 0 20621604 0
801 0 22707838 0
802 0 20089721 0
803 1 871498 3962
804 1 681076 3126
805 0 19434303 0
806 0 19410532 0
807 0 18867758 0
808 1 204240 897
809 0 20310168 0
810 1 141454 623
811 0 21572511 0
812 1 522928 2361
813 0 20344222 0
814 1 443725 2022
815 0 19318231 0
816 1 197906 889
817 0 21854383 0
818 0 20590466 0
819 1 147860 705
820 0 20172447 0
821 0 19436718 0
822 0 20240658 0
823 0 21159855 0
824 1 753156 3433
825 0 21847130 0
826 0 21173705 0
827 0 20226642 0
828 0 19206632 0
829 0 19583942 0
830 0 20152029 0
831 0 19917444 0
832 0 21085932 0
833 0 21206264 0
834 0 21056476 0
835 0 20457095 0
836 0 20151541 0
837 0 20252076 0
838 1 338423 1536
839 0 21094945 0
840 1 200611 1024
841 0 18628079 0
842 0 19424089 0
843 1 130309 621
844 0 21839747 0
845 1 187479 926
846 1 404589 1850
847 1 81153 346
848 0 19640636 0
849 1 324085 1480
850 0 19822206 0
851 0 19489083 0
852 0 22426878 0
853 1 318965 1453
854 0 19394381 0
855 1 259190 1149
856 0 18769533 0
857 1 166742 758
858 0 22395191 0
859 0 20666870 0
860 0 19390267 0
861 0 15638751 0
862 0 18316616 0
863 0 15569446 0
864 1 272176 1233
865 0 18845629 0
866 0 18466646 0
867 0 19589482 0
868 0 20057393 0
869 1 386937 1744
870 0 19569153 0
871 0 20138409 0
872 1 329954 1486
873 1 395636 1778
874 0 18830941 0
875 0 19891812 0
876 0 19334719 0
877 1 528982 2419
878 0 18432516 0
879 0 18616798 0
880 1 285834 1292
881 0 18591040 0
882 1 480007 2186
883 1 254223 1165
884 0 18716475 0
885 1 273207 1228
886 0 19554422 0
887 0 19282345 0
888 1 180726 801
889 1 771975 3544
890 0 20215032 0
891 1 589205 2690
892 0 22459672 0
893 0 22051086 0
894 0 19894939 0
895 1 109058 480
896 1 381766 1750
897 0 20263250 0
898 1 127910 551
899 0 20155981 0
900 0 20213589 0
901 0 22082431 0
902 0 20650687 0
903 1 488618 2227
904 1 336846 1546
905 1 432395 2264
906 0 19697765 0
907 0 15488068 0
908 0 20251766 0
909 0 19382259 0
910 0 19785932 0
911 0 19900052 0
912 1 845933 3892
913 0 19372395 0
914 0 19450235 0
915 0 18202698 0
916 0 19413171 0
917 0 15491883 0
918 0 19654720 0
919 0 19731851 0
920 0 20668474 0
921 0 15524571 0
922 0 19554121 0
923 1 1053301 4851
924 0 19956916 0
925 0 19473418 0
926 1 563081 2578
927 0 15597331 0
928 0 19532174 0
929 0 19251508 0
930 0 19807465 0
931 0 19118068 0
932 1 71164 276
933 0 15373234 0
934 1 389855 1783
935 0 18979947 0
936 1 385466 1762
937 1 674325 3110
938 0 21250915 0
939 0 19995296 0
940 0 19663342 0
941 0 19137666 0
942 0 20203583 0
943 0 21895748 0
944 1 90134 383
945 0 21192414 0
946 0 20036999 0
947 1 295623 1343
948 0 19674883 0
949 0 15482722 0
950 0 18743411 0
951 0 21558753 0
952 1 185114 813
953 0 19039480 0
954 0 19564729 0
955 1 581086 2659
956 0 19049833 0
957 0 19557629 0
958 0 15415017 0
959 1 236990 1067
960 0 20436206 0
961 0 18806601 0
962 0 18838183 0
963 0 19007360 0
964 1 647871 2968
965 1 375682 1728
966 1 423629 1948
967 0 19057570 0
968 0 19858839 0
969 1 493689 2266
970 1 506406 2334
971 0 15522759 0
972 1 447104 2314
973 0 20733123 0
974 0 18481402 0
975 1 345758 1569
976 0 22769200 0
977 0 20727393 0
978 0 19545056 0
979 0 19534971 0
980 1 197130 877
981 0 15845961 0
982 1 328585 1499
983 1 195464 807
984 1 342330 1579
985 0 18918689 0
986 0 18852942 0
987 0 22228868 0
988 0 20556797 0
989 0 21840143 0
990 0 20608585 0
991 0 20379290 0
992 1 213799 965
993 1 344657 1578
994 0 19294445 0
995 0 22157047 0
996 0 19545528 0
997 0 19624014 0
998 1 304653 1385
999 0 19000960 0
1000 0 19385701 0
1001 0 19928149 0
1002 1 463244 2128
1003 1 332761 1513
1004 0 22320746 0
1005 0 21649401 0
1006 1 148062 659
1007 1 599549 3113
1008 1 573399 2637
1009 0 19880183 0
1010 0 20572608 0
1011 1 187664 850
1012 0 19024911 0
1013 0 19851001 0
1014 1 349414 1586
1015 1 108583 491
1016 1 648579 2936
1017 0 20521562 0
1018 0 19214791 0
1019 1 207781 1061
1020 1 274950 1259
1021 1 916792 4251
1022 0 21898896 0
1023 1 527646 2423
1024 0 20139812 0
1025 0 22222486 0
1026 0 22830276 0
1027 1 266190 1208
1028 0 20084159 0
1029 0 21522798 0
1030 1 72897 312
1031 0 21928285 0
1032 0 21884541 0
1033 1 139789 708
1034 1 91850 413
1035 0 19867188 0
1036 1 539297 2460
1037 1 461345 2104
1038 1 626749 2876
1039 0 19262936 0
1040 0 19394366 0
1041 0 19130245 0
1042 1 387763 1748
1043 1 548664 2515
1044 0 20392845 0
1045 0 21072418 0
1046 0 20398261 0
1047 1 529857 2399
1048 0 22008076 0
1049 1 379072 1725
1050 1 116547 524
1051 1 189897 858
1052 0 20916539 0
1053 0 20728402 0
1054 0 20333414 0
1055 1 418404 2152
1056 0 21125133 0
1057 1 1364081 6235
1058 0 20264929 0
1059 1 801640 3664
1060 0 21037806 0
1061 0 22677135 0
1062 0 22217676 0
1063 1 768184 3505
1064 0 20138120 0
1065 0 15848739 0
1066 0 19913534 0
1067 0 22022686 0
1068 1 460011 2093
1069 0 21665345 0
1070 0 22674586 0
1071 0 19082720 0
1072 1 78938 338
1073 0 20213977 0
1074 1 106577 456
1075 0 20432803 0
1076 0 19841548 0
1077 0 19052214 0
1078 0 21535688 0
1079 0 20071953 0
1080 0 19066863 0
1081 0 19393620 0
1082 0 19659648 0
1083 1 670882 3077
1084 1 188971 861
1085 1 575398 2641
1086 0 19465531 0
1087 0 21062686 0
1088 1 209724 947
1089 0 15693946 0
1090 0 18656606 0
1091 1 380603 1743
1092 1 321684 1471
1093 0 21368700 0
1094 1 264255 1204
1095 0 19944602 0
1096 1 70528 335
1097 1 258395 1179
1098 1 291097 1338
1099 0 19171539 0
1100 1 371149 1701
1101 0 20193870 0
1102 0 19801124 0
1103 1 67523 266
1104 1 273824 1086
1105 1 513412 2680
1106 0 19764302 0
1107 0 15608947 0
1108 1 171234 764
1109 1 255495 1167
1110 0 19193154 0
1111 0 18992933 0
1112 0 15723664 0
1113 1 436621 1975
1114 0 19556085 0
1115 1 242760 1099
1116 0 19526415 0
1117 0 19599907 0
1118 0 18558607 0
1119 1 450466 2031
1120 0 18964158 0
1121 0 21987010 0
1122 1 308181 1392
1123 0 19431029 0
1124 0 20028999 0
1125 0 22038169 0
1126 0 19603807 0
1127 0 19667397 0
1128 0 20725136 0
1129 1 346589 1564
1130 1 34870 139
1131 0 21989868 0
1132 0 19746211 0
1133 1 599383 2730
1134 0 21570145 0
1135 0 15573419 0
1136 0 19268867 0
1137 1 297225 1307
1138 0 20641981 0
1139 0 18800583 0
1140 0 18846718 0
1141 1 48357 203
1142 1 591419 2733
1143 0 19922744 0
1144 0 18823615 0
1145 1 262073 1178
1146 0 18427529 0
1147 0 19780623 0
1148 0 19107033 0
1149 0 18608276 0
1150 1 161911 731
1151 0 18642174 0
1152 0 18866900 0
1153 0 15352720 0
1154 0 15387002 0
1155 0 19853235 0
1156 1 250349 1123
1157 1 664086 3059
1158 1 374862 1728
1159 0 19220056 0
1160 0 19584049 0
1161 1 324568 1484
1162 0 19438909 0
1163 0 22014792 0
1164 0 19340879 0
1165 0 19516136 0
1166 0 21911262 0
1167 0 19599499 0
1168 0 15742914 0
1169 0 19075826 0
1170 0 20777644 0
1171 0 19310517 0
1172 0 18666875 0
1173 0 20307377 0
1174 0 19481898 0
1175 1 422970 2184
1176 0 19750431 0
1177 0 20562937 0
1178 0 19632477 0
1179 0 19541854 0
1180 0 19109830 0
1181 0 20272227 0
1182 0 19576015 0
1183 0 22645926 0
1184 0 22256805 0
1185 1 402921 1830
1186 0 19002290 0
1187 0 15185135 0
1188 0 19773366 0
1189 0 22598147 0
1190 0 20995885 0
1191 0 21391986 0
1192 1 141578 619
1193 0 19577900 0
1194 1 508543 2324
1195 0 20035884 0
1196 0 20112864 0
1197 1 409342 1868
1198 1 16243 63
1199 1 512415 2348
0 1 271622 1191
1 0 19944576 0
2 0 18500273 0
3 0 16493450 0
4 1 489431 2248
5 0 20650293 0
6 0 19765066 0
7 0 21530448 0
8 0 19021448 0
9 1 543441 2484
10 1 50290 171
11 1 141064 635
12 1 156234 701
13 0 15684174 0
14 0 18450672 0
15 1 385332 1745
16 0 19242816 0
17 1 177385 788
18 0 19989425 0
19 1 582198 2677
20 0 20061938 0
21 1 102482 424
22 0 22394591 0
23 0 21238332 0
24 0 21275052 0
25 1 119794 591
26 0 20114050 0
27 1 274875 1243
28 0 20532601 0
29 1 126929 555
30 1 455683 2081
31 0 20436158 0
32 0 22544213 0
33 1 207196 931
34 0 21991338 0
35 0 19612095 0
36 1 548320 2511
37 1 178652 758
38 0 20934999 0
39 0 20246461 0
40 1 191231 957
41 1 151061 683
42 0 22161062 0
43 1 401316 1812
44 0 19618981 0
45 0 19818646 0
46 0 19949953 0
47 0 20131951 0
48 0 21436305 0
49 0 20510575 0
50 0 22608518 0
51 0 22068847 0
52 0 19838691 0
53 0 20783124 0
54 0 21972270 0
55 0 15651928 0
56 0 19704023 0
57 1 82275 351
58 0 21037507 0
59 1 847412 3902
60 0 19709774 0
61 0 22471884 0
62 1 352136 1604
63 0 15670382 0
64 0 20529074 0
65 0 20695470 0
66 0 19476561 0
67 1 197517 872
68 0 19359478 0
69 0 22228544 0
70 0 20072959 0
71 0 20481203 0
72 1 603363 2753
73 0 20438275 0
74 0 22371416 0
75 0 15775825 0
76 1 188604 932
77 1 918280 4201
78 0 20016665 0
79 0 20102837 0
80 1 222226 1003
81 1 565685 2521
82 0 15498483 0
83 1 422531 2178
84 0 20344898 0
85 0 19087387 0
86 1 686314 3150
87 1 170034 771
88 0 18791731 0
89 0 18568093 0
90 0 18670750 0
91 1 295320 1331
92 1 513055 2337
93 0 19419599 0
94 1 406727 1855
95 1 307200 1399
96 0 22493200 0
97 0 19409865 0
98 0 20780447 0
99 0 22266376 0
100 1 111965 501
101 0 21734536 0
102 1 290524 1312
103 0 22718709 0
104 0 15502188 0
105 1 401115 1828
106 0 22600508 0
107 0 21416203 0
108 1 218350 986
109 1 435228 1986
110 1 401896 1835
111 0 15627448 0
112 0 21531564 0
113 0 22524012 0
114 1 463450 2397
115 0 21937224 0
116 0 21316821 0
117 1 391822 1774
118 0 20563530 0
119 0 19451457 0
120 0 20576664 0
121 0 15786995 0
122 1 850179 3899
123 1 347981 1589
124 0 22233507 0
125 0 21025943 0
126 0 15965531 0
127 0 18431935 0
128 0 20242835 0
129 0 15714606 0
130 0 20027931 0
131 0 15701638 0
132 0 19645329 0
133 1 135740 594
134 1 126123 568
135 0 19761782 0
136 0 19422775 0
137 0 22206760 0
138 1 315372 1434
139 1 180992 821
140 0 19486798 0
141 0 19986625 0
142 1 353870 1603
143 0 19930187 0
144 1 391842 1779
145 0 19147591 0
146 0 20911808 0
147 0 19702819 0
148 0 19941410 0
149 1 290599 1318
150 0 19113042 0
151 0 20459136 0
152 0 19022168 0
153 0 15357631 0
154 0 19528556 0
155 0 19217173 0
156 0 19779826 0
157 1 364614 1665
158 1 151053 678
159 0 20773117 0
160 0 20665610 0
161 0 19448120 0
162 1 87174 352
163 1 931261 4282
164 0 19524071 0
165 0 20136753 0
166 0 19470374 0
167 1 407221 1852
168 0 19970669 0
169 1 534036 2461
170 1 419656 1927
171 1 104162 467
172 0 21225587 0
173 1 285903 1286
174 1 572217 2628
175 1 797206 3667
176 0 20620397 0
177 1 1055830 4865
178 0 19109434 0
179 1 178091 793
180 0 19168437 0
181 0 20745474 0
182 0 20466449 0
183 0 21270826 0
184 0 20239289 0
185 0 18715447 0
186 0 19100616 0
187 0 19361365 0
188 1 184534 813
189 0 22599961 0
190 0 20390807 0
191 1 489426 2236
192 0 20844018 0
193 0 18328810 0
194 1 131791 580
195 0 18517207 0
196 0 19572679 0
197 0 19398577 0
198 0 19211146 0
199 0 15302275 0
200 0 19267046 0
201 0 18920683 0
202 0 19904973 0
203 0 15471453 0
204 0 21656786 0
205 1 469984 2119
206 1 127234 568
207 0 19850796 0
208 1 394741 1808
209 1 442769 2010
210 0 19522407 0
211 0 22475748 0
212 1 1237396 5699
213 1 210145 950
214 1 484784 2222
215 0 19058600 0
216 1 315839 1434
217 1 845074 3893
218 1 284640 1305
219 1 539570 2488
220 1 127633 561
221 0 19367844 0
222 0 15688983 0
223 0 18594673 0
224 0 20798659 0
225 0 18797238 0
226 0 15579929 0
227 0 19615444 0
228 0 18599030 0
229 0 15527734 0
230 0 18567267 0
231 1 550714 2530
232 1 164948 747
233 0 18953500 0
234 1 803498 3675
235 0 21800582 0
236 0 20984375 0
237 0 21315071 0
238 1 218199 948
239 0 19644301 0
240 0 19871971 0
241 0 15790634 0
242 0 19720662 0
243 1 508609 2324
244 0 15732647 0
245 0 19649817 0
246 0 15507786 0
247 0 15278860 0
248 0 19505727 0
249 0 15441649 0
250 0 19168388 0
251 0 19501125 0
252 1 376981 1720
253 1 267028 1218
254 0 20627266 0
255 0 20580716 0
256 1 814154 3747
257 0 21814296 0
258 0 19093940 0
259 0 19433103 0
260 0 19907799 0
261 0 21407468 0
262 0 20380414 0
263 1 121005 499
264 0 19786181 0
265 1 193288 842
266 0 20221143 0
267 0 20598700 0
268 1 292444 1310
269 0 19748770 0
270 1 744614 3422
271 1 246761 1078
272 1 303864 1585
273 0 15874541 0
274 1 395926 1799
275 1 72850 323
276 0 18371822 0
277 0 21622772 0
278 0 20831190 0
279 1 230132 1046
280 1 374754 1721
281 1 115032 518
282 0 20035712 0
283 0 15909230 0
284 1 596623 2733
285 1 335196 1541
286 0 20963575 0
287 1 24196 66
288 0 20197289 0
289 0 19840849 0
290 1 528230 2407
291 1 330321 1510
292 0 20686095 0
293 1 341557 1754
294 0 19990249 0
295 0 19824339 0
296 1 100363 472
297 0 19358830 0
298 1 534795 2447
299 0 19440312 0
300 1 103375 451
301 0 19424843 0
302 1 297592 1509
303 0 15896821 0
304 1 599800 2747
305 0 19257577 0
306 0 19334441 0
307 1 162330 791
308 0 20098106 0
309 0 19837657 0
310 0 19411295 0
311 0 19462326 0
312 0 18143111 0
313 1 534624 2463
314 0 20709288 0
315 1 224840 1010
316 0 20257747 0
317 0 18678880 0
318 1 122231 525
319 0 18851529 0
320 0 18915898 0
321 1 579246 2656
322 0 21212362 0
323 0 19988601 0
324 0 19841940 0
325 0 19584445 0
326 0 19329530 0
327 0 22600413 0
328 0 19988165 0
329 0 19143512 0
330 0 21237701 0
331 1 755431 3471
332 0 19397444 0
333 1 539083 2459
334 1 457782 2099
335 0 18782561 0
336 0 18246643 0
337 0 21901275 0
338 0 18761182 0
339 0 20334152 0
340 1 188319 856
341 0 19283030 0
342 0 19205605 0
343 1 244470 1106
344 1 339896 1561
345 0 19270972 0
346 0 19336558 0
347 0 18873145 0
348 1 384626 1707
349 0 19826325 0
350 0 19687632 0
351 1 485392 2214
352 1 368014 1695
353 1 638602 2935
354 0 20593004 0
355 0 19834000 0
356 0 20102298 0
357 1 366705 1885
358 0 19382228 0
359 1 20911 59
360 0 15681858 0
361 0 19779923 0
362 1 266231 1195
363 1 310468 1418
364 0 23062776 0
365 0 15754440 0
366 0 22684263 0
367 0 22616836 0
368 0 15779061 0
369 0 22965187 0
370 0 15529278 0
371 0 22321347 0
372 1 276601 1254
373 1 995095 4581
374 1 357815 1630
375 0 22882735 0
376 0 20744489 0
377 0 22292858 0
378 1 550130 2514
379 1 312069 1426
380 0 20507730 0
381 0 20009418 0
382 1 862786 3954
383 0 19948703 0
384 0 21644985 0
385 1 158863 692
386 0 19682968 0
387 1 395522 1791
388 0 21317047 0
389 0 20754033 0
390 1 43019 160
391 0 19249994 0
392 0 19894854 0
393 1 262582 1188
394 1 575487 2637
395 1 271304 1234
396 0 20238617 0
397 0 20310649 0
398 0 22064017 0
399 1 77797 291
400 1 1265054 5828
401 0 15665649 0
402 0 19015642 0
403 0 19655461 0
404 1 78620 323
405 1 331523 1507
406 0 19876654 0
407 0 18835217 0
408 1 331761 1498
409 1 274487 1246
410 0 19088032 0
411 0 20566755 0
412 0 19878765 0
413 0 18829469 0
414 0 15634119 0
415 1 503281 2286
416 1 103231 459
417 0 19411657 0
418 0 19808709 0
419 0 21640551 0
420 1 95464 418
421 1 1004466 4609
422 0 22254411 0
423 0 15768078 0
424 0 23011432 0
425 0 22433281 0
426 0 15518698 0
427 1 303604 1566
428 0 18896951 0
429 0 16225206 0
430 1 364418 1639
431 0 22777662 0
432 0 22562057 0
433 1 1291742 5929
434 0 18925549 0
435 0 18844756 0
436 1 833104 3811
437 1 162497 733
438 1 307430 1386
439 1 283140 1468
440 1 433555 2243
441 0 19588523 0
442 1 518146 2386
443 1 482973 2218
444 0 18831785 0
445 0 19642006 0
446 0 19107357 0
447 1 441047 2023
448 0 19262118 0
449 1 644081 2941
450 0 19054562 0
451 0 19583078 0
452 0 21225422 0
453 0 19935648 0
454 0 15763488 0
455 1 709714 3243
456 1 284744 1301
457 1 554966 2546
458 0 19078042 0
459 0 22313087 0
460 0 18408977 0
461 1 53972 221
462 1 249898 1294
463 0 19756489 0
464 1 373614 1912
465 0 20243093 0
466 1 467346 2132
467 1 795285 3649
468 1 397767 1822
469 1 178167 803
470 0 18763526 0
471 0 19086176 0
472 1 572153 2622
473 0 18634119 0
474 1 845717 3887
475 1 785404 3614
476 1 854270 3918
477 0 22339607 0
478 0 20700779 0
479 0 21018002 0
480 0 15339712 0
481 1 181948 817
482 0 19757520 0
483 0 22252763 0
484 0 21185698 0
485 0 20759253 0
486 0 22789274 0
487 0 20437159 0
488 0 22023459 0
489 0 22562674 0
490 0 22762920 0
491 1 173444 757
492 0 22404409 0
493 0 22408162 0
494 0 21594469 0
495 1 157043 681
496 1 996532 4591
497 0 21733291 0
498 1 94611 397
499 0 20385071 0
500 0 20778669 0
501 0 22841015 0
502 0 22701590 0
503 1 283165 1269
504 0 21191569 0
505 0 22469886 0
506 1 85544 405
507 0 22197664 0
508 1 35638 127
509 1 379105 1731
510 1 699955 3209
511 0 20884551 0
512 1 48838 198
513 1 111680 502
514 0 19713094 0
515 1 1162639 5334
516 1 756000 3492
517 1 597239 2757
518 0 18505504 0
519 0 19090514 0
520 0 19894005 0
521 0 19266741 0
522 0 19416460 0
523 0 18823433 0
524 1 297530 1276
525 0 19800560 0
526 0 19462929 0
527 0 22282067 0
528 0 19759560 0
529 1 233685 1056
530 0 19399375 0
531 1 1119951 5156
532 0 15239380 0
533 1 174859 772
534 0 19146304 0
535 1 280770 1265
536 0 20316798 0
537 0 19461052 0
538 0 22257153 0
539 1 475141 2363
540 0 20079080 0
541 0 19607740 0
542 1 933236 4272
543 0 19110267 0
544 0 19523818 0
545 1 672984 3051
546 0 19320958 0
547 1 54217 221
548 0 20591553 0
549 0 20070107 0
550 0 19406784 0
551 0 18937405 0
552 1 449701 2063
553 1 337062 1548
554 0 19834866 0
555 1 248894 1132
556 0 15594948 0
557 1 529098 2404
558 0 18718955 0
559 0 15667611 0
560 1 515761 2374
561 0 18748893 0
562 0 21148301 0
563 0 22276156 0
564 1 772458 3579
565 0 19718296 0
566 0 19267738 0
567 0 22229722 0
568 1 97541 424
569 0 20063540 0
570 0 19398292 0
571 1 76802 329
572 1 318031 1451
573 0 17488000 0
574 0 18968023 0
575 0 18831011 0
576 1 341257 1566
577 0 20294508 0
578 1 666215 3068
579 0 22706147 0
580 0 20447545 0
581 0 19161764 0
582 0 19556907 0
583 1 602946 2773
584 0 15756371 0
585 0 19995584 0
586 0 19270269 0
587 0 18678305 0
588 1 448049 2053
589 1 378510 1724
590 0 19264598 0
591 0 21892793 0
592 1 269022 1216
593 0 19440081 0
594 0 20222959 0
595 0 21667151 0
596 0 21008783 0
597 1 694873 3182
598 1 768492 3542
599 0 15695503 0
600 1 783243 3603
601 0 20650038 0
602 0 19565086 0
603 0 19419587 0
604 0 19777908 0
605 0 19649912 0
606 1 72368 306
607 0 20456173 0
608 0 19838725 0
609 1 761766 3487
610 0 19353755 0
611 0 18901365 0
612 0 15261506 0
613 0 19386328 0
614 1 402037 1838
615 0 19282095 0
616 0 19567446 0
617 0 15730678 0
618 0 15647940 0
619 1 538239 2457
620 1 327680 1504
621 1 495973 2264
622 1 6493 11
623 0 19772198 0
624 0 19747452 0
625 0 18952997 0
626 1 163067 721
627 0 20182955 0
628 1 37360 140
629 1 360138 1652
630 0 20256024 0
631 0 18549935 0
632 1 78976 332
633 1 98983 440
634 0 15532598 0
635 0 19578748 0
636 0 19801591 0
637 1 328439 1491
638 0 19002324 0
639 0 19036911 0
640 1 28381 109
641 0 19763365 0
642 0 19722443 0
643 1 16495 53
644 0 19890039 0
645 0 15751994 0
646 1 82756 353
647 1 357523 1639
648 0 19528405 0
649 0 21979857 0
650 0 19371293 0
651 0 18573316 0
652 0 20915734 0
653 0 18995012 0
654 1 519514 2375
655 0 19137701 0
656 0 21604200 0
657 0 15426191 0
658 0 19362219 0
659 1 130108 562
660 1 313645 1434
661 1 223375 997
662 0 20631270 0
663 1 637422 2918
664 0 20537703 0
665 0 19800404 0
666 0 18743572 0
667 0 20879978 0
668 0 22388962 0
669 0 22782494 0
670 1 410048 2115
671 1 150779 669
672 0 20707398 0
673 0 19670668 0
674 0 18782596 0
675 0 22632699 0
676 0 20790083 0
677 0 19321871 0
678 0 20193746 0
679 1 41358 139
680 0 20763876 0
681 0 15599965 0
682 1 384078 1747
683 0 19337069 0
684 1 100489 444
685 0 22882462 0
686 0 21759952 0
687 0 22724183 0
688 1 88829 370
689 0 20142687 0
690 0 20297747 0
691 0 20005707 0
692 0 21167006 0
693 0 20530234 0
694 0 21051475 0
695 0 18277237 0
696 1 535171 2450
697 1 156994 687
698 1 344474 1572
699 0 20372638 0
700 0 22181385 0
701 0 20574743 0
702 0 21968679 0
703 0 19480688 0
704 1 407880 1834
705 0 19176673 0
706 0 19806493 0
707 0 18851048 0
708 0 22857777 0
709 0 15447197 0
710 0 20780888 0
711 1 91314 385
712 0 15516988 0
713 0 19300607 0
714 0 15600083 0
715 1 595505 2706
716 0 18868800 0
717 0 21220113 0
718 1 636651 2930
719 0 20324530 0
720 1 275543 1246
721 1 222364 1015
722 0 19957212 0
723 1 409949 1875
724 1 85815 382
725 0 21529833 0
726 0 19295697 0
727 1 17299 31
728 1 600049 2766
729 1 286709 1300
730 1 395415 1817
731 1 608910 2802
732 0 20149637 0
733 0 19760281 0
734 1 267738 1218
735 1 423272 1949
736 0 18734612 0
737 0 20139750 0
738 1 291123 1312
739 0 20586832 0
740 0 20566589 0
741 1 481631 2192
742 1 346399 1591
743 0 15657469 0
744 1 38459 141
745 0 18938736 0
746 0 19176648 0
747 0 18927696 0
748 1 337305 1530
749 0 18947847 0
750 0 19382830 0
751 0 21368999 0
752 1 327458 1478
753 0 20633558 0
754 0 21237425 0
755 0 19331757 0
756 0 20025072 0
757 1 255673 1134
758 0 20557358 0
759 1 651377 3385
760 1 14252 50
761 1 65655 292
762 0 20372630 0
763 0 19873202 0
764 0 19230157 0
765 1 414004 1894
766 1 309524 1413
767 1 242340 1101
768 1 107860 467
769 1 469571 2160
770 1 154649 675
771 0 19020167 0
772 0 20280303 0
773 1 456253 2091
774 1 425337 1950
775 0 18904739 0
776 1 146172 643
777 1 385588 1774
778 0 15473063 0
779 0 18583797 0
780 1 530803 2381
781 1 53443 232
782 0 18535500 0
783 0 19049158 0
784 1 57790 231
785 1 606280 3172
786 0 19628706 0
787 1 367874 1678
788 0 18411659 0
789 0 19676834 0
790 0 19918036 0
791 0 21858640 0
792 0 23066706 0
793 0 21066443 0
794 0 15565903 0
795 1 78900 326
796 0 20371140 0
797 1 560412 2588
798 0 20088768 0
799 0 19461836 0
800 1 609687 2785
801 1 788325 3657
802 1 318263 1455
803 1 62402 269
804 0 19100868 0
805 0 18450958 0
806 0 22719512 0
807 1 129754 541
808 0 19902064 0
809 0 19801924 0
810 1 46203 185
811 0 22143209 0
812 0 21014532 0
813 0 21028026 0
814 0 15625335 0
815 1 443560 2015
816 0 20321513 0
817 1 196622 887
818 1 373280 1704
819 0 21372094 0
820 0 20662614 0
821 1 673082 3073
822 0 21732866 0
823 0 22849143 0
824 1 439667 2010
825 0 22582112 0
826 1 367430 1657
827 1 18066 68
828 0 22446145 0
829 0 22626001 0
830 0 22464788 0
831 1 203705 907
832 0 22623267 0
833 0 22452350 0
834 0 22266296 0
835 1 340521 1540
836 1 396925 1807
837 0 21092663 0
838 1 25849 84
839 0 20430225 0
840 1 148117 659
841 1 155648 703
842 1 165784 746
843 0 21640114 0
844 0 21111767 0
845 0 22539448 0
846 1 592126 2664
847 0 15708152 0
848 0 21212271 0
849 0 21733393 0
850 1 1155135 5272
851 0 22288126 0
852 0 21903324 0
853 1 61095 241
854 1 68699 300
855 0 20244719 0
856 0 20353626 0
857 0 15778776 0
858 1 299686 1328
859 0 19173570 0
860 1 34930 128
861 1 702789 3210
862 1 180699 794
863 0 21980633 0
864 0 22229009 0
865 0 15269884 0
866 1 969386 4431
867 0 19883115 0
868 1 730684 3354
869 0 19751903 0
870 1 432629 1952
871 0 19991228 0
872 1 81474 343
873 0 21847481 0
874 0 15471250 0
875 0 19399425 0
876 0 20643655 0
877 1 199668 990
878 1 325526 1495
879 1 325486 1493
880 1 158175 686
881 0 15782528 0
882 0 22429730 0
883 0 21427667 0
884 0 20669706 0
885 0 20687122 0
886 0 15565158 0
887 0 19956624 0
888 0 20824248 0
889 0 15727908 0
890 0 22495396 0
891 0 19716967 0
892 0 19832780 0
893 0 19214241 0
894 0 20366598 0
895 0 16935721 0
896 0 19005833 0
897 0 19656450 0
898 0 20060776 0
899 0 22745420 0
900 1 269578 1224
901 1 407739 1867
902 1 813602 3699
903 0 20211629 0
904 1 395894 1765
905 0 20142248 0
906 0 18640723 0
907 1 292621 1334
908 1 342010 1552
909 1 130084 582
910 1 82532 364
911 0 19575986 0
912 0 21281307 0
913 1 258051 1159
914 0 19067637 0
915 1 222533 994
916 1 408284 1870
917 0 21944988 0
918 0 19947049 0
919 0 15646335 0
920 1 112832 495
921 0 20041419 0
922 0 21137838 0
923 0 23052979 0
924 0 22795096 0
925 1 596662 2722
926 0 22189870 0
927 0 22397288 0
928 0 21331653 0
929 1 336826 1515
930 1 492633 2258
931 0 22454074 0
932 1 1165049 5314
933 1 755584 3467
934 1 7837 18
935 0 21353299 0
936 0 20577177 0
937 0 22506167 0
938 0 23568114 0
939 0 19313018 0
940 1 548854 2521
941 0 21492065 0
942 0 19594569 0
943 0 20442096 0
944 1 214695 1082
945 0 21602046 0
946 1 20947 63
947 0 21308555 0
948 0 19819082 0
949 0 15568046 0
950 1 238047 1226
951 1 242290 1084
952 0 18578762 0
953 1 451446 2070
954 1 379821 1715
955 0 20066809 0
956 0 15680174 0
957 1 217512 975
958 1 661347 3048
959 0 15479029 0
960 0 19475062 0
961 1 348642 1576
962 0 21070722 0
963 1 1033789 4764
964 0 20328429 0
965 1 177197 792
966 1 333252 1510
967 0 20662763 0
968 0 20020397 0
969 1 359440 1649
970 0 18281243 0
971 1 434614 2264
972 1 317036 1453
973 0 20920926 0
974 1 1079996 4937
975 1 914002 4219
976 1 606715 2797
977 1 100908 449
978 0 19178658 0
979 0 18704205 0
980 0 15386535 0
981 0 18920156 0
982 0 15401004 0
983 0 18915007 0
984 1 648876 3352
985 1 322271 1481
986 1 405772 1860
987 0 19703575 0
988 0 18690682 0
989 1 344551 1544
990 0 21917410 0
991 0 20926535 0
992 1 515486 2341
993 0 19993727 0
994 1 446006 2044
995 0 15565716 0
996 0 15386381 0
997 0 19326143 0
998 0 15481556 0
999 1 273068 1237
1000 1 282349 1280
1001 0 18716919 0
1002 1 1194992 5533
1003 1 75383 328
1004 1 356635 1634
1005 0 18382046 0
1006 0 18934625 0
1007 0 21016729 0
1008 1 1508514 6968
1009 0 15566071 0
1010 1 20454 69
1011 0 15347062 0
1012 1 243253 1096
1013 0 15879434 0
1014 0 22405107 0
1015 1 427495 1852
1016 0 19221256 0
1017 0 22178585 0
1018 0 19950499 0
1019 0 19796368 0
1020 0 20421179 0
1021 0 19049712 0
1022 0 20361233 0
1023 0 19176057 0
1024 1 61215 256
1025 1 146592 655
1026 1 298861 1364
1027 0 19487436 0
1028 1 563665 2564
1029 1 189764 969
1030 1 66764 294
1031 0 21826405 0
1032 0 15409783 0
1033 1 707812 3256
1034 1 266075 1053
1035 1 272392 1244
1036 1 40437 174
1037 0 19418737 0
1038 1 835465 3847
1039 0 18499580 0
1040 0 19221645 0
1041 0 19267077 0
1042 0 19011215 0
1043 0 19326704 0
1044 0 20415686 0
1045 0 21434017 0
1046 0 19417824 0
1047 0 22372273 0
1048 1 485589 2194
1049 0 18673695 0
1050 1 330868 1482
1051 1 119873 534
1052 0 19328547 0
1053 0 18904392 0
1054 1 492334 2263
1055 1 449950 2060
1056 1 313821 1435
1057 1 586269 2693
1058 0 19260442 0
1059 0 18715803 0
1060 1 674636 3121
1061 0 18859794 0
1062 1 556104 2542
1063 0 21484855 0
1064 1 291756 1324
1065 1 178269 803
1066 0 20502451 0
1067 0 20424774 0
1068 1 303820 1373
1069 0 20433491 0
1070 1 220253 1007
1071 1 687702 3168
1072 1 28436 117
1073 1 622710 2872
1074 1 295396 1309
1075 0 15388793 0
1076 0 19094285 0
1077 1 438848 2009
1078 0 19253211 0
1079 1 154825 702
1080 1 992237 4555
1081 1 118194 531
1082 1 167640 761
1083 0 18710090 0
1084 0 22389824 0
1085 1 283776 1271
1086 0 15586924 0
1087 0 19938590 0
1088 0 22247555 0
1089 0 21614344 0
1090 0 19657165 0
1091 1 1069145 4905
1092 0 19342992 0
1093 1 184912 924
1094 0 19817723 0
1095 1 262545 1169
1096 1 424197 1928
1097 0 18799780 0
1098 0 19282770 0
1099 1 692192 3189
1100 1 915846 4236
1101 1 116191 510
1102 0 20583922 0
1103 0 19626193 0
1104 0 18361139 0
1105 0 19240875 0
1106 0 21575186 0
1107 0 21920358 0
1108 0 15533203 0
1109 0 20121779 0
1110 1 263991 1200
1111 1 630032 2913
1112 0 19278651 0
1113 0 15693769 0
1114 0 19540730 0
1115 1 255819 1124
1116 1 198918 885
1117 1 105512 466
1118 1 500244 2296
1119 0 19758027 0
1120 0 19085487 0
1121 0 20794732 0
1122 1 792787 3646
1123 0 19936736 0
1124 1 77732 353
1125 0 21719968 0
1126 0 20577772 0
1127 0 15754107 0
1128 1 251365 1128
1129 1 70705 351
1130 0 18923412 0
1131 1 57674 246
1132 0 15555678 0
1133 0 20728303 0
1134 1 80631 335
1135 1 55205 232
1136 1 321847 1472
1137 1 289174 1300
1138 0 19338728 0
1139 0 18611020 0
1140 1 608704 2807
1141 0 16258902 0
1142 0 19004760 0
1143 0 21756399 0
1144 1 662579 3040
1145 0 19367778 0
1146 0 19940348 0
1147 0 22411667 0
1148 0 15517581 0
1149 0 22035500 0
1150 1 82706 349
1151 1 430355 1970
1152 0 15919847 0
1153 0 21970126 0
1154 0 15788220 0
1155 1 384557 1749
1156 0 21318726 0
1157 1 1066171 4904
1158 0 20252645 0
1159 1 99850 422
1160 0 19079769 0
1161 1 129952 580
1162 1 122859 550
1163 0 19591045 0
1164 1 432293 1958
1165 0 20574938 0
1166 1 67018 276
1167 0 18915571 0
1168 1 132217 633
1169 0 21384807 0
1170 1 702490 3217
1171 0 18950916 0
1172 0 21189979 0
1173 0 18587167 0
1174 0 15503230 0
1175 1 201260 898
1176 0 18795711 0
1177 0 22206833 0
1178 1 447842 2027
1179 0 22161479 0
1180 0 20380116 0
1181 0 22092134 0
1182 0 21598573 0
1183 1 442879 1996
1184 1 52128 222
1185 0 20108053 0
1186 1 446024 2002
1187 1 831961 3827
1188 0 19795761 0
1189 0 15509983 0
1190 1 196943 891
1191 0 22310543 0
1192 1 172131 876
1193 0 20230399 0
1194 0 19201271 0
1195 0 18792574 0
1196 0 19870295 0
1197 0 21943331 0
1198 0 22257902 0
1199 0 20867323 0
