# N1 = 66889
# N2 = 104723
# N  = 7004816747
# Nc = 80000
# Na = 1000
# Fc = 0.997
# kB = 1
#
# run	success	duration[mus]	usedNa
0	0	18822625	0
1	0	20052310	0
2	0	21924175	0
3	0	21070718	0
4	0	19292452	0
5	0	19357329	0
6	0	15649800	0
7	0	19346616	0
8	0	19647264	0
9	0	20427217	0
10	0	20964916	0
11	0	20209259	0
12	0	15660343	0
13	0	22673792	0
14	0	20984480	0
15	0	22092846	0
16	0	22405061	0
17	0	22016692	0
18	0	19103822	0
19	0	21454777	0
20	0	21623694	0
21	0	20894515	0
22	0	15836897	0
23	0	18390905	0
24	0	19286268	0
25	0	19257457	0
26	0	15732178	0
27	0	19393910	0
28	0	19707067	0
29	0	20025091	0
30	0	20194705	0
31	0	15419434	0
32	0	22207432	0
33	0	19568496	0
34	0	20380895	0
35	0	19133090	0
36	0	19214887	0
37	0	19867200	0
38	0	15410755	0
39	0	19944799	0
40	0	21771427	0
41	0	20920274	0
42	0	22438925	0
43	0	20747314	0
44	0	21833538	0
45	0	21230399	0
46	0	20284147	0
47	0	21352623	0
48	0	15304661	0
49	0	20074119	0
50	0	20223904	0
51	0	20591676	0
52	0	19809387	0
53	0	22326688	0
54	0	20689094	0
55	0	19467521	0
56	0	22156837	0
57	0	20507566	0
58	0	19087404	0
59	0	15804104	0
60	0	19344457	0
61	0	15161019	0
62	0	18971931	0
63	0	18266959	0
64	0	18962632	0
65	0	18855254	0
66	0	18687145	0
67	0	19174946	0
68	0	15223945	0
69	0	18848311	0
70	0	19531207	0
71	0	19672417	0
72	0	19847309	0
73	0	18711987	0
74	0	19403823	0
75	0	19728243	0
76	0	19537628	0
77	0	18516400	0
78	0	15405683	0
79	0	19114361	0
80	0	19601587	0
81	0	18814122	0
82	0	18902852	0
83	0	22123118	0
84	0	18856066	0
85	0	19222109	0
86	0	19549398	0
87	0	18648467	0
88	0	20337176	0
89	0	20865649	0
90	0	21277079	0
91	0	19567772	0
92	0	20333516	0
93	0	22557232	0
94	0	20741159	0
95	0	21386041	0
96	0	22234767	0
97	0	15466848	0
98	0	15381650	0
99	0	18709804	0
100	0	19001368	0
101	0	21819855	0
102	0	19901814	0
103	0	19164363	0
104	0	19202889	0
105	0	19897245	0
106	0	21908466	0
107	0	20653414	0
108	0	18227644	0
109	0	19550919	0
110	0	19365252	0
111	0	20579967	0
112	0	19635307	0
113	0	19823599	0
114	0	18628195	0
115	0	19530386	0
116	0	18848214	0
117	0	18752756	0
118	0	18813985	0
119	0	18884072	0
120	0	21360270	0
121	0	19642384	0
122	0	19401479	0
123	0	20415960	0
124	0	20142455	0
125	0	19225848	0
126	0	19439521	0
127	0	20740875	0
128	0	15677120	0
129	0	21799318	0
130	0	20167068	0
131	0	18825111	0
132	0	19186879	0
133	0	19610870	0
134	0	21371395	0
135	0	21159743	0
136	0	18980172	0
137	0	18869987	0
138	0	20360292	0
139	0	19031940	0
140	0	20336240	0
141	0	21877121	0
142	0	19690813	0
143	0	19420141	0
144	0	20487422	0
145	0	19677062	0
146	0	15581661	0
147	0	19725016	0
148	0	22160899	0
149	0	21441092	0
150	0	21249658	0
151	0	19081697	0
152	0	18498587	0
153	0	21611341	0
154	0	20909884	0
155	0	15692515	0
156	0	15614415	0
157	1	445576	2034
158	0	19149249	0
159	0	15713652	0
160	0	19700641	0
161	0	19465405	0
162	0	18390142	0
163	0	19032938	0
164	0	20649456	0
165	0	21551502	0
166	0	19108324	0
167	0	18671111	0
168	0	20936533	0
169	0	15883601	0
170	0	20767039	0
171	0	15429520	0
172	0	19205769	0
173	0	21902037	0
174	0	22839780	0
175	0	22588592	0
176	0	19337306	0
177	0	21441793	0
178	0	21731505	0
179	0	20930555	0
180	0	15553798	0
181	0	22646445	0
182	0	15603143	0
183	0	22642842	0
184	0	20209314	0
185	0	20193551	0
186	0	20843858	0
187	0	20459226	0
188	0	15883267	0
189	0	19738918	0
190	0	15846033	0
191	0	20512005	0
192	0	19689516	0
193	0	20780650	0
194	0	21246649	0
195	0	20562066	0
196	0	19475652	0
197	0	17503630	0
198	0	22416155	0
199	0	23053109	0
200	0	20877999	0
201	0	15828829	0
202	0	15550085	0
203	0	20331111	0
204	0	21165287	0
205	0	21102223	0
206	0	22015603	0
207	0	21066358	0
208	0	18870734	0
209	0	20292456	0
210	0	20396065	0
211	0	18893433	0
212	0	20692223	0
213	0	19668949	0
214	0	19540400	0
215	0	19697935	0
216	0	22955408	0
217	0	15375813	0
218	0	20826955	0
219	0	15920041	0
220	0	21454110	0
221	0	15428759	0
222	0	15858511	0
223	0	19095745	0
224	0	18878243	0
225	0	15671495	0
226	0	19280903	0
227	0	20178239	0
228	0	22171707	0
229	0	21478560	0
230	0	20294611	0
231	0	19608385	0
232	0	20079500	0
233	0	21128243	0
234	0	20689561	0
235	0	15399996	0
236	0	22574476	0
237	0	21341247	0
238	0	20067491	0
239	0	18624924	0
240	0	15774921	0
241	0	19531488	0
242	0	18867287	0
243	0	15703160	0
244	0	19146280	0
245	0	20325265	0
246	0	20024054	0
247	0	19430246	0
248	0	19322915	0
249	0	22673502	0
250	0	20919973	0
251	0	19257535	0
252	0	19216801	0
253	0	18613563	0
254	0	15478436	0
255	0	20164150	0
256	0	19702035	0
257	0	19933476	0
258	0	19517143	0
259	0	19748407	0
260	0	15638072	0
261	0	19044931	0
262	0	19685328	0
263	0	19847046	0
264	0	18936264	0
265	0	19608152	0
266	0	22078318	0
267	0	20141839	0
268	0	19346220	0
269	0	15404096	0
270	0	20387882	0
271	0	20825286	0
272	0	19416428	0
273	0	18764708	0
274	0	18761635	0
275	0	20115063	0
276	0	20592625	0
277	0	19448060	0
278	0	18418878	0
279	0	18932224	0
280	0	20178841	0
281	0	18933388	0
282	0	21703288	0
283	0	20518625	0
284	0	18391476	0
285	0	19596631	0
286	0	19489382	0
287	0	18887252	0
288	0	18936124	0
289	0	20447712	0
290	0	20162762	0
291	0	20339792	0
292	0	22085345	0
293	0	19496720	0
294	0	19718174	0
295	0	20011394	0
296	0	15676086	0
297	0	20180618	0
298	0	19403178	0
299	0	20256324	0
300	0	21956491	0
301	0	19884072	0
302	0	18753386	0
303	0	21375750	0
304	0	19343384	0
305	0	20162626	0
306	0	19099575	0
307	0	18985060	0
308	0	19478735	0
309	0	19164147	0
310	0	19542082	0
311	0	21944821	0
312	0	21582858	0
313	0	18810306	0
314	0	22772946	0
315	0	22742171	0
316	0	15690762	0
317	0	15626801	0
318	0	19338868	0
319	0	21770793	0
320	0	21019986	0
321	0	19595562	0
322	0	15537860	0
323	0	19691054	0
324	0	20491164	0
325	0	19106181	0
326	0	19677092	0
327	0	15350996	0
328	0	19482509	0
329	0	18991290	0
330	0	18746671	0
331	0	15441181	0
332	0	19165248	0
333	0	19164659	0
334	0	18376019	0
335	0	18715420	0
336	0	15399002	0
337	0	19447155	0
338	0	21529452	0
339	0	19839450	0
340	0	19364588	0
341	0	22205610	0
342	0	22181512	0
343	0	19505539	0
344	0	19661480	0
345	0	19511733	0
346	0	19815772	0
347	0	21628011	0
348	0	20602990	0
349	0	22258260	0
350	0	20125958	0
351	0	19346892	0
352	0	20098248	0
353	0	19647337	0
354	0	21787751	0
355	0	22124553	0
356	0	21616650	0
357	0	21499390	0
358	0	22785904	0
359	0	15702891	0
360	0	22205321	0
361	0	20975738	0
362	0	20374691	0
363	0	20794229	0
364	0	20466447	0
365	0	21493276	0
366	0	19414749	0
367	0	21769543	0
368	0	20005463	0
369	0	15792613	0
370	0	20024556	0
371	0	20158201	0
372	0	20179903	0
373	0	15203135	0
374	0	15588786	0
375	0	22246101	0
376	0	19263291	0
377	0	19709807	0
378	0	21380049	0
379	0	19398652	0
380	0	20282284	0
381	0	18683915	0
382	0	19247883	0
383	0	21603204	0
384	0	19703166	0
385	0	15791102	0
386	0	19161639	0
387	0	21416949	0
388	0	20117562	0
389	0	19598520	0
390	0	19891023	0
391	0	17926214	0
392	0	20848343	0
393	0	20453235	0
394	0	19686210	0
395	0	15431445	0
396	0	20201179	0
397	0	19340547	0
398	0	16075528	0
399	0	18824935	0
400	0	21322747	0
401	0	19376427	0
402	0	18612932	0
403	0	20067178	0
404	0	20386326	0
405	0	21095056	0
406	0	20133448	0
407	0	15658414	0
408	0	19829619	0
409	0	15525072	0
410	0	21397416	0
411	0	20538291	0
412	0	15759691	0
413	0	20749199	0
414	0	15843088	0
415	0	20225236	0
416	0	19270145	0
417	0	19981615	0
418	0	22151257	0
419	0	22315185	0
420	0	22398778	0
421	0	15762469	0
422	0	22233705	0
423	0	22359233	0
424	0	22148067	0
425	0	22054268	0
426	0	22339574	0
427	0	22134876	0
428	0	22885432	0
429	0	20521859	0
430	0	22587862	0
431	0	20206293	0
432	0	22038163	0
433	0	21455939	0
434	0	22924966	0
435	0	20681500	0
436	0	19854622	0
437	0	20284608	0
438	0	19577342	0
439	0	15470670	0
440	0	20540266	0
441	0	15726738	0
442	0	18959391	0
443	0	19374119	0
444	0	19976192	0
445	0	15632495	0
446	0	19788722	0
447	0	22567499	0
448	0	21113417	0
449	0	22490739	0
450	0	20376018	0
451	0	20167518	0
452	0	21002872	0
453	0	20643392	0
454	0	18871905	0
455	0	21409522	0
456	0	17576592	0
457	0	21436086	0
458	0	21922800	0
459	0	21975127	0
460	0	15296871	0
461	0	21006452	0
462	0	22640800	0
463	0	15732599	0
464	0	22315353	0
465	0	22256919	0
466	0	23057047	0
467	0	22727887	0
468	0	21515952	0
469	0	22409711	0
470	0	22505365	0
471	0	22420251	0
472	0	15657087	0
473	0	22663336	0
474	0	18684049	0
475	0	19136910	0
476	0	21717127	0
477	0	19774544	0
478	0	21116319	0
479	0	20176906	0
480	0	18801391	0
481	0	20407779	0
482	0	15557523	0
483	0	19483250	0
484	0	18789283	0
485	0	22181690	0
486	0	20624927	0
487	0	21825374	0
488	0	21211516	0
489	0	18923223	0
490	0	19748784	0
491	0	15330472	0
492	0	18242914	0
493	0	19227904	0
494	0	18789295	0
495	0	21228980	0
496	0	20173154	0
497	0	21183047	0
498	0	20892191	0
499	0	19715706	0
500	0	18907995	0
501	0	21825388	0
502	0	19829498	0
503	0	19757768	0
504	0	18861756	0
505	0	19633465	0
506	0	18897482	0
507	0	19402531	0
508	0	20835836	0
509	0	19393590	0
510	0	22189065	0
511	0	19963695	0
512	0	20310304	0
513	0	22851729	0
514	0	22417051	0
515	0	20498150	0
516	0	20558147	0
517	0	21816173	0
518	0	20817221	0
519	0	20029510	0
520	0	18984859	0
521	0	19569696	0
522	0	20225516	0
523	0	15519308	0
524	0	22623405	0
525	0	20348749	0
526	0	15356015	0
527	0	19337883	0
528	0	19028986	0
529	0	21671964	0
530	0	15483656	0
531	0	22740656	0
532	0	20387751	0
533	0	22485391	0
534	0	22440591	0
535	0	22665968	0
536	0	22277655	0
537	0	22615458	0
538	0	22708260	0
539	0	22249452	0
540	0	22524266	0
541	0	22325926	0
542	0	22819217	0
543	0	22439526	0
544	0	22734924	0
545	0	15442018	0
546	0	15636479	0
547	0	19320663	0
548	0	19250894	0
549	0	19613942	0
550	0	19475355	0
551	0	19512909	0
552	0	18620980	0
553	0	15620044	0
554	0	19893721	0
555	0	15485800	0
556	0	18731991	0
557	0	22370981	0
558	0	19945575	0
559	0	20879328	0
560	0	22848544	0
561	0	15606387	0
562	0	19573939	0
563	0	21435569	0
564	0	19543414	0
565	0	19726679	0
566	0	20660588	0
567	0	19883614	0
568	0	19454793	0
569	0	22541211	0
570	0	21336600	0
571	0	19636094	0
572	0	20171874	0
573	0	22526745	0
574	0	22495708	0
575	0	22560700	0
576	0	21039921	0
577	0	21712429	0
578	0	21009491	0
579	0	19780738	0
580	0	20068702	0
581	0	19449303	0
582	0	15475474	0
583	0	20882477	0
584	0	20512385	0
585	0	22603169	0
586	0	21294921	0
587	0	22110633	0
588	0	22473495	0
589	0	22450898	0
590	0	22980582	0
591	0	20792195	0
592	0	15657071	0
593	0	21255988	0
594	0	19940313	0
595	0	20126306	0
596	0	19050269	0
597	0	18506384	0
598	0	18943627	0
599	0	19281212	0
600	0	21220068	0
601	0	22564600	0
602	0	21964512	0
603	0	22212554	0
604	0	22372689	0
605	0	21658764	0
606	0	20313055	0
607	0	22277345	0
608	0	20986394	0
609	0	21874045	0
610	0	15164427	0
611	0	20308435	0
612	0	19550454	0
613	0	22319218	0
614	0	20476423	0
615	0	19777507	0
616	0	19044813	0
617	0	20027724	0
618	0	19828237	0
619	0	20322450	0
620	0	20616953	0
621	0	21755965	0
622	0	22534289	0
623	0	22567155	0
624	0	18706590	0
625	0	21878372	0
626	0	19741173	0
627	0	22299804	0
628	0	21588212	0
629	0	21573948	0
630	0	21013473	0
631	0	20740866	0
632	0	15270358	0
633	0	22483122	0
634	0	20461295	0
635	0	20655790	0
636	0	22345136	0
637	0	22865460	0
638	0	22245742	0
639	0	15473164	0
640	0	20323114	0
641	0	20208700	0
642	0	21720233	0
643	0	20033686	0
644	0	22152393	0
645	0	20575599	0
646	0	22114949	0
647	0	19480477	0
648	0	22102290	0
649	0	19085011	0
650	0	21931367	0
651	0	22595135	0
652	0	18948747	0
653	0	21625262	0
654	0	20114011	0
655	0	22430579	0
656	0	21680130	0
657	0	21204724	0
658	0	20949570	0
659	0	20255014	0
660	0	21338584	0
661	0	21084330	0
662	0	19219666	0
663	0	22291360	0
664	0	22066211	0
665	0	23013315	0
666	0	15379341	0
667	0	21700769	0
668	0	21693223	0
669	0	21395926	0
670	0	22051126	0
671	0	21142008	0
672	0	21703179	0
673	0	22198602	0
674	0	22331579	0
675	0	20321920	0
676	0	15615138	0
677	0	19248257	0
678	0	15510819	0
679	0	17995827	0
680	0	18576531	0
681	0	22051710	0
682	0	15604921	0
683	0	20705520	0
684	0	15486790	0
685	0	20389608	0
686	0	18426266	0
687	0	19204587	0
688	0	19646688	0
689	0	21774083	0
690	0	22022557	0
691	0	22565745	0
692	0	20254998	0
693	0	20427990	0
694	0	19715899	0
695	0	19385640	0
696	0	19350966	0
697	0	18381534	0
698	0	19066619	0
699	0	22480593	0
700	0	15680462	0
701	0	19660376	0
702	0	18792806	0
703	0	15635006	0
704	0	20045203	0
705	0	19002008	0
706	0	19376620	0
707	0	19327720	0
708	0	18589642	0
709	0	21253734	0
710	0	15461452	0
711	0	20468225	0
712	0	22565996	0
713	0	20403609	0
714	0	15646752	0
715	0	21272721	0
716	0	20752710	0
717	0	20242803	0
718	0	20432283	0
719	0	20576657	0
720	0	20678894	0
721	0	22283164	0
722	0	22451939	0
723	0	19374670	0
724	0	18979882	0
725	0	18388713	0
726	0	19123785	0
727	0	19453948	0
728	0	22040610	0
729	0	15562266	0
730	0	21585762	0
731	0	20960390	0
732	0	21941850	0
733	0	21109508	0
734	0	20890826	0
735	0	19616731	0
736	0	19368729	0
737	0	18992078	0
738	0	22504539	0
739	0	20665587	0
740	0	15433613	0
741	0	19270477	0
742	0	19710592	0
743	0	19835490	0
744	0	18969861	0
745	0	19248277	0
746	0	21724311	0
747	0	15895035	0
748	0	19560668	0
749	0	20383106	0
750	0	19300719	0
751	0	15811534	0
752	0	18837611	0
753	0	19757795	0
754	0	19602541	0
755	0	18822714	0
756	0	21404120	0
757	0	15611169	0
758	0	20289606	0
759	0	20256186	0
760	0	19476230	0
761	0	21586326	0
762	0	20260815	0
763	0	21449211	0
764	0	20066943	0
765	0	20630697	0
766	0	19271827	0
767	0	23056830	0
768	0	20697300	0
769	0	20603955	0
770	0	15407284	0
771	0	20508707	0
772	0	18975630	0
773	0	20725638	0
774	0	20199908	0
775	0	20541130	0
776	0	15737917	0
777	0	21479959	0
778	0	20226799	0
779	0	21479681	0
780	0	20833463	0
781	0	19467576	0
782	0	15468049	0
783	0	21181507	0
784	0	19720801	0
785	0	19284364	0
786	0	15558221	0
787	0	20372969	0
788	0	19827089	0
789	0	21824279	0
790	0	20697970	0
791	0	19375961	0
792	0	20139726	0
793	0	22186018	0
794	0	20017882	0
795	0	20232460	0
796	0	20879576	0
797	0	20415786	0
798	0	21120454	0
799	0	20513138	0
800	0	20413954	0
801	0	19955773	0
802	0	20288003	0
803	0	20124179	0
804	0	21512924	0
805	0	18895427	0
806	0	20208188	0
807	0	19430932	0
808	0	18878996	0
809	0	19541567	0
810	0	20189235	0
811	0	18767724	0
812	0	19330616	0
813	0	19256076	0
814	0	15508635	0
815	0	18612560	0
816	0	19653563	0
817	0	22482871	0
818	0	21115801	0
819	0	19940487	0
820	0	21251106	0
821	0	19292088	0
822	0	20038839	0
823	0	18674631	0
824	0	15383728	0
825	0	15239728	0
826	0	19878315	0
827	0	19458072	0
828	0	20866645	0
829	0	20553753	0
830	0	18483987	0
831	0	21294737	0
832	0	19171736	0
833	0	19449388	0
834	0	21940124	0
835	0	20844139	0
836	0	20819609	0
837	0	18885477	0
838	0	15473868	0
839	0	18731785	0
840	0	20205993	0
841	0	21294200	0
842	0	19789619	0
843	0	19745839	0
844	0	20306142	0
845	0	20919423	0
846	0	21402836	0
847	0	21455660	0
848	0	22233972	0
849	0	22343741	0
850	0	21702637	0
851	0	21499689	0
852	0	22493966	0
853	0	21300105	0
854	0	15866430	0
855	0	21755430	0
856	0	19552246	0
857	0	19423287	0
858	0	21051427	0
859	0	19855979	0
860	0	23066717	0
861	0	15341041	0
862	0	21119273	0
863	0	19300694	0
864	0	20603672	0
865	0	19598513	0
866	0	20612809	0
867	0	20523822	0
868	0	21610445	0
869	0	21988587	0
870	0	18933958	0
871	1	1629452	7452
872	0	19270212	0
873	0	15581279	0
874	0	19854229	0
875	0	19504767	0
876	0	22179802	0
877	0	21423921	0
878	0	15625302	0
879	0	20795443	0
880	0	15562805	0
881	0	18386941	0
882	0	19591042	0
883	0	19774826	0
884	0	18774802	0
885	0	19190285	0
886	0	19562043	0
887	0	15727029	0
888	0	19480163	0
889	0	18589157	0
890	0	15606418	0
891	0	19084196	0
892	0	18857490	0
893	0	20331047	0
894	0	19452555	0
895	0	19389451	0
896	0	19149151	0
897	0	20088652	0
898	0	22488764	0
899	0	20503900	0
900	0	15563375	0
901	0	19529035	0
902	0	20571057	0
903	0	19288095	0
904	0	19288551	0
905	0	18642567	0
906	0	18459213	0
907	0	19364997	0
908	0	20629442	0
909	0	19416692	0
910	0	18856418	0
911	0	18991855	0
912	0	18948563	0
913	1	8493	10
914	0	18015616	0
915	0	19116364	0
916	0	19234468	0
917	0	19890827	0
918	0	19007131	0
919	0	19362624	0
920	0	19926508	0
921	0	19961385	0
922	0	20284634	0
923	0	20768182	0
924	0	22208272	0
925	0	21545243	0
926	0	19799608	0
927	0	20606980	0
928	0	15712781	0
929	0	21580638	0
930	0	19763633	0
931	0	15702453	0
932	0	15639947	0
933	0	15525502	0
934	0	18817575	0
935	0	21495905	0
936	0	19937262	0
937	0	19452753	0
938	0	16381445	0
939	0	21035296	0
940	0	22383766	0
941	0	22209729	0
942	0	20008859	0
943	0	20124253	0
944	0	20553319	0
945	0	15555545	0
946	0	21802446	0
947	0	20060749	0
948	0	18855716	0
949	0	19404041	0
950	0	20392882	0
951	0	19624847	0
952	0	19038195	0
953	0	16250656	0
954	0	19063275	0
955	0	19262073	0
956	0	15487452	0
957	0	19406489	0
958	0	18794948	0
959	0	19374341	0
960	0	19280594	0
961	0	15384267	0
962	0	20710973	0
963	0	15634962	0
964	0	19553878	0
965	0	15851387	0
966	0	21526739	0
967	0	21342530	0
968	0	20718189	0
969	0	21207284	0
970	0	22269054	0
971	0	15540913	0
972	0	20535271	0
973	0	20992942	0
974	0	21866547	0
975	0	15830472	0
976	0	18491241	0
977	0	18662632	0
978	0	23013164	0
979	0	19887204	0
980	0	19514205	0
981	0	20461637	0
982	0	19730365	0
983	0	22093118	0
984	0	21717350	0
985	0	15376497	0
986	0	19685807	0
987	0	19957718	0
988	0	20497246	0
989	0	19940198	0
990	0	20167172	0
991	0	20778426	0
992	0	19311724	0
993	0	19202626	0
994	0	15075559	0
995	0	20269384	0
996	0	19061831	0
997	0	21815410	0
998	0	20513336	0
999	0	22082417	0
1000	0	21182138	0
1001	0	20105147	0
1002	0	19826778	0
1003	0	20524909	0
1004	0	22412805	0
1005	0	18146314	0
1006	0	22006478	0
1007	0	19450416	0
1008	0	20598331	0
1009	0	18836906	0
1010	0	19795348	0
1011	0	19785033	0
1012	0	19952783	0
1013	0	20033388	0
1014	0	19418896	0
1015	0	21451985	0
1016	0	20718821	0
1017	0	21293200	0
1018	0	19959083	0
1019	0	19638482	0
1020	0	19534995	0
1021	0	20224215	0
1022	0	19079114	0
1023	0	15909050	0
1024	0	19065922	0
1025	0	19427128	0
1026	0	19246708	0
1027	0	19065900	0
1028	0	19491431	0
1029	0	20019496	0
1030	0	18719620	0
1031	0	19267825	0
1032	0	15528836	0
1033	0	20665953	0
1034	0	19447110	0
1035	0	20357981	0
1036	0	20091440	0
1037	0	19261300	0
1038	0	19556166	0
1039	0	16038661	0
1040	0	15628788	0
1041	0	18767223	0
1042	1	8755	9
1043	0	20021888	0
1044	0	19436754	0
1045	0	22526817	0
1046	0	20727537	0
1047	0	19661576	0
1048	0	19547053	0
1049	0	20140493	0
1050	0	20792980	0
1051	0	18812116	0
1052	0	23330056	0
1053	0	21617788	0
1054	0	20815246	0
1055	0	21402810	0
1056	0	21425310	0
1057	0	20098481	0
1058	0	15390541	0
1059	0	20210608	0
1060	0	20511759	0
1061	0	21637307	0
1062	0	20265668	0
1063	0	21674538	0
1064	0	20293803	0
1065	0	19010378	0
1066	0	21478374	0
1067	0	19817106	0
1068	0	18959162	0
1069	0	19268658	0
1070	0	22737405	0
1071	0	19423103	0
1072	0	20249118	0
1073	0	19616020	0
1074	0	18915722	0
1075	0	18639154	0
1076	0	15501902	0
1077	0	15384743	0
1078	0	18765274	0
1079	0	19806597	0
1080	0	21417904	0
1081	0	21052378	0
1082	0	20218046	0
1083	0	19665229	0
1084	0	15929640	0
1085	0	20122525	0
1086	0	20848050	0
1087	0	20193136	0
1088	0	19655400	0
1089	0	15431703	0
1090	0	19357929	0
1091	0	19022217	0
1092	0	21257438	0
1093	0	19494999	0
1094	0	22746196	0
1095	0	15577139	0
1096	0	22121000	0
1097	0	20799096	0
1098	0	20596202	0
1099	0	19865651	0
1100	0	19342139	0
1101	0	18829802	0
1102	0	19376736	0
1103	0	19348204	0
1104	0	20768052	0
1105	0	22658183	0
1106	0	19243817	0
1107	0	20928072	0
1108	0	22424321	0
1109	0	20927220	0
1110	0	21808107	0
1111	0	20669071	0
1112	0	20272084	0
1113	0	21143621	0
1114	0	21833531	0
1115	0	15483693	0
1116	0	18958622	0
1117	0	21185391	0
1118	0	19216686	0
1119	0	19213625	0
1120	0	18422737	0
1121	0	19636221	0
1122	0	19216956	0
1123	0	19012659	0
1124	0	18675399	0
1125	0	19156580	0
1126	0	20201697	0
1127	0	21792492	0
1128	0	19805423	0
1129	0	15653228	0
1130	0	15183166	0
1131	0	22970651	0
1132	0	21965970	0
1133	0	15487439	0
1134	0	15859899	0
1135	0	19273635	0
1136	0	20448383	0
1137	0	15275465	0
1138	0	20401220	0
1139	0	22397144	0
1140	0	21378099	0
1141	0	21936000	0
1142	0	19768582	0
1143	0	19644562	0
1144	0	21544165	0
1145	0	20114915	0
1146	0	16032984	0
1147	0	20018867	0
1148	0	20340215	0
1149	0	19514403	0
1150	0	20512525	0
1151	0	19867194	0
1152	0	19500002	0
1153	0	19623183	0
1154	0	19647779	0
1155	0	16000938	0
1156	0	18682773	0
1157	0	21730850	0
1158	0	19498232	0
1159	0	19521952	0
1160	0	20054152	0
1161	0	19072071	0
1162	0	19268982	0
1163	0	18517076	0
1164	0	19795366	0
1165	0	19734518	0
1166	0	18926892	0
1167	0	19898251	0
1168	0	19292248	0
1169	0	19760509	0
1170	0	18211187	0
1171	0	19245144	0
1172	0	22196735	0
1173	0	19912004	0
1174	0	19363312	0
1175	0	19381579	0
1176	0	15252622	0
1177	0	19433692	0
1178	0	15337871	0
1179	0	19221675	0
1180	0	19874294	0
1181	0	19083404	0
1182	0	15313535	0
1183	0	15801672	0
1184	0	19100246	0
1185	0	19122501	0
1186	0	19038478	0
1187	0	15498053	0
1188	0	19291471	0
1189	0	22423145	0
1190	0	21082931	0
1191	0	19799667	0
1192	0	20180633	0
1193	0	15712523	0
1194	0	18718676	0
1195	0	21118241	0
1196	0	15372826	0
1197	0	19763812	0
1198	0	19912523	0
1199	0	19631219	0
