# N1 = 66889
# N2 = 104723
# N  = 7004816747
# Nc = 80000
# Na = 1000
# Fc = 0.997
# kB = 4096
#
# run	success	duration[mus]	usedNa
0	0	20226329	0
1	1	1237558	6462
2	0	20282028	0
3	1	632255	2907
4	1	575195	2650
5	1	1472648	6810
6	1	1293416	5965
7	1	998865	4615
8	1	1645477	7595
9	0	19016923	0
10	1	1034215	4788
11	1	1130660	5236
12	0	19294160	0
13	1	1060580	4895
14	1	1200527	5546
15	1	1730690	8000
16	0	18458231	0
17	1	1362456	6302
18	0	19134992	0
19	0	20289127	0
20	1	965806	5065
21	1	1850936	8494
22	1	1278696	6725
23	1	1335195	6140
24	1	1074977	4945
25	0	19102506	0
26	0	18788326	0
27	0	21626830	0
28	1	361841	1637
29	0	19292625	0
30	1	865639	3966
31	0	22838797	0
32	1	657674	2958
33	0	22291546	0
34	1	2243336	10300
35	0	21338927	0
36	0	22359208	0
37	1	937139	4285
38	1	746504	3433
39	0	20767379	0
40	0	22286309	0
41	0	20197684	0
42	0	21015334	0
43	0	20342066	0
44	0	22521460	0
45	1	3468218	15983
46	1	1382358	6370
47	0	22633100	0
48	0	21828042	0
49	1	1098546	5046
50	1	1434943	7554
51	0	22731312	0
52	0	20630329	0
53	1	1505959	6918
54	1	1855220	8535
55	0	22854019	0
56	0	19328114	0
57	0	18435439	0
58	1	1312006	6867
59	0	19287046	0
60	0	15507378	0
61	0	19355263	0
62	1	841091	4384
63	1	630130	3293
64	0	19811234	0
65	1	1313465	5935
66	0	19349437	0
67	0	22013092	0
68	1	1093878	5030
69	1	1286369	5951
70	0	19845578	0
71	1	1126655	5176
72	0	22294221	0
73	1	946793	4360
74	1	1245148	5752
75	0	20608345	0
76	1	1913571	8824
77	0	19020333	0
78	0	19476987	0
79	1	951982	4383
80	1	1214596	5615
81	0	19281159	0
82	1	1687046	7791
83	1	273990	1257
84	1	1204192	5544
85	0	19689128	0
86	1	2266672	10425
87	0	19146754	0
88	0	15520440	0
89	0	20341661	0
90	1	2821206	13055
91	1	1963272	9097
92	0	22153285	0
93	1	1027387	4698
94	1	1031695	4767
95	0	19780687	0
96	1	1288036	5913
97	0	18633457	0
98	0	15523408	0
99	1	1715222	7891
100	1	318353	1435
101	1	1143040	5253
102	0	19080429	0
103	0	15423748	0
104	0	19771592	0
105	1	649102	3000
106	0	19419799	0
107	0	20487482	0
108	0	20131699	0
109	0	20248511	0
110	1	1154944	5335
111	0	19396179	0
112	0	22308328	0
113	0	19080173	0
114	0	15474148	0
115	0	19323324	0
116	1	1513333	7002
117	1	2298002	10633
118	1	1127382	5211
119	0	15880550	0
120	1	2067002	9560
121	1	917392	4248
122	0	21817362	0
123	1	1274421	5901
124	1	741551	3427
125	0	20996676	0
126	1	1739832	8025
127	1	2293348	10624
128	1	814391	3762
129	0	20588906	0
130	0	19554435	0
131	0	20541817	0
132	0	19618439	0
133	1	832589	3822
134	0	22202389	0
135	1	1115524	5150
136	1	1312999	6075
137	0	18733986	0
138	1	131846	585
139	0	20067014	0
140	0	20034099	0
141	0	22295781	0
142	1	471805	2156
143	0	20688113	0
144	0	19597737	0
145	1	584614	2684
146	1	1200531	5557
147	1	1474190	6810
148	0	19339793	0
149	1	681833	3573
150	0	18678077	0
151	0	19388270	0
152	1	989631	4500
153	1	147316	746
154	1	1138741	5268
155	0	21714138	0
156	0	21177049	0
157	0	15437617	0
158	1	1198663	5520
159	0	19510599	0
160	0	19238778	0
161	0	19536140	0
162	1	1383258	6356
163	1	1165990	6115
164	1	1090567	5703
165	0	19728326	0
166	0	21110341	0
167	1	1869798	8604
168	0	20842556	0
169	0	20382478	0
170	0	19219484	0
171	1	1626239	7425
172	0	19713373	0
173	0	21620571	0
174	1	1548974	7111
175	0	22735022	0
176	1	1252821	5750
177	0	21132433	0
178	1	1200474	5519
179	1	120661	545
180	0	20387904	0
181	0	19984919	0
182	0	19064940	0
183	1	538574	2480
184	0	19613852	0
185	1	1002710	5238
186	0	20027380	0
187	0	19521768	0
188	1	1368207	6322
189	0	20409994	0
190	0	18895198	0
191	0	20247647	0
192	0	19324636	0
193	1	973043	4493
194	0	21684288	0
195	1	956333	4412
196	0	16174928	0
197	0	20038505	0
198	0	18943243	0
199	1	2048833	9502
200	0	19758875	0
201	0	15249564	0
202	1	1420479	6569
203	0	15721289	0
204	1	1075804	4955
205	0	19914181	0
206	0	19021662	0
207	0	19998995	0
208	0	18734414	0
209	1	1962737	9073
210	1	1206895	5583
211	0	15649244	0
212	1	1341054	6189
213	0	19095378	0
214	0	20239722	0
215	0	21257216	0
216	0	18447571	0
217	0	20796573	0
218	0	19480210	0
219	0	19580964	0
220	0	20604998	0
221	1	1270696	6641
222	1	1113583	5154
223	1	1326818	6122
224	1	1271956	5868
225	0	20756944	0
226	0	22057477	0
227	1	1258105	5782
228	1	630409	2906
229	1	1082854	5011
230	1	969477	4444
231	0	16580948	0
232	0	20868376	0
233	0	19806132	0
234	1	675700	3103
235	1	2022101	9334
236	1	1066300	4915
237	0	22286395	0
238	0	15501558	0
239	0	20117267	0
240	0	20731257	0
241	0	19259328	0
242	0	22182589	0
243	0	15468656	0
244	0	20328636	0
245	0	18595498	0
246	0	18994500	0
247	0	22178187	0
248	0	21574053	0
249	0	20139115	0
250	0	19880107	0
251	0	19540988	0
252	0	19175560	0
253	1	500151	2598
254	1	1449744	6702
255	1	738884	3366
256	0	19238455	0
257	1	1126425	5900
258	0	22405738	0
259	1	1304603	5978
260	1	1055882	4866
261	0	18831701	0
262	1	1040775	4764
263	1	1180660	5473
264	0	19538586	0
265	1	1677575	7773
266	1	466301	2440
267	0	15678678	0
268	1	2575806	11940
269	0	18769239	0
270	0	18738962	0
271	0	19079308	0
272	1	1478892	6753
273	0	19430242	0
274	1	1607622	7371
275	0	18810961	0
276	0	18757359	0
277	1	834877	4355
278	0	20462040	0
279	1	1897931	8742
280	0	22094627	0
281	0	22958466	0
282	1	1944217	9001
283	0	19389433	0
284	0	19530183	0
285	0	19947520	0
286	1	3018777	13899
287	1	1531348	7076
288	0	19457262	0
289	0	19305264	0
290	0	19271842	0
291	1	381899	1957
292	0	19202150	0
293	1	1119094	5166
294	1	1020765	4729
295	0	21602465	0
296	0	19314988	0
297	1	1177169	5430
298	0	19147757	0
299	1	1305323	6026
300	0	19312914	0
301	0	21349272	0
302	1	617081	3210
303	1	1397266	6454
304	0	15364349	0
305	1	1301735	5992
306	0	19405735	0
307	0	19966614	0
308	1	377005	1724
309	1	1355918	6268
310	1	1111943	5120
311	1	1690382	7831
312	1	511983	2352
313	1	56502	254
314	1	1467636	6786
315	0	18427377	0
316	0	19893811	0
317	0	21906491	0
318	1	792444	3655
319	1	925006	4265
320	0	20214189	0
321	1	1464808	6749
322	1	2613125	12150
323	0	20448428	0
324	0	18681650	0
325	0	19320261	0
326	0	18767046	0
327	1	1029767	4725
328	1	1952849	9054
329	1	1653693	7656
330	1	1057945	5564
331	1	1093609	5746
332	1	838575	3865
333	1	1084470	5001
334	1	2569197	11906
335	0	19159278	0
336	0	18917879	0
337	1	614256	2816
338	1	938424	4935
339	1	2493447	11539
340	1	1063852	4924
341	0	15672280	0
342	1	1370376	6343
343	1	1154308	5341
344	0	19164102	0
345	0	19343165	0
346	1	10227	23
347	1	1348257	6210
348	1	811592	3745
349	0	19429339	0
350	1	1084251	5015
351	1	2053084	9506
352	1	964511	4455
353	1	1333640	6176
354	1	1355524	6277
355	0	18788225	0
356	1	373192	1706
357	0	15203553	0
358	1	902181	4139
359	0	20225665	0
360	0	19722669	0
361	0	15550705	0
362	0	20277106	0
363	1	1130576	5222
364	0	20967822	0
365	0	15548567	0
366	1	1269692	5856
367	1	1354616	6230
368	1	1170192	5416
369	1	1667272	7711
370	1	1162772	5353
371	1	200801	910
372	0	19492182	0
373	1	1068936	4924
374	0	19340792	0
375	1	240693	1244
376	1	1187340	5481
377	0	15545288	0
378	0	19949091	0
379	1	1118071	5151
380	0	18867321	0
381	1	2085534	9648
382	1	1187437	6201
383	1	874442	4044
384	1	649143	2995
385	0	20118364	0
386	0	20372567	0
387	1	1145657	5278
388	0	20159845	0
389	0	21497858	0
390	1	1013563	4670
391	1	1266271	5862
392	0	18964691	0
393	1	1256611	5800
394	1	1676589	7749
395	1	1050826	4864
396	0	22096591	0
397	0	21376675	0
398	0	18948379	0
399	0	19569875	0
400	1	1329563	6132
401	0	20337090	0
402	1	885336	4083
403	1	1361883	6288
404	0	18626722	0
405	0	19465962	0
406	1	871967	4025
407	0	16839046	0
408	0	19613017	0
409	1	631926	2896
410	0	18435155	0
411	0	19227112	0
412	0	19183184	0
413	1	1226287	5654
414	0	19161693	0
415	0	15662801	0
416	0	18622450	0
417	1	77540	328
418	0	18796471	0
419	0	18432066	0
420	1	515855	2353
421	0	20649355	0
422	1	1006984	4650
423	1	1354705	7126
424	1	907537	4771
425	0	19251040	0
426	1	1152954	5327
427	1	1089646	5028
428	0	18937704	0
429	0	21888371	0
430	0	19732813	0
431	0	19928700	0
432	0	20182009	0
433	0	21800379	0
434	0	15923439	0
435	0	15483941	0
436	0	15446218	0
437	0	20197571	0
438	1	727529	3343
439	1	950318	4375
440	0	19208747	0
441	0	20881794	0
442	1	1132358	5205
443	1	1060755	4895
444	1	2049818	9522
445	0	22102763	0
446	0	20139523	0
447	0	18677933	0
448	0	19617072	0
449	0	19681789	0
450	0	19176046	0
451	0	21623274	0
452	1	1055069	5519
453	1	1508621	6985
454	0	19230325	0
455	0	19694339	0
456	1	669509	3076
457	0	19003343	0
458	0	20017637	0
459	0	18156639	0
460	0	21025103	0
461	0	18668366	0
462	0	18979164	0
463	0	21550722	0
464	0	15520619	0
465	0	22360440	0
466	0	21102609	0
467	0	20709788	0
468	1	1719755	7940
469	0	19826731	0
470	1	2131728	9871
471	0	19594650	0
472	0	19199498	0
473	1	1435996	7541
474	1	1080890	5684
475	0	19218826	0
476	0	19411098	0
477	0	21834144	0
478	0	21299808	0
479	0	20373236	0
480	1	1248248	5769
481	0	22169902	0
482	1	1851011	8520
483	1	1604076	7427
484	0	19744563	0
485	1	958237	4421
486	0	20483330	0
487	0	18470345	0
488	0	20752834	0
489	0	20684402	0
490	0	18316642	0
491	1	1743740	8013
492	0	20550695	0
493	1	1088680	4977
494	1	1055142	4835
495	1	990842	4564
496	0	22101886	0
497	1	763278	3507
498	0	21513669	0
499	1	1293280	5988
500	0	22108245	0
501	1	1313513	6060
502	1	1554709	7193
503	1	1475247	7685
504	0	19544944	0
505	1	194830	864
506	0	19067780	0
507	1	900985	4144
508	0	22575894	0
509	1	761535	3502
510	0	21571608	0
511	0	21732638	0
512	0	15326460	0
513	0	19908516	0
514	1	881950	4613
515	1	932367	4273
516	0	19044164	0
517	0	19152754	0
518	1	1318356	6083
519	0	19167210	0
520	0	19403253	0
521	1	1172790	5411
522	0	19656883	0
523	0	19638072	0
524	1	1172682	5412
525	0	18739769	0
526	0	19544112	0
527	1	1069494	4948
528	0	19414714	0
529	0	19234213	0
530	0	19340938	0
531	1	1330775	6986
532	0	20888925	0
533	1	3272063	15076
534	0	19262162	0
535	0	19404422	0
536	0	21445261	0
537	0	19792619	0
538	0	20935739	0
539	0	19608394	0
540	1	1050663	5519
541	1	235422	1074
542	0	20003499	0
543	1	1452275	6718
544	0	19987515	0
545	0	20809784	0
546	0	20244276	0
547	1	350268	1590
548	1	1437705	7532
549	1	1048780	4850
550	0	19730075	0
551	1	1368374	6311
552	0	20030373	0
553	1	1751435	8081
554	1	830630	3846
555	0	20321925	0
556	0	21699191	0
557	1	1206941	5567
558	1	917888	4247
559	0	21407192	0
560	0	18756522	0
561	0	20232338	0
562	0	21972053	0
563	0	20365537	0
564	1	1360983	6278
565	0	19008420	0
566	0	20127231	0
567	0	19669093	0
568	1	877660	4007
569	0	18780017	0
570	0	22148906	0
571	1	1156740	5304
572	0	22597295	0
573	1	501597	2288
574	1	1310271	6056
575	0	21538568	0
576	0	20748864	0
577	0	15476937	0
578	1	1329053	6142
579	1	1173402	5340
580	1	984548	4550
581	0	19059609	0
582	0	19621624	0
583	0	20778132	0
584	1	773247	3519
585	1	1145670	5294
586	0	21097818	0
587	0	20558019	0
588	0	20351250	0
589	0	18844773	0
590	1	1230457	5700
591	1	1400363	6470
592	0	20710686	0
593	1	1753511	8117
594	0	19908896	0
595	0	20213680	0
596	1	1386045	6349
597	1	1064827	4925
598	1	1547577	7164
599	0	20403214	0
600	0	19479875	0
601	1	1303848	6001
602	0	19328167	0
603	0	18931938	0
604	0	19055416	0
605	0	15694797	0
606	0	19789767	0
607	0	15416721	0
608	0	22673771	0
609	0	21242811	0
610	1	940177	4337
611	0	21264779	0
612	0	22540913	0
613	0	19576124	0
614	1	1165214	5355
615	1	548966	2512
616	1	383797	1753
617	0	22108774	0
618	0	21383888	0
619	0	18947795	0
620	1	1833279	8427
621	0	19224522	0
622	0	19219482	0
623	0	20326853	0
624	1	1866421	8633
625	1	1273989	5893
626	1	1065821	4933
627	1	191118	872
628	0	22435808	0
629	0	22015360	0
630	0	19224281	0
631	0	19923261	0
632	0	22261422	0
633	1	718763	3762
634	1	247334	1129
635	0	20537570	0
636	0	20149923	0
637	1	1113828	5141
638	1	1211029	5617
639	1	2040689	9443
640	1	1568935	7263
641	1	655978	3029
642	1	911322	4163
643	1	1178056	5405
644	0	19381626	0
645	0	22151117	0
646	0	19165663	0
647	0	21842577	0
648	0	22793458	0
649	1	1367990	6288
650	1	872173	3997
651	0	21864341	0
652	0	19389751	0
653	1	1189262	5445
654	1	676608	3102
655	1	843830	3884
656	0	18180490	0
657	1	2046250	9492
658	1	1489157	6896
659	0	20266174	0
660	1	1334251	6165
661	1	1294673	5947
662	0	22539436	0
663	0	21000009	0
664	0	15905140	0
665	0	18953510	0
666	1	283585	1287
667	0	20171499	0
668	0	19438754	0
669	1	961516	4456
670	1	2361563	10904
671	1	808198	3737
672	0	19154846	0
673	1	1094439	5020
674	1	1826577	8408
675	0	19252566	0
676	1	1054559	4829
677	1	1244275	5724
678	1	1455305	6691
679	1	550278	2524
680	0	18960088	0
681	1	654820	3000
682	1	1587858	7318
683	0	15590827	0
684	1	1792448	8256
685	0	19444074	0
686	1	2403503	11104
687	0	22655694	0
688	0	19496009	0
689	0	22614205	0
690	1	937311	4276
691	0	20170198	0
692	1	1586239	7283
693	0	19575123	0
694	1	1206422	5549
695	0	19615239	0
696	1	1459473	6696
697	0	19542491	0
698	0	15900369	0
699	1	1029764	4717
700	0	19870355	0
701	1	1402149	6454
702	1	2212775	10224
703	1	997290	4590
704	0	22751490	0
705	0	15950375	0
706	1	1125467	5164
707	0	17379604	0
708	0	19273532	0
709	1	1409917	6503
710	0	19220113	0
711	0	21859630	0
712	1	2405338	11108
713	1	1138133	5251
714	0	23356162	0
715	0	20404080	0
716	1	814801	3735
717	1	44830	191
718	1	351487	1610
719	0	20705960	0
720	1	642273	2862
721	0	19076432	0
722	0	21818962	0
723	0	21287617	0
724	0	20105820	0
725	1	292285	1336
726	1	1253425	6589
727	0	19719010	0
728	0	21007686	0
729	0	15517122	0
730	0	15325030	0
731	1	1845097	8468
732	0	20951537	0
733	0	19745791	0
734	1	1495681	6918
735	1	1165948	5388
736	1	311215	1424
737	0	18687804	0
738	1	1621665	7504
739	0	20533124	0
740	0	20216684	0
741	0	19917857	0
742	0	22111656	0
743	1	1410461	6519
744	1	954872	4381
745	1	1652238	7636
746	1	921783	4262
747	0	18932249	0
748	1	1253645	6601
749	1	1472011	6799
750	1	496151	2285
751	1	1207284	5563
752	1	281743	1293
753	0	15400749	0
754	1	1050008	4829
755	1	766615	3539
756	1	897936	4150
757	1	1216863	5610
758	0	18976720	0
759	1	834267	3842
760	0	19540611	0
761	0	20778727	0
762	1	1114963	5133
763	1	1155287	5321
764	0	20302575	0
765	0	22075395	0
766	1	1298790	5997
767	1	1438957	6645
768	1	1010698	4677
769	0	18553486	0
770	1	2040298	9419
771	0	18721051	0
772	1	976350	4473
773	1	1152754	5343
774	0	18666092	0
775	0	19473796	0
776	1	1031808	4711
777	1	666561	3070
778	0	18865966	0
779	0	21316110	0
780	1	747983	3449
781	0	20564634	0
782	0	19092564	0
783	0	18791346	0
784	1	1987959	9149
785	0	22058732	0
786	0	20272395	0
787	0	21736875	0
788	0	20846592	0
789	1	1904036	8806
790	1	1169520	5391
791	0	19338613	0
792	0	22392909	0
793	1	785439	4086
794	1	1176440	5441
795	1	1523907	7052
796	1	1023713	4726
797	1	366730	1901
798	1	181784	830
799	1	658924	3041
800	0	20792420	0
801	0	19151426	0
802	0	18507670	0
803	1	803700	4175
804	1	1306607	6027
805	0	18644183	0
806	1	1304710	6841
807	1	693121	3202
808	0	15622395	0
809	1	1334357	6122
810	1	1123157	5196
811	1	1018589	4705
812	1	1012880	4662
813	1	1422277	6586
814	1	1106434	5090
815	1	212468	968
816	1	1051981	4870
817	0	19173427	0
818	0	20163387	0
819	0	19167933	0
820	1	1466861	6772
821	0	19196504	0
822	0	19520925	0
823	0	20080953	0
824	1	346660	1573
825	1	2121042	9832
826	0	21875328	0
827	0	19582440	0
828	1	1704334	7864
829	1	1100881	5094
830	0	20040849	0
831	0	19671301	0
832	0	19681837	0
833	1	1284155	5935
834	1	830677	3843
835	1	1317152	6086
836	0	15617337	0
837	0	18799957	0
838	1	441772	2300
839	1	1168741	5404
840	1	1253130	5795
841	0	18821496	0
842	0	18676818	0
843	0	19415477	0
844	1	1123156	5188
845	0	18392244	0
846	0	19568250	0
847	0	22152244	0
848	0	21383243	0
849	0	15351445	0
850	0	22166440	0
851	1	532514	2444
852	0	21330203	0
853	0	15912319	0
854	0	20335830	0
855	1	2323338	10785
856	0	19708946	0
857	0	19637053	0
858	0	21908750	0
859	0	21917076	0
860	0	21774117	0
861	0	18701149	0
862	0	22456876	0
863	0	20270103	0
864	0	18674559	0
865	1	1461519	6706
866	0	18988213	0
867	0	20235092	0
868	0	19442048	0
869	0	18882618	0
870	1	1170232	5371
871	1	1211380	5581
872	1	1039747	4781
873	0	19533936	0
874	0	19281845	0
875	0	19336374	0
876	1	1329425	6040
877	0	15659493	0
878	1	850936	4446
879	0	20784393	0
880	0	19953937	0
881	0	19991471	0
882	0	19387463	0
883	0	19793234	0
884	0	20648906	0
885	0	20645813	0
886	0	18942691	0
887	1	553515	2496
888	0	21383285	0
889	1	1278886	5860
890	0	18885165	0
891	1	1866164	8587
892	0	21961961	0
893	1	750591	3404
894	1	1359612	6257
895	1	1029228	4737
896	0	20073044	0
897	0	19496737	0
898	0	19789219	0
899	0	15602632	0
900	1	1004175	4604
901	0	15684579	0
902	1	1005796	4610
903	1	1127894	5190
904	0	19320733	0
905	1	1162630	5342
906	0	21937116	0
907	1	807671	3707
908	0	19952272	0
909	1	1882946	8671
910	0	22450767	0
911	0	22021610	0
912	0	21545149	0
913	0	20710376	0
914	0	21577192	0
915	0	19479737	0
916	1	2089660	9607
917	0	20418209	0
918	0	19383888	0
919	1	1238201	5690
920	1	596668	2740
921	1	1228665	5652
922	1	1658182	7633
923	0	21965980	0
924	0	15680598	0
925	0	19042543	0
926	1	1481628	6756
927	0	22634625	0
928	0	20682824	0
929	0	15495715	0
930	0	19394375	0
931	1	1498260	6906
932	0	15503390	0
933	1	1077253	4914
934	0	18891663	0
935	0	15652439	0
936	0	18869885	0
937	0	19092446	0
938	1	623824	2858
939	1	514815	2369
940	1	1471973	6792
941	0	19763374	0
942	1	1623508	8524
943	0	21642561	0
944	0	20786148	0
945	0	15698585	0
946	0	22225394	0
947	1	1053512	4871
948	0	21532835	0
949	1	779321	4056
950	0	19932733	0
951	1	1288791	5955
952	1	805499	3722
953	0	19909763	0
954	1	956956	4407
955	1	122866	553
956	0	22148700	0
957	1	1193383	5479
958	0	20806286	0
959	0	19707583	0
960	1	1218315	5608
961	0	15118477	0
962	0	19339370	0
963	1	1179212	5428
964	1	1227082	5647
965	1	974022	4498
966	0	20421295	0
967	0	21873898	0
968	0	21906684	0
969	1	229129	1028
970	0	22164483	0
971	0	18509175	0
972	0	18632634	0
973	1	1350068	6169
974	0	19231659	0
975	0	20139500	0
976	0	22600884	0
977	0	21304488	0
978	0	19553959	0
979	0	19730053	0
980	1	445890	2022
981	1	1267175	5838
982	0	18497958	0
983	1	839138	3844
984	0	22015015	0
985	0	21882716	0
986	0	15578626	0
987	1	235034	1180
988	0	20592200	0
989	1	1019189	4669
990	1	747458	3440
991	1	1329401	6123
992	1	200178	907
993	0	19681230	0
994	1	724304	3329
995	0	20875974	0
996	0	22702774	0
997	0	15577138	0
998	0	22706739	0
999	1	623170	2821
1000	0	19299726	0
1001	1	1294843	5961
1002	0	22299752	0
1003	1	648659	2932
1004	0	21719671	0
1005	0	18816077	0
1006	1	580728	2668
1007	1	944898	4965
1008	1	108200	488
1009	0	19198349	0
1010	0	21502236	0
1011	0	21548940	0
1012	1	1250199	6526
1013	0	19986862	0
1014	1	1161399	6114
1015	0	19546026	0
1016	0	19213146	0
1017	0	19334927	0
1018	1	1583443	7319
1019	1	193950	1000
1020	0	19271360	0
1021	0	20835600	0
1022	0	15790679	0
1023	0	19766081	0
1024	0	18689126	0
1025	1	983414	4523
1026	0	19498418	0
1027	1	1134918	5234
1028	0	21444582	0
1029	0	19650751	0
1030	0	21682522	0
1031	1	531141	2759
1032	1	585806	2707
1033	1	1593238	7366
1034	1	212272	961
1035	1	1490555	6887
1036	0	20271323	0
1037	1	1051747	4843
1038	0	19104442	0
1039	1	1063771	4896
1040	1	1190905	5487
1041	1	927632	4285
1042	1	809688	4247
1043	0	19930083	0
1044	0	18847332	0
1045	0	19724768	0
1046	1	1241768	5735
1047	0	19853744	0
1048	1	1252187	5764
1049	1	1493267	6904
1050	1	998678	4610
1051	1	791816	3652
1052	0	19808904	0
1053	1	1050402	5482
1054	0	21727792	0
1055	0	15517634	0
1056	0	19252389	0
1057	0	21716675	0
1058	0	22214259	0
1059	0	20464069	0
1060	0	19261748	0
1061	1	509667	2340
1062	1	1179875	5462
1063	0	19347582	0
1064	1	1098162	5041
1065	0	18401032	0
1066	1	643338	2950
1067	1	713887	3291
1068	1	1453241	6720
1069	0	19809848	0
1070	1	801984	3671
1071	0	18449915	0
1072	0	19175093	0
1073	0	21202712	0
1074	0	15930195	0
1075	0	19979985	0
1076	0	19122954	0
1077	0	19293318	0
1078	0	19833861	0
1079	1	1873576	8660
1080	0	15640845	0
1081	0	19801200	0
1082	0	21637305	0
1083	1	642703	2950
1084	0	15537023	0
1085	0	15439479	0
1086	0	19358556	0
1087	1	625036	3251
1088	0	20156648	0
1089	0	20969889	0
1090	0	21131868	0
1091	0	20880355	0
1092	1	515400	2372
1093	1	1063999	4907
1094	1	498850	2276
1095	0	21242083	0
1096	1	1009120	5282
1097	1	1198697	5508
1098	0	21001449	0
1099	0	20787318	0
1100	0	18852070	0
1101	0	20072162	0
1102	0	21223004	0
1103	1	1846693	8519
1104	1	2032285	9403
1105	1	581378	2684
1106	0	19697120	0
1107	1	996448	5210
1108	0	19248553	0
1109	1	1675027	7657
1110	0	15830685	0
1111	1	1630090	7541
1112	0	18838649	0
1113	0	15720350	0
1114	0	19102171	0
1115	1	14010373	64901
1116	1	322304	1473
1117	1	2327510	10807
1118	0	18881747	0
1119	1	738962	3408
1120	0	21805558	0
1121	1	1990697	9200
1122	0	15861686	0
1123	0	19024221	0
1124	1	1644423	7612
1125	1	1275939	5884
1126	0	18742671	0
1127	1	939248	4333
1128	1	1444567	6685
1129	1	999954	4602
1130	0	19622620	0
1131	0	22222155	0
1132	0	20813205	0
1133	0	20002166	0
1134	1	1753293	8077
1135	0	19093815	0
1136	0	22102216	0
1137	1	954255	4386
1138	0	19825881	0
1139	1	1243083	5739
1140	0	19150533	0
1141	0	19090361	0
1142	1	392554	1776
1143	1	599300	2766
1144	0	22366445	0
1145	0	19380428	0
1146	1	866292	4461
1147	0	21943766	0
1148	1	1095734	5725
1149	0	22261883	0
1150	1	1207457	5570
1151	0	19791730	0
1152	1	1352787	6253
1153	1	2761361	12798
1154	1	1219202	5642
1155	1	1185075	5479
1156	0	19189840	0
1157	0	18787174	0
1158	0	18691628	0
1159	1	1252134	5782
1160	0	19361039	0
1161	1	1403418	6463
1162	0	19751939	0
1163	0	18964794	0
1164	0	18777707	0
1165	0	15694799	0
1166	0	22141157	0
1167	1	1372700	6313
1168	1	978952	4511
1169	1	1201576	5532
1170	0	21345822	0
1171	1	997532	4540
1172	0	15388473	0
1173	0	21163842	0
1174	0	20415751	0
1175	1	1484631	6818
1176	1	954604	4375
1177	1	1073178	4912
1178	1	1272775	6673
1179	0	22407608	0
1180	0	22273323	0
1181	0	19701717	0
1182	1	1587329	8351
1183	1	1077468	4956
1184	1	2006701	9228
1185	1	802150	3682
1186	1	845356	3886
1187	0	15493909	0
1188	1	1273013	6684
1189	0	15689759	0
1190	0	15509888	0
1191	1	1460423	6710
1192	0	18890297	0
1193	0	20908427	0
1194	0	19943726	0
1195	0	22166295	0
1196	1	876639	4010
1197	0	21608701	0
1198	0	20821604	0
1199	1	1280693	5882
