# N1 = 66889
# N2 = 104723
# N  = 7004816747
# Nc = 80000
# Na = 1000
# Fc = 0.997
# kB = 64
#
# run	success	duration[mus]	usedNa
0	0	21344526	0
1	0	21106147	0
2	0	19054285	0
3	0	19212658	0
4	0	18783937	0
5	0	19756829	0
6	0	19780086	0
7	0	19588165	0
8	0	19538544	0
9	0	19783031	0
10	0	15579612	0
11	0	19743379	0
12	0	18872364	0
13	1	114280	497
14	0	20345862	0
15	0	19671785	0
16	0	19200662	0
17	0	22374159	0
18	0	20827834	0
19	0	19383078	0
20	0	21972170	0
21	0	19821600	0
22	0	22874246	0
23	0	21232112	0
24	0	22469718	0
25	0	22179653	0
26	0	21562263	0
27	0	21597119	0
28	0	19267395	0
29	0	20097706	0
30	0	19912207	0
31	0	21318216	0
32	0	19162490	0
33	0	18692989	0
34	0	19328965	0
35	0	18740780	0
36	0	21815683	0
37	0	19931847	0
38	0	15979648	0
39	0	20256456	0
40	0	21946785	0
41	0	20760095	0
42	0	20946028	0
43	0	21861131	0
44	0	22730522	0
45	0	22682489	0
46	0	15662075	0
47	0	18970012	0
48	0	19085890	0
49	0	15892798	0
50	0	18944789	0
51	0	19539773	0
52	0	21536834	0
53	0	21240425	0
54	0	19071714	0
55	0	18990196	0
56	0	18904359	0
57	0	18516128	0
58	0	19410719	0
59	0	19130331	0
60	0	15466098	0
61	0	19109298	0
62	0	21846053	0
63	0	17116889	0
64	0	19538028	0
65	0	18975790	0
66	0	19538482	0
67	0	19979230	0
68	0	18911816	0
69	0	20337118	0
70	0	20839469	0
71	0	20998405	0
72	0	20226385	0
73	0	21976239	0
74	0	20044858	0
75	0	20739996	0
76	0	19906598	0
77	0	19455416	0
78	0	20219913	0
79	0	20751100	0
80	0	19375827	0
81	0	21171748	0
82	0	19121371	0
83	0	19704442	0
84	0	20603517	0
85	0	19176392	0
86	0	19280854	0
87	0	19430474	0
88	0	19406127	0
89	0	18617866	0
90	0	19162090	0
91	0	19362357	0
92	0	19144948	0
93	0	19596336	0
94	0	18979553	0
95	0	20049377	0
96	0	18798755	0
97	0	21988084	0
98	1	34332	128
99	0	20104242	0
100	0	19493368	0
101	0	18586018	0
102	0	19559399	0
103	0	19060319	0
104	0	19020465	0
105	0	19802925	0
106	0	19216468	0
107	0	19922843	0
108	0	18951097	0
109	0	15495187	0
110	0	19869188	0
111	0	19510131	0
112	0	15399881	0
113	0	15614926	0
114	0	19265095	0
115	0	22584356	0
116	0	16067352	0
117	0	20608467	0
118	0	19760749	0
119	0	19437757	0
120	0	19724757	0
121	0	19090386	0
122	0	18518114	0
123	0	19980941	0
124	0	19752656	0
125	0	18852061	0
126	0	15254358	0
127	0	18832425	0
128	0	19697252	0
129	0	15216524	0
130	0	20815329	0
131	0	15578962	0
132	0	19108887	0
133	0	15597801	0
134	0	18830410	0
135	0	19252524	0
136	0	19994987	0
137	0	18251431	0
138	0	18925727	0
139	0	19562299	0
140	0	19100458	0
141	0	18777863	0
142	0	15359886	0
143	0	20047954	0
144	0	19563473	0
145	0	16042693	0
146	0	19725412	0
147	0	21731826	0
148	0	20981183	0
149	0	21051061	0
150	0	19657673	0
151	0	20537622	0
152	0	19614005	0
153	0	15508573	0
154	0	19955773	0
155	0	22532569	0
156	0	20501005	0
157	0	20560657	0
158	0	19937276	0
159	0	15441458	0
160	0	19090899	0
161	0	20884880	0
162	0	19166338	0
163	0	19341081	0
164	0	20758537	0
165	0	18577901	0
166	0	18234129	0
167	0	20918723	0
168	0	15895110	0
169	0	20950762	0
170	0	15322473	0
171	0	19438518	0
172	0	19348325	0
173	0	21112744	0
174	0	19124826	0
175	0	21980726	0
176	0	20291422	0
177	0	19417826	0
178	0	20469874	0
179	0	22784064	0
180	0	20576462	0
181	0	19377475	0
182	0	22695700	0
183	0	20495294	0
184	0	21928375	0
185	0	22007204	0
186	0	18310249	0
187	0	19832268	0
188	0	19289876	0
189	0	20305831	0
190	0	15385275	0
191	0	20520139	0
192	0	20694096	0
193	0	20311875	0
194	0	20673113	0
195	0	22097125	0
196	0	20823156	0
197	0	20222220	0
198	0	19471016	0
199	0	15413239	0
200	0	19405319	0
201	0	15251448	0
202	0	19225124	0
203	0	15527829	0
204	0	19819260	0
205	0	19773844	0
206	0	22758864	0
207	0	21733293	0
208	0	21089267	0
209	0	21047833	0
210	0	20500860	0
211	0	22115210	0
212	0	21420747	0
213	0	20901304	0
214	0	21862999	0
215	0	19278931	0
216	0	22979259	0
217	0	21424236	0
218	0	21742023	0
219	0	15356006	0
220	0	19718179	0
221	0	19129542	0
222	0	15634647	0
223	0	19539611	0
224	0	19546395	0
225	0	19517314	0
226	0	19429254	0
227	0	19685454	0
228	0	19467842	0
229	0	20293495	0
230	0	20626468	0
231	0	21030714	0
232	0	22567268	0
233	0	20424168	0
234	0	22457732	0
235	0	21550353	0
236	0	21116935	0
237	0	20677333	0
238	0	21208562	0
239	0	20034093	0
240	0	22464766	0
241	0	22019787	0
242	0	22035996	0
243	0	15483086	0
244	0	18942456	0
245	0	22083907	0
246	0	19106202	0
247	0	19282164	0
248	0	20801864	0
249	0	19297415	0
250	0	21834158	0
251	0	20300667	0
252	0	21486817	0
253	0	22503688	0
254	0	22590593	0
255	0	19992804	0
256	0	22029662	0
257	0	20964698	0
258	0	22400765	0
259	0	20987541	0
260	0	21729177	0
261	0	21036208	0
262	0	21370916	0
263	0	19339062	0
264	0	22248923	0
265	0	21935041	0
266	0	20702914	0
267	0	20464359	0
268	0	20123096	0
269	0	20846122	0
270	0	19397270	0
271	0	15386116	0
272	0	20865610	0
273	0	22232411	0
274	0	20074550	0
275	0	19686602	0
276	0	15808178	0
277	0	19384244	0
278	0	18646817	0
279	0	19928919	0
280	0	19627599	0
281	0	15795395	0
282	0	18442281	0
283	0	21660465	0
284	0	19861771	0
285	0	19092498	0
286	0	19830693	0
287	0	18942896	0
288	0	20878326	0
289	0	20207815	0
290	0	21104348	0
291	0	19705948	0
292	0	20449966	0
293	0	19002808	0
294	0	19745385	0
295	0	20100488	0
296	0	20774817	0
297	0	19249722	0
298	0	19229370	0
299	0	19181071	0
300	0	18627052	0
301	0	21402137	0
302	0	19461545	0
303	0	18998689	0
304	0	19449736	0
305	0	19158778	0
306	0	18642155	0
307	0	20882918	0
308	0	20013291	0
309	0	20232610	0
310	0	19665092	0
311	0	18969031	0
312	0	19481025	0
313	0	19573041	0
314	0	19314138	0
315	0	15894159	0
316	0	18760410	0
317	0	18852556	0
318	0	15598997	0
319	0	19416034	0
320	0	19860807	0
321	0	19834931	0
322	0	20181863	0
323	0	22764465	0
324	0	21050024	0
325	0	18325969	0
326	0	20097403	0
327	0	15898371	0
328	0	18737962	0
329	0	19752349	0
330	0	18955312	0
331	0	19759360	0
332	0	19944780	0
333	0	21913153	0
334	0	19321376	0
335	0	19746714	0
336	0	19417327	0
337	0	19449331	0
338	0	19823095	0
339	0	20260279	0
340	1	28891	123
341	0	20333257	0
342	0	18854967	0
343	0	15684969	0
344	0	19499532	0
345	0	19660357	0
346	0	19794587	0
347	0	22201342	0
348	0	15955887	0
349	0	20338489	0
350	0	18961583	0
351	0	21130839	0
352	0	22227417	0
353	0	21122749	0
354	0	19041686	0
355	0	18976744	0
356	0	18889701	0
357	0	15602080	0
358	0	21310200	0
359	0	19236016	0
360	0	19230038	0
361	0	20801225	0
362	0	18674615	0
363	0	18596373	0
364	0	19363296	0
365	0	18848723	0
366	0	18832337	0
367	0	21704743	0
368	0	20376632	0
369	0	22131975	0
370	0	21156651	0
371	0	19813229	0
372	0	19668817	0
373	0	21127258	0
374	0	20639733	0
375	0	21613555	0
376	0	21967596	0
377	0	20614902	0
378	0	20770677	0
379	0	20507039	0
380	0	21699149	0
381	0	21326456	0
382	0	21442755	0
383	0	19297748	0
384	0	20501061	0
385	0	20366494	0
386	0	21647046	0
387	0	21433532	0
388	0	21067002	0
389	0	20450700	0
390	0	23114468	0
391	0	21760702	0
392	0	15566049	0
393	0	20356438	0
394	0	19521868	0
395	0	22575183	0
396	0	19556834	0
397	0	18667092	0
398	0	19692350	0
399	0	21215489	0
400	0	20053418	0
401	0	18645567	0
402	0	19635072	0
403	0	18536730	0
404	0	18378092	0
405	0	18005032	0
406	0	20164042	0
407	0	20733902	0
408	0	20000040	0
409	0	19350449	0
410	0	19839392	0
411	0	19810788	0
412	0	19394759	0
413	0	22162729	0
414	0	19682879	0
415	0	19129536	0
416	0	19271787	0
417	0	20597710	0
418	0	18947432	0
419	0	15664578	0
420	0	18606668	0
421	0	19576114	0
422	0	19759358	0
423	0	19459367	0
424	0	21770881	0
425	0	15712784	0
426	0	19600343	0
427	0	20729642	0
428	0	18936260	0
429	0	19180126	0
430	0	19787637	0
431	0	19028329	0
432	0	18413953	0
433	0	19778618	0
434	0	19352261	0
435	0	18336020	0
436	0	19984858	0
437	0	18715969	0
438	0	18703427	0
439	0	19127329	0
440	0	19430999	0
441	0	19481631	0
442	0	15815315	0
443	0	18791551	0
444	0	22685152	0
445	0	20105791	0
446	0	15451843	0
447	0	19633185	0
448	0	15763495	0
449	0	19217597	0
450	0	19023737	0
451	0	19760287	0
452	0	20368432	0
453	0	19599023	0
454	0	19674871	0
455	0	20184145	0
456	0	19344626	0
457	0	22737354	0
458	0	16711577	0
459	0	20134621	0
460	0	22295679	0
461	0	20005707	0
462	0	19814676	0
463	0	19231631	0
464	0	19456197	0
465	0	19446164	0
466	0	19170461	0
467	0	15725771	0
468	0	19727393	0
469	0	19698460	0
470	0	19258006	0
471	0	20786987	0
472	0	18632584	0
473	0	15549560	0
474	0	15495922	0
475	0	15821819	0
476	0	21825518	0
477	0	21645808	0
478	0	21370721	0
479	0	21930906	0
480	0	21364648	0
481	0	15573358	0
482	0	18675702	0
483	1	22741	84
484	0	19806749	0
485	0	20988454	0
486	0	21323837	0
487	0	21847640	0
488	0	22261722	0
489	0	22844548	0
490	0	23022178	0
491	0	22774969	0
492	0	22686324	0
493	0	20810632	0
494	0	19445795	0
495	0	20264186	0
496	0	21472919	0
497	0	15885209	0
498	0	22065982	0
499	0	22455414	0
500	1	3222387	14783
501	0	22359275	0
502	0	20475246	0
503	0	20421311	0
504	0	20273426	0
505	0	20504334	0
506	0	15452833	0
507	0	20001023	0
508	0	15739481	0
509	0	19318663	0
510	0	19965390	0
511	0	20285949	0
512	0	19367742	0
513	0	22066354	0
514	0	20615075	0
515	0	21342256	0
516	0	15521792	0
517	0	15570194	0
518	0	22329203	0
519	0	22936041	0
520	0	22648025	0
521	0	20821958	0
522	0	21751232	0
523	0	15632886	0
524	0	22388001	0
525	0	21368504	0
526	0	20548737	0
527	0	21486714	0
528	0	19223922	0
529	0	20279337	0
530	0	21971233	0
531	0	20511017	0
532	0	21067581	0
533	0	19177051	0
534	0	20419853	0
535	0	22469678	0
536	0	21814341	0
537	0	21811134	0
538	0	20929245	0
539	0	20933253	0
540	0	21153039	0
541	0	20006458	0
542	0	18742541	0
543	0	19471694	0
544	0	19634179	0
545	0	21541546	0
546	0	22565150	0
547	0	20055944	0
548	0	20392384	0
549	0	21108737	0
550	0	21998224	0
551	0	19316714	0
552	0	21035986	0
553	0	21515309	0
554	0	21559593	0
555	0	22907471	0
556	0	22582015	0
557	0	19809215	0
558	0	22431506	0
559	0	21609887	0
560	0	20945031	0
561	0	22746527	0
562	0	22117066	0
563	0	20606856	0
564	0	18908866	0
565	0	21741702	0
566	0	21300471	0
567	0	21214612	0
568	0	18901119	0
569	0	19943564	0
570	0	18207035	0
571	0	21158571	0
572	0	15528486	0
573	0	19678947	0
574	0	19588469	0
575	0	21619511	0
576	0	21105648	0
577	0	22454479	0
578	0	20478364	0
579	0	23055164	0
580	0	19594331	0
581	0	22196359	0
582	0	21344640	0
583	0	19944277	0
584	0	20201871	0
585	0	15869777	0
586	0	19417734	0
587	0	20085459	0
588	0	22455887	0
589	0	19386978	0
590	0	20145971	0
591	0	18697133	0
592	0	18742399	0
593	0	22386719	0
594	0	19847028	0
595	0	19383722	0
596	0	22032006	0
597	0	20785055	0
598	0	19749964	0
599	0	22050950	0
600	0	20742130	0
601	0	20254132	0
602	0	20151948	0
603	0	22372517	0
604	0	21859754	0
605	0	15587750	0
606	0	20558023	0
607	0	20617027	0
608	0	22543785	0
609	0	15763280	0
610	0	21542283	0
611	0	20520430	0
612	0	20329139	0
613	0	20784323	0
614	0	21309087	0
615	0	22315029	0
616	0	20351308	0
617	0	21493588	0
618	0	20235666	0
619	0	21910105	0
620	0	20101208	0
621	0	20345159	0
622	0	21014039	0
623	0	19541478	0
624	0	20472816	0
625	0	20960200	0
626	0	19924118	0
627	0	22876867	0
628	0	21187800	0
629	0	19064854	0
630	0	22533972	0
631	0	20607755	0
632	0	21224143	0
633	0	20939707	0
634	1	37231	139
635	0	20829801	0
636	0	22434826	0
637	0	22384274	0
638	0	20514895	0
639	0	20480580	0
640	0	20229774	0
641	0	21280482	0
642	0	22687941	0
643	0	20453605	0
644	0	19294348	0
645	0	19317840	0
646	0	20392271	0
647	0	20618734	0
648	0	18829945	0
649	0	18128035	0
650	0	18919681	0
651	0	15403618	0
652	0	18849305	0
653	0	21524410	0
654	0	20464095	0
655	0	22476906	0
656	0	21542613	0
657	0	15608360	0
658	0	17933050	0
659	0	18632848	0
660	0	19012115	0
661	0	22500435	0
662	0	20345081	0
663	0	22534530	0
664	0	20868330	0
665	0	20778701	0
666	0	21748847	0
667	0	17099062	0
668	0	21545387	0
669	0	18929099	0
670	0	20097275	0
671	0	19011486	0
672	0	19585718	0
673	0	21279595	0
674	0	19775210	0
675	0	19421175	0
676	0	18964755	0
677	0	20213508	0
678	0	19842555	0
679	0	19910090	0
680	0	22210744	0
681	0	15330129	0
682	0	20038309	0
683	0	20632364	0
684	0	18939138	0
685	0	19910732	0
686	0	19563472	0
687	0	15451818	0
688	0	19254281	0
689	0	21334795	0
690	0	20679339	0
691	0	20041261	0
692	0	21588496	0
693	0	20659687	0
694	0	20150853	0
695	0	19014453	0
696	0	19484140	0
697	0	20307498	0
698	0	22789328	0
699	0	20684091	0
700	0	15891190	0
701	0	20551183	0
702	0	19704765	0
703	0	19544044	0
704	0	19818259	0
705	0	19359976	0
706	0	20489154	0
707	0	22463471	0
708	0	21604041	0
709	0	15411058	0
710	0	19863859	0
711	0	19208417	0
712	0	18924811	0
713	0	19240487	0
714	0	21003672	0
715	0	19706500	0
716	0	22271003	0
717	0	15423580	0
718	0	18944605	0
719	1	12495	23
720	0	15484800	0
721	0	19430371	0
722	0	19309492	0
723	0	20860021	0
724	0	20423863	0
725	0	19085639	0
726	0	20677869	0
727	0	21645397	0
728	0	22436428	0
729	0	22294855	0
730	0	22253353	0
731	0	15669136	0
732	0	19169909	0
733	0	21927725	0
734	0	21618577	0
735	0	21683014	0
736	0	19484473	0
737	0	18970607	0
738	0	22073193	0
739	0	20804011	0
740	0	19853138	0
741	0	22246602	0
742	0	19770998	0
743	0	19260077	0
744	0	22134185	0
745	0	21690464	0
746	0	19592683	0
747	0	15757736	0
748	0	19711832	0
749	0	18818715	0
750	0	18703618	0
751	0	19264758	0
752	0	18410360	0
753	0	15643771	0
754	0	15735572	0
755	0	19191679	0
756	0	20799775	0
757	0	15992485	0
758	0	18670910	0
759	0	19043161	0
760	0	19016637	0
761	0	20457776	0
762	0	22388775	0
763	0	20651573	0
764	0	19075165	0
765	0	19696355	0
766	0	19757835	0
767	0	18901071	0
768	0	19271591	0
769	0	21384467	0
770	0	21038785	0
771	0	19903899	0
772	0	21548926	0
773	0	19000579	0
774	0	19879611	0
775	0	20730402	0
776	0	22940463	0
777	0	20232840	0
778	0	18478621	0
779	0	15547193	0
780	0	21205576	0
781	0	20879142	0
782	0	22264826	0
783	0	22436180	0
784	0	22348989	0
785	0	20677072	0
786	0	20837769	0
787	0	20335433	0
788	0	23088293	0
789	0	21394006	0
790	0	22229119	0
791	0	15498350	0
792	0	19882776	0
793	0	20911825	0
794	0	22694621	0
795	0	22529979	0
796	0	21288674	0
797	0	20019921	0
798	0	19474452	0
799	0	19262941	0
800	0	21328047	0
801	0	20499987	0
802	0	20768538	0
803	0	19086824	0
804	0	21749315	0
805	0	21681477	0
806	0	15730549	0
807	0	22364385	0
808	0	20820620	0
809	0	21503207	0
810	0	18763759	0
811	0	21741128	0
812	0	18975694	0
813	0	19525505	0
814	0	20216945	0
815	0	15816308	0
816	0	20787692	0
817	0	20371333	0
818	0	20237435	0
819	0	19780642	0
820	0	20154066	0
821	0	20539506	0
822	0	21024058	0
823	0	19554166	0
824	0	21767963	0
825	0	19805143	0
826	0	19830877	0
827	0	19766258	0
828	0	19932415	0
829	0	19164005	0
830	0	21655495	0
831	0	20194461	0
832	0	19056069	0
833	0	19266980	0
834	0	18974408	0
835	0	21611584	0
836	0	20741754	0
837	0	18362158	0
838	0	20726180	0
839	0	19694657	0
840	0	18687541	0
841	0	18493149	0
842	0	19354526	0
843	0	15666055	0
844	0	20857940	0
845	1	47620	191
846	0	18342101	0
847	0	15506390	0
848	0	15437236	0
849	0	18668674	0
850	0	18789527	0
851	0	19132126	0
852	0	15692548	0
853	0	18911148	0
854	0	18855120	0
855	0	19208644	0
856	0	19630336	0
857	0	19372655	0
858	0	19296462	0
859	0	20165750	0
860	0	19788577	0
861	0	19338700	0
862	0	22190460	0
863	0	21096260	0
864	0	20918317	0
865	0	19571724	0
866	0	19259827	0
867	0	21779971	0
868	0	19795296	0
869	0	22175210	0
870	0	19341409	0
871	0	19922141	0
872	0	19118019	0
873	0	19220281	0
874	0	18687803	0
875	0	19899422	0
876	0	19041286	0
877	0	18496143	0
878	0	20495929	0
879	0	19488231	0
880	0	21583292	0
881	0	20631669	0
882	0	15565881	0
883	0	19800716	0
884	0	19030279	0
885	0	19200644	0
886	0	20761786	0
887	0	20126133	0
888	0	20835729	0
889	0	20044828	0
890	0	19765571	0
891	0	22183689	0
892	0	15701258	0
893	0	19122645	0
894	0	20794145	0
895	0	22857393	0
896	0	16124260	0
897	0	21808740	0
898	0	20426403	0
899	0	22334892	0
900	0	22281911	0
901	0	20667105	0
902	0	19976729	0
903	0	21630841	0
904	0	21454846	0
905	0	21852310	0
906	0	22433130	0
907	0	19627083	0
908	0	22748055	0
909	0	19567855	0
910	0	22432369	0
911	0	19798334	0
912	0	19318183	0
913	0	22496275	0
914	0	21800146	0
915	0	16170876	0
916	0	22503065	0
917	0	19340782	0
918	0	20414222	0
919	0	20163705	0
920	0	18946219	0
921	0	19740456	0
922	0	22077113	0
923	0	21944602	0
924	0	19076458	0
925	0	19340174	0
926	0	18780363	0
927	0	20159301	0
928	0	20844682	0
929	0	19475044	0
930	0	19763955	0
931	0	19922417	0
932	0	19871095	0
933	0	20657733	0
934	0	20474754	0
935	0	20137839	0
936	0	21891076	0
937	0	17100143	0
938	0	21370150	0
939	0	20031929	0
940	0	20189811	0
941	0	15560475	0
942	0	19512851	0
943	0	22179350	0
944	0	19295586	0
945	0	20047707	0
946	0	21881788	0
947	0	22046109	0
948	0	20333772	0
949	0	20273045	0
950	0	19348886	0
951	0	20240705	0
952	0	19846638	0
953	0	20475890	0
954	0	19987192	0
955	0	20967450	0
956	0	19015071	0
957	0	20663220	0
958	0	20465789	0
959	0	19282916	0
960	0	19801104	0
961	0	15397052	0
962	0	18551829	0
963	0	20329539	0
964	0	21062957	0
965	0	20185299	0
966	0	19971426	0
967	0	15572335	0
968	0	22126082	0
969	0	22256455	0
970	0	22474168	0
971	0	15723983	0
972	0	22399793	0
973	0	23088726	0
974	0	20608590	0
975	0	19453068	0
976	0	21027896	0
977	0	22067769	0
978	0	19793118	0
979	0	15302140	0
980	0	20036657	0
981	0	19316543	0
982	0	19677147	0
983	0	19230295	0
984	0	22409673	0
985	0	21229715	0
986	0	19282949	0
987	0	15809940	0
988	0	19562513	0
989	0	21978967	0
990	0	20621797	0
991	0	20596460	0
992	0	19060620	0
993	0	19458465	0
994	0	17408594	0
995	0	22448699	0
996	0	21039268	0
997	0	20331509	0
998	0	19312367	0
999	0	19966134	0
1000	0	20521311	0
1001	0	19467415	0
1002	0	19648251	0
1003	0	22424130	0
1004	0	21498228	0
1005	0	22034242	0
1006	0	20641308	0
1007	0	20876876	0
1008	0	21860610	0
1009	0	22116492	0
1010	0	19397767	0
1011	0	18749352	0
1012	0	22691110	0
1013	0	20740882	0
1014	0	22406848	0
1015	0	20316460	0
1016	0	20757031	0
1017	0	21790336	0
1018	0	19925872	0
1019	0	19736401	0
1020	0	22765422	0
1021	0	22609495	0
1022	0	22915305	0
1023	0	22196922	0
1024	0	20308254	0
1025	0	22585825	0
1026	0	22071554	0
1027	0	21343763	0
1028	0	20355714	0
1029	0	20482238	0
1030	0	19679265	0
1031	0	22254780	0
1032	0	22389522	0
1033	0	15532423	0
1034	0	21875143	0
1035	0	20863480	0
1036	0	19249683	0
1037	0	21139259	0
1038	0	19004024	0
1039	0	19294989	0
1040	0	21684376	0
1041	0	19940337	0
1042	0	18860773	0
1043	0	21204067	0
1044	0	20142583	0
1045	0	15622754	0
1046	0	19842173	0
1047	0	19463288	0
1048	0	15761280	0
1049	0	15744621	0
1050	0	16038528	0
1051	0	19181447	0
1052	0	20097682	0
1053	0	19400899	0
1054	0	19161315	0
1055	0	20527418	0
1056	0	21569644	0
1057	0	21170394	0
1058	0	20424293	0
1059	0	19623362	0
1060	0	20534944	0
1061	0	19151912	0
1062	0	19702828	0
1063	0	19218087	0
1064	0	19463437	0
1065	0	20771302	0
1066	0	21107699	0
1067	0	20667905	0
1068	0	15443016	0
1069	0	20042846	0
1070	0	21726525	0
1071	0	15741342	0
1072	0	15775363	0
1073	0	19937571	0
1074	0	20124168	0
1075	0	22814495	0
1076	0	22392137	0
1077	0	19477403	0
1078	0	19024025	0
1079	0	20938925	0
1080	0	20388650	0
1081	0	20362710	0
1082	0	19041732	0
1083	0	20018366	0
1084	0	18770573	0
1085	0	21382560	0
1086	0	21267419	0
1087	0	20062061	0
1088	0	22151010	0
1089	0	19511500	0
1090	0	19493529	0
1091	0	20629076	0
1092	0	19749588	0
1093	0	19333990	0
1094	0	19532059	0
1095	0	19318310	0
1096	0	18772787	0
1097	0	15338054	0
1098	0	20260072	0
1099	0	19030528	0
1100	0	19123676	0
1101	0	19143410	0
1102	0	15741701	0
1103	0	20625061	0
1104	0	19925262	0
1105	0	21197480	0
1106	0	19209850	0
1107	0	22086558	0
1108	0	19840834	0
1109	0	19749428	0
1110	0	20199982	0
1111	0	21219631	0
1112	0	19580378	0
1113	0	20368419	0
1114	0	18907794	0
1115	0	19633997	0
1116	0	20171780	0
1117	0	21858587	0
1118	0	19330943	0
1119	0	15624079	0
1120	0	19386880	0
1121	0	19617181	0
1122	0	19844474	0
1123	0	21085898	0
1124	0	19128024	0
1125	0	19415982	0
1126	0	20042753	0
1127	0	20124872	0
1128	0	15618610	0
1129	0	20188536	0
1130	0	19807874	0
1131	0	19235793	0
1132	0	18818406	0
1133	0	18803371	0
1134	0	22795833	0
1135	0	21888231	0
1136	0	18691087	0
1137	0	18878532	0
1138	0	19470027	0
1139	0	19515211	0
1140	0	15640867	0
1141	0	18301808	0
1142	0	19459753	0
1143	0	22334488	0
1144	0	22723377	0
1145	0	19750433	0
1146	0	19496586	0
1147	0	22376913	0
1148	0	20707544	0
1149	0	20795115	0
1150	0	21849399	0
1151	0	22383165	0
1152	0	20294030	0
1153	0	15862467	0
1154	0	20256282	0
1155	0	20149919	0
1156	0	20422764	0
1157	0	21940872	0
1158	0	20128305	0
1159	0	20968422	0
1160	0	15768995	0
1161	0	21507284	0
1162	0	21487913	0
1163	0	21700171	0
1164	0	22109440	0
1165	0	20378442	0
1166	0	21247096	0
1167	0	20436562	0
1168	0	19525069	0
1169	0	21810079	0
1170	0	20747865	0
1171	0	21322728	0
1172	0	22439680	0
1173	0	22637190	0
1174	0	22256642	0
1175	0	22134501	0
1176	0	22288016	0
1177	0	22468821	0
1178	0	22976694	0
1179	0	22642262	0
1180	0	22720005	0
1181	0	22759696	0
1182	0	22506532	0
1183	0	22094860	0
1184	0	19527342	0
1185	0	20229073	0
1186	0	19553523	0
1187	0	19666412	0
1188	0	22323257	0
1189	0	20535723	0
1190	0	20198361	0
1191	0	20134256	0
1192	0	16457745	0
1193	0	19955688	0
1194	0	19800536	0
1195	0	22047768	0
1196	0	21348571	0
1197	0	20924858	0
1198	0	19730510	0
1199	0	22257907	0
