# N1 = 66889
# N2 = 104723
# N  = 7004816747
# Nc = 80000
# Na = 1000
# Fc = 0.997
# kB = 125
#
# run	success	duration[mus]	usedNa
0	0	18771974	0
1	0	19632209	0
2	0	18811290	0
3	0	19140505	0
4	0	18214355	0
5	0	20941860	0
6	0	19616474	0
7	0	19017211	0
8	0	15606141	0
9	0	19084897	0
10	0	22320056	0
11	0	22160141	0
12	0	20347531	0
13	0	19112553	0
14	0	20709254	0
15	0	18676936	0
16	0	18598914	0
17	0	20475445	0
18	0	19373574	0
19	0	18657597	0
20	0	19169228	0
21	0	21890618	0
22	0	22509493	0
23	0	19751232	0
24	0	15420710	0
25	0	21348421	0
26	0	19868048	0
27	0	19481573	0
28	0	19516641	0
29	0	18972062	0
30	0	19897967	0
31	0	19433940	0
32	0	19014627	0
33	0	19107813	0
34	0	19804100	0
35	0	21926734	0
36	0	18891344	0
37	0	20127228	0
38	0	15443137	0
39	0	19457921	0
40	0	19077509	0
41	0	15526202	0
42	0	19089460	0
43	0	19403789	0
44	0	15575240	0
45	0	15803624	0
46	0	21731238	0
47	0	21092603	0
48	0	20957524	0
49	0	20201246	0
50	0	22180675	0
51	0	15504012	0
52	0	20862782	0
53	0	19888843	0
54	0	21829831	0
55	0	19828351	0
56	0	19061327	0
57	0	21099051	0
58	0	19528605	0
59	0	19989617	0
60	0	19973013	0
61	0	19545498	0
62	0	20682232	0
63	0	19162460	0
64	0	20908756	0
65	0	22293945	0
66	0	15531397	0
67	0	21216529	0
68	0	21101942	0
69	0	15449914	0
70	0	22369045	0
71	0	15521386	0
72	0	21130449	0
73	0	18608911	0
74	0	21447414	0
75	0	20657563	0
76	0	19494258	0
77	0	21519455	0
78	0	19067328	0
79	0	18595372	0
80	0	18631879	0
81	0	15655831	0
82	0	19924743	0
83	0	18265967	0
84	0	18612421	0
85	0	15841406	0
86	0	19126179	0
87	0	18714331	0
88	0	21215346	0
89	0	20329472	0
90	0	21093476	0
91	0	20239273	0
92	0	20717343	0
93	0	19436085	0
94	0	15622886	0
95	0	19418795	0
96	0	21595845	0
97	0	21989699	0
98	0	19931076	0
99	0	21978062	0
100	0	21883818	0
101	0	19402505	0
102	0	20100202	0
103	0	15625430	0
104	0	20263237	0
105	0	19309378	0
106	0	21007219	0
107	0	19564592	0
108	0	18990661	0
109	0	15326950	0
110	0	20310873	0
111	0	19587036	0
112	0	19545931	0
113	0	15316735	0
114	0	18757173	0
115	0	19138022	0
116	0	17914237	0
117	0	15972680	0
118	0	15710884	0
119	0	22102463	0
120	0	19974686	0
121	0	19983242	0
122	0	22205346	0
123	0	20731218	0
124	0	19727019	0
125	0	22017943	0
126	0	20238594	0
127	0	22314985	0
128	0	19799896	0
129	0	19666834	0
130	0	19406990	0
131	0	15549572	0
132	0	15241361	0
133	0	19091638	0
134	0	19132167	0
135	0	15463876	0
136	0	21620031	0
137	0	22096503	0
138	0	20069544	0
139	0	19242962	0
140	0	19608987	0
141	0	19721129	0
142	0	15499013	0
143	0	19782580	0
144	0	19883935	0
145	0	19286365	0
146	0	18748307	0
147	1	172858	762
148	0	18651183	0
149	0	19382058	0
150	0	15594253	0
151	0	22269534	0
152	0	21344245	0
153	0	20478644	0
154	0	20684736	0
155	0	20543347	0
156	0	21810562	0
157	0	22480141	0
158	0	20073592	0
159	0	15712588	0
160	0	18939542	0
161	0	19251608	0
162	0	21857368	0
163	0	19123787	0
164	0	20858332	0
165	0	21136221	0
166	0	15648050	0
167	0	19200457	0
168	0	19063047	0
169	0	18962684	0
170	0	19372349	0
171	0	22333406	0
172	0	15523790	0
173	0	21032139	0
174	0	21262639	0
175	0	15519523	0
176	1	86776	368
177	0	21916153	0
178	0	19372051	0
179	0	19135021	0
180	0	15646264	0
181	0	22279709	0
182	0	21499964	0
183	0	21540165	0
184	0	20048492	0
185	0	19904486	0
186	0	19531643	0
187	0	21471756	0
188	0	20220343	0
189	0	15522602	0
190	0	20801008	0
191	0	15756826	0
192	0	15626580	0
193	0	19840852	0
194	0	18500180	0
195	0	21486330	0
196	0	20029430	0
197	0	18950989	0
198	0	20279388	0
199	0	19779991	0
200	0	19065293	0
201	0	22485641	0
202	0	21886467	0
203	0	15538344	0
204	0	20741451	0
205	0	22091404	0
206	0	20470590	0
207	0	20433085	0
208	0	15374225	0
209	0	15414339	0
210	0	19845058	0
211	0	19807935	0
212	0	19385222	0
213	0	19259103	0
214	0	16307059	0
215	0	22863569	0
216	0	20104498	0
217	0	22180145	0
218	0	19399966	0
219	0	22528288	0
220	0	22034150	0
221	0	15537084	0
222	0	20186653	0
223	0	19584002	0
224	0	19807191	0
225	0	19525764	0
226	0	15567811	0
227	0	16091697	0
228	0	18992463	0
229	0	21874249	0
230	0	22548895	0
231	0	20883465	0
232	0	20988481	0
233	0	21506359	0
234	0	22815212	0
235	0	16073224	0
236	0	20892305	0
237	0	21961058	0
238	0	15778101	0
239	0	15601741	0
240	0	15572031	0
241	0	21708007	0
242	0	19954384	0
243	0	19960222	0
244	0	22217424	0
245	0	20239415	0
246	0	19245702	0
247	0	15805322	0
248	0	20641591	0
249	0	20676522	0
250	0	19706575	0
251	0	19561672	0
252	0	19640922	0
253	0	20696207	0
254	0	22582150	0
255	0	21880393	0
256	0	15590461	0
257	0	20545429	0
258	0	19136679	0
259	0	18653365	0
260	0	19113117	0
261	0	21908381	0
262	0	18785980	0
263	0	15449708	0
264	0	19481293	0
265	0	19165594	0
266	0	19474449	0
267	0	19570147	0
268	0	19178719	0
269	0	15444636	0
270	0	18466862	0
271	0	19007297	0
272	0	19601898	0
273	0	21802033	0
274	0	15966571	0
275	0	15682940	0
276	0	18900856	0
277	0	21633211	0
278	0	21741272	0
279	0	20129589	0
280	0	21000684	0
281	0	18977525	0
282	0	20982814	0
283	0	21867694	0
284	0	21294035	0
285	0	20570099	0
286	0	20895997	0
287	0	22528439	0
288	0	15361081	0
289	0	22324931	0
290	0	21260718	0
291	0	15720913	0
292	0	15371868	0
293	0	22844459	0
294	0	22854109	0
295	0	22235138	0
296	0	22306399	0
297	0	22884256	0
298	0	15551506	0
299	0	22430834	0
300	0	15222573	0
301	0	21962807	0
302	0	19408618	0
303	0	19990589	0
304	0	19033068	0
305	0	19916152	0
306	0	15630551	0
307	0	15389319	0
308	0	19796432	0
309	0	19931600	0
310	0	15887755	0
311	0	18513317	0
312	0	19218405	0
313	0	19836002	0
314	0	15437390	0
315	0	19963427	0
316	0	18661783	0
317	0	19156015	0
318	0	19594919	0
319	0	19501788	0
320	0	19222150	0
321	1	75411	328
322	0	19768905	0
323	0	22954450	0
324	0	22822290	0
325	0	20139401	0
326	0	19654410	0
327	0	19214246	0
328	0	19802293	0
329	0	21873234	0
330	0	20535985	0
331	0	22291625	0
332	0	19688388	0
333	0	20135374	0
334	0	16328002	0
335	0	19867737	0
336	0	15320529	0
337	0	18978541	0
338	0	19301767	0
339	0	15372206	0
340	0	19280072	0
341	0	20298152	0
342	0	19561884	0
343	0	18779194	0
344	0	20583480	0
345	0	19114165	0
346	0	18917458	0
347	0	19425659	0
348	0	15595230	0
349	0	19210265	0
350	0	22125905	0
351	0	21315289	0
352	0	15672208	0
353	0	19710804	0
354	0	19222409	0
355	0	15988348	0
356	0	18476502	0
357	0	20243387	0
358	0	15803657	0
359	0	19966040	0
360	0	15581467	0
361	0	18776277	0
362	0	18759199	0
363	0	18677613	0
364	0	22314763	0
365	0	19585274	0
366	0	19156321	0
367	0	19471645	0
368	0	19477358	0
369	0	18543910	0
370	0	22163953	0
371	0	15741575	0
372	0	15687748	0
373	0	22436881	0
374	0	21260897	0
375	1	9671	21
376	0	20906711	0
377	0	15977982	0
378	0	20899608	0
379	0	21242468	0
380	0	21926244	0
381	0	20990518	0
382	0	21892170	0
383	0	15830896	0
384	0	19474458	0
385	0	19483468	0
386	0	15608929	0
387	0	15991197	0
388	0	18462292	0
389	0	21966204	0
390	0	20438007	0
391	0	20786376	0
392	0	20207833	0
393	0	15630921	0
394	0	19702808	0
395	0	20947951	0
396	0	16146624	0
397	0	19237205	0
398	0	18986419	0
399	0	15478237	0
400	0	19004934	0
401	0	19137530	0
402	0	19551085	0
403	0	15493719	0
404	0	18937045	0
405	0	16566518	0
406	0	21359009	0
407	0	15685649	0
408	0	15500933	0
409	0	20343840	0
410	0	20338324	0
411	0	22191969	0
412	0	19822614	0
413	0	18620337	0
414	0	18758601	0
415	0	19466076	0
416	0	19171634	0
417	0	22461708	0
418	0	21238696	0
419	0	21421114	0
420	0	22052834	0
421	0	20461949	0
422	0	19639476	0
423	0	15737203	0
424	0	17970601	0
425	0	15900628	0
426	0	19602893	0
427	0	18709780	0
428	0	19601077	0
429	0	22265910	0
430	0	20342042	0
431	0	18901508	0
432	0	18085316	0
433	0	15837860	0
434	0	21568726	0
435	0	19746009	0
436	0	22242666	0
437	0	20015472	0
438	0	15629499	0
439	0	15580159	0
440	0	18913842	0
441	1	88113	382
442	0	19095253	0
443	0	21157039	0
444	0	20588428	0
445	0	19847794	0
446	0	18036524	0
447	0	19422332	0
448	0	22163565	0
449	0	21656817	0
450	0	20567206	0
451	0	22282450	0
452	0	20791146	0
453	0	15552787	0
454	0	20422893	0
455	0	15575123	0
456	0	16095058	0
457	0	18642892	0
458	0	20046950	0
459	0	15651166	0
460	0	19633332	0
461	0	18899757	0
462	0	19770436	0
463	0	18876297	0
464	0	18851432	0
465	0	19183517	0
466	0	19022679	0
467	0	19588739	0
468	0	15944810	0
469	0	18353986	0
470	0	15735759	0
471	0	22179549	0
472	0	15738979	0
473	0	15613521	0
474	0	22833851	0
475	0	17322746	0
476	0	20240323	0
477	0	19842084	0
478	0	20919718	0
479	0	20548657	0
480	0	20500506	0
481	0	15481562	0
482	0	19316186	0
483	0	15947879	0
484	0	19515229	0
485	0	19806364	0
486	0	22061100	0
487	0	19748869	0
488	0	21076410	0
489	0	18723348	0
490	0	19192996	0
491	0	21752999	0
492	0	20684788	0
493	0	20539109	0
494	0	20501830	0
495	0	19534528	0
496	0	19326273	0
497	0	20111933	0
498	0	18660230	0
499	0	19417000	0
500	0	16046930	0
501	0	15890211	0
502	0	19796699	0
503	0	19852281	0
504	0	19343767	0
505	0	23127728	0
506	0	19549880	0
507	0	19298972	0
508	0	20810356	0
509	0	21990570	0
510	0	19745526	0
511	0	19323303	0
512	0	19475183	0
513	0	20405596	0
514	0	21476272	0
515	0	15648556	0
516	0	19324482	0
517	0	19193584	0
518	0	22133314	0
519	0	19007537	0
520	0	15724052	0
521	0	19405818	0
522	0	21058761	0
523	0	15636434	0
524	0	19546354	0
525	0	15619411	0
526	0	20083469	0
527	0	19259489	0
528	0	21984398	0
529	0	20078251	0
530	0	20948466	0
531	0	15578045	0
532	0	19659869	0
533	0	15454370	0
534	0	15996860	0
535	0	18967376	0
536	0	20564966	0
537	0	15737577	0
538	0	20215188	0
539	0	19152074	0
540	0	20770318	0
541	0	20450461	0
542	0	22196066	0
543	0	19772166	0
544	0	20362615	0
545	0	15878502	0
546	0	20198133	0
547	0	19843722	0
548	0	21021208	0
549	0	20052140	0
550	0	21406781	0
551	0	21057537	0
552	0	19623087	0
553	0	20133905	0
554	0	20627849	0
555	0	21685401	0
556	0	19755259	0
557	1	8355	7
558	0	22110007	0
559	0	16404988	0
560	0	23067063	0
561	0	22527961	0
562	0	20963406	0
563	0	19656658	0
564	0	20452432	0
565	0	18923256	0
566	0	15185819	0
567	0	23097651	0
568	0	20218785	0
569	0	20829807	0
570	0	15959624	0
571	0	19376341	0
572	0	19123833	0
573	0	19443158	0
574	0	19852432	0
575	0	20484426	0
576	0	22617441	0
577	0	21579960	0
578	0	20471764	0
579	0	22467608	0
580	0	19499135	0
581	0	19754558	0
582	0	19317649	0
583	0	16370478	0
584	0	18625577	0
585	0	22393028	0
586	0	21798411	0
587	0	21865395	0
588	0	15800128	0
589	0	20787870	0
590	0	21100089	0
591	0	22266842	0
592	0	19420551	0
593	0	19263822	0
594	0	19051439	0
595	0	15988486	0
596	0	20072171	0
597	0	20646641	0
598	0	19843272	0
599	0	15722797	0
600	0	15507279	0
601	0	19334328	0
602	0	20351739	0
603	0	19308155	0
604	0	15710586	0
605	0	20430631	0
606	0	18942101	0
607	0	20151360	0
608	0	19653699	0
609	0	22283845	0
610	0	19971602	0
611	0	21836103	0
612	0	19733616	0
613	0	20920601	0
614	0	19366594	0
615	0	18597936	0
616	0	15918083	0
617	0	18645654	0
618	0	18578987	0
619	0	18986652	0
620	0	19664036	0
621	0	15873559	0
622	0	18868613	0
623	0	18776032	0
624	0	19029120	0
625	0	20311281	0
626	0	20343890	0
627	0	22441542	0
628	0	22454066	0
629	0	20969725	0
630	0	20121850	0
631	0	22646014	0
632	0	17648461	0
633	0	20502162	0
634	0	20917719	0
635	0	21695185	0
636	0	22307687	0
637	0	20608622	0
638	0	21395222	0
639	0	20326565	0
640	0	18936573	0
641	0	15476363	0
642	0	19810934	0
643	0	15535777	0
644	0	20636310	0
645	0	20403887	0
646	0	21293107	0
647	0	21591296	0
648	0	18918219	0
649	0	15528096	0
650	0	19753374	0
651	0	20124149	0
652	0	18499147	0
653	0	19382514	0
654	0	20131910	0
655	0	20477495	0
656	0	19217154	0
657	0	15317833	0
658	0	19894360	0
659	0	18669279	0
660	0	19145532	0
661	0	19784487	0
662	0	18763952	0
663	0	20262143	0
664	0	20620531	0
665	0	20212322	0
666	0	18930346	0
667	0	22447958	0
668	0	22483669	0
669	0	22495399	0
670	0	22740949	0
671	0	21162839	0
672	0	20288585	0
673	0	20243329	0
674	0	20809823	0
675	0	19990105	0
676	0	15863726	0
677	0	20237540	0
678	0	20560734	0
679	0	19145881	0
680	0	19222089	0
681	0	20237467	0
682	0	15413424	0
683	0	19428716	0
684	0	19658162	0
685	0	21425588	0
686	0	21802094	0
687	0	19291042	0
688	0	15638206	0
689	0	21445870	0
690	0	22857905	0
691	0	23077892	0
692	0	22868515	0
693	0	15441853	0
694	0	15457476	0
695	1	217503	980
696	0	19886204	0
697	0	19199054	0
698	0	19862480	0
699	0	19665825	0
700	0	19065692	0
701	0	19341397	0
702	0	18938021	0
703	0	19016382	0
704	0	19783890	0
705	0	19179972	0
706	0	19576752	0
707	0	15595868	0
708	0	20744161	0
709	0	21187676	0
710	0	20550451	0
711	0	20587168	0
712	0	15706025	0
713	0	19099218	0
714	0	22647057	0
715	0	22240250	0
716	0	22571485	0
717	0	22104182	0
718	0	17276634	0
719	0	22474295	0
720	0	21569897	0
721	0	15238429	0
722	0	19944736	0
723	0	21712331	0
724	0	20923801	0
725	0	20439238	0
726	0	22265217	0
727	0	15846774	0
728	0	21710221	0
729	0	15609591	0
730	0	21547398	0
731	0	22799163	0
732	0	22620713	0
733	0	19176075	0
734	0	19385431	0
735	0	19232683	0
736	0	15695331	0
737	0	18912056	0
738	0	15583061	0
739	0	19402113	0
740	0	19612329	0
741	0	18992410	0
742	0	22312157	0
743	0	19573023	0
744	0	15279008	0
745	0	18833753	0
746	0	15286473	0
747	0	18875335	0
748	0	22815442	0
749	0	20127220	0
750	0	20119729	0
751	0	22175354	0
752	0	22173109	0
753	0	22340531	0
754	0	15650784	0
755	0	20382703	0
756	0	18178042	0
757	0	15537832	0
758	0	15643623	0
759	0	15574368	0
760	0	19181873	0
761	0	19075618	0
762	0	19714936	0
763	0	19637931	0
764	0	15493312	0
765	0	20719048	0
766	0	15335639	0
767	0	15930106	0
768	0	22125568	0
769	0	19238793	0
770	0	22206913	0
771	0	20256289	0
772	0	19531291	0
773	0	19527151	0
774	0	20170783	0
775	0	15934910	0
776	0	18243479	0
777	0	19258011	0
778	0	18875130	0
779	0	19132011	0
780	0	18587445	0
781	0	19005919	0
782	0	19380421	0
783	0	22301452	0
784	0	20272216	0
785	0	18797201	0
786	0	22144495	0
787	0	16007470	0
788	0	19788182	0
789	0	18523121	0
790	0	15415725	0
791	0	18639361	0
792	0	18441441	0
793	0	20665112	0
794	0	20521133	0
795	0	20120432	0
796	0	19898419	0
797	0	20788553	0
798	0	20926983	0
799	0	18476649	0
800	0	17135489	0
801	0	18882130	0
802	0	19075640	0
803	0	21617032	0
804	0	19272905	0
805	0	19619337	0
806	0	15859502	0
807	0	19985004	0
808	0	19127065	0
809	0	20789280	0
810	0	19656995	0
811	0	19526470	0
812	0	19345030	0
813	0	19317232	0
814	0	18837454	0
815	0	18521071	0
816	0	18833500	0
817	0	18861194	0
818	0	19141454	0
819	0	19131928	0
820	0	22589190	0
821	0	20064749	0
822	0	21755271	0
823	0	16214281	0
824	0	20060873	0
825	0	20141019	0
826	0	21290623	0
827	0	20489284	0
828	0	19078505	0
829	0	18878451	0
830	0	20203960	0
831	0	19539928	0
832	0	21204306	0
833	0	15999322	0
834	0	20496522	0
835	0	20542426	0
836	0	22084212	0
837	0	19519846	0
838	0	21909997	0
839	0	15676411	0
840	0	19731197	0
841	0	19895286	0
842	0	21902229	0
843	0	21941525	0
844	0	22483148	0
845	0	19439271	0
846	0	19163302	0
847	0	15616367	0
848	0	19161904	0
849	0	19629522	0
850	0	21800721	0
851	0	19312737	0
852	0	15475385	0
853	0	15755864	0
854	0	21136224	0
855	0	19045264	0
856	0	19525703	0
857	0	18877977	0
858	0	22398992	0
859	0	19991984	0
860	0	22647773	0
861	0	20838087	0
862	0	19783621	0
863	0	15262999	0
864	0	19071488	0
865	0	19721081	0
866	0	15505467	0
867	0	21259084	0
868	0	18894829	0
869	0	18645495	0
870	0	20506801	0
871	0	18816692	0
872	0	18875938	0
873	0	18971194	0
874	0	18734472	0
875	0	19154925	0
876	0	20937576	0
877	0	20680680	0
878	0	18769295	0
879	0	15904900	0
880	0	18103552	0
881	0	19177393	0
882	0	18921838	0
883	0	19199180	0
884	0	19536060	0
885	0	18330094	0
886	0	15223972	0
887	0	19262790	0
888	0	19643800	0
889	0	19815657	0
890	0	18980900	0
891	0	19113429	0
892	0	19427977	0
893	0	18736393	0
894	0	21656699	0
895	0	22236226	0
896	0	21122585	0
897	0	15913545	0
898	0	22162708	0
899	0	22121463	0
900	0	15608388	0
901	0	23050364	0
902	0	20592159	0
903	0	15372431	0
904	0	21109655	0
905	1	55598	237
906	0	20273134	0
907	0	18698891	0
908	0	16192904	0
909	0	19610864	0
910	0	21008512	0
911	0	19896080	0
912	0	20389661	0
913	0	19327716	0
914	0	20873646	0
915	0	19742454	0
916	0	15931997	0
917	0	19769774	0
918	0	19338574	0
919	0	19615303	0
920	0	17859668	0
921	0	21860529	0
922	0	15907444	0
923	0	15699606	0
924	0	19578122	0
925	0	18955308	0
926	0	18723439	0
927	0	20431092	0
928	0	20740573	0
929	0	19823658	0
930	0	18275091	0
931	0	20866649	0
932	0	19800350	0
933	1	104917	429
934	0	20476041	0
935	0	19552464	0
936	0	19104733	0
937	0	20188552	0
938	0	19449615	0
939	0	20174256	0
940	0	20212543	0
941	0	21877490	0
942	0	20735398	0
943	0	19409508	0
944	0	19193802	0
945	0	19055035	0
946	0	15775135	0
947	0	18851383	0
948	0	15704045	0
949	0	18875787	0
950	0	19390681	0
951	0	15675321	0
952	0	22367815	0
953	0	20577785	0
954	0	20341040	0
955	0	15706354	0
956	0	19012746	0
957	0	19857419	0
958	0	19869194	0
959	0	22369381	0
960	0	15284335	0
961	0	21227342	0
962	0	19680629	0
963	0	19674983	0
964	0	19321106	0
965	0	19417983	0
966	0	15652320	0
967	0	19646742	0
968	0	18570106	0
969	0	15742554	0
970	0	18543981	0
971	0	18965729	0
972	0	19930312	0
973	0	18723925	0
974	0	22570529	0
975	0	15563319	0
976	0	21110728	0
977	0	19061204	0
978	0	20079949	0
979	0	15915728	0
980	0	19506773	0
981	0	21041174	0
982	0	19421821	0
983	0	15933353	0
984	0	19360627	0
985	0	15956341	0
986	0	19584559	0
987	0	21657111	0
988	0	20329195	0
989	0	15273710	0
990	0	17964110	0
991	0	19412831	0
992	0	22156541	0
993	0	22486860	0
994	0	20536693	0
995	0	20738528	0
996	0	21654624	0
997	0	15805348	0
998	0	20901134	0
999	0	19753083	0
1000	0	19303426	0
1001	0	15790771	0
1002	0	18724915	0
1003	0	22080550	0
1004	0	20857254	0
1005	0	20345222	0
1006	0	19441578	0
1007	0	18449085	0
1008	0	21209738	0
1009	0	16889275	0
1010	0	20425992	0
1011	0	15336229	0
1012	0	18810618	0
1013	0	20355092	0
1014	0	20665015	0
1015	0	20884778	0
1016	0	20341376	0
1017	0	20894817	0
1018	0	22825851	0
1019	0	20029202	0
1020	0	21779419	0
1021	0	15374866	0
1022	0	20805871	0
1023	0	15645164	0
1024	0	20404343	0
1025	0	15765816	0
1026	0	19336135	0
1027	0	19953768	0
1028	0	18598188	0
1029	0	15730207	0
1030	0	19461935	0
1031	0	18532705	0
1032	0	19672049	0
1033	0	20172123	0
1034	0	18120832	0
1035	0	20816477	0
1036	0	20048241	0
1037	0	19832210	0
1038	0	18863739	0
1039	0	20504826	0
1040	0	18036746	0
1041	0	20875477	0
1042	0	19622994	0
1043	0	19819540	0
1044	0	21368898	0
1045	0	21701876	0
1046	0	20555462	0
1047	0	15962397	0
1048	0	15633244	0
1049	0	22551269	0
1050	0	20200443	0
1051	0	19161118	0
1052	0	15977673	0
1053	0	21108266	0
1054	0	15873704	0
1055	0	19833711	0
1056	0	22698368	0
1057	0	18493950	0
1058	0	19600806	0
1059	0	19483531	0
1060	0	19304280	0
1061	0	18928538	0
1062	0	18974213	0
1063	0	18424224	0
1064	0	19306060	0
1065	0	15766048	0
1066	0	19797434	0
1067	0	21688319	0
1068	0	21627959	0
1069	0	15616663	0
1070	0	18842982	0
1071	0	22167144	0
1072	0	20333726	0
1073	0	15479996	0
1074	0	19170380	0
1075	0	19755718	0
1076	0	22257202	0
1077	0	15314520	0
1078	0	19707744	0
1079	0	19057142	0
1080	0	19287074	0
1081	0	22289429	0
1082	0	22880460	0
1083	0	22165502	0
1084	0	19798637	0
1085	0	21927934	0
1086	0	15760379	0
1087	0	19008126	0
1088	0	18636517	0
1089	0	19793827	0
1090	0	19680298	0
1091	0	18829256	0
1092	0	22191560	0
1093	0	20457353	0
1094	0	18738644	0
1095	0	15605230	0
1096	0	19094804	0
1097	0	19561180	0
1098	0	21319677	0
1099	0	20147099	0
1100	0	21547836	0
1101	0	20056014	0
1102	0	21263618	0
1103	0	22819682	0
1104	0	21610558	0
1105	0	19333088	0
1106	0	22133029	0
1107	0	21805861	0
1108	0	21098525	0
1109	0	23005795	0
1110	0	21768233	0
1111	0	16074745	0
1112	0	22261836	0
1113	0	22232667	0
1114	0	22511489	0
1115	0	22796998	0
1116	0	22415922	0
1117	0	21594849	0
1118	0	22350070	0
1119	0	21542304	0
1120	0	20463860	0
1121	0	15656364	0
1122	0	19984057	0
1123	0	20310846	0
1124	0	21485227	0
1125	0	15611828	0
1126	0	15688583	0
1127	0	22497628	0
1128	0	20888407	0
1129	0	21845982	0
1130	0	16125355	0
1131	0	20226669	0
1132	0	21058684	0
1133	0	15701607	0
1134	0	19593291	0
1135	0	20010138	0
1136	0	18806767	0
1137	0	20068400	0
1138	0	15692879	0
1139	0	18735138	0
1140	0	19984064	0
1141	0	21935773	0
1142	0	20833971	0
1143	1	3771	0
1144	0	19321282	0
1145	0	18596166	0
1146	0	19355060	0
1147	0	16148128	0
1148	0	15715278	0
1149	0	19144672	0
1150	0	22369661	0
1151	0	15540470	0
1152	0	15532091	0
1153	0	20813857	0
1154	0	20194646	0
1155	0	21050113	0
1156	0	22655360	0
1157	0	20634966	0
1158	0	19678050	0
1159	0	20023826	0
1160	0	22541113	0
1161	0	20494313	0
1162	0	18987984	0
1163	0	21364452	0
1164	0	19313265	0
1165	0	22770838	0
1166	0	15469615	0
1167	0	20456574	0
1168	0	21336432	0
1169	0	19594300	0
1170	0	18371948	0
1171	0	15524059	0
1172	0	15605343	0
1173	0	19405505	0
1174	0	19124790	0
1175	0	15748279	0
1176	0	19149175	0
1177	0	19335714	0
1178	0	18581784	0
1179	0	20669110	0
1180	0	22198160	0
1181	0	21555753	0
1182	0	23015908	0
1183	0	15506527	0
1184	0	21822575	0
1185	0	20658451	0
1186	0	20273428	0
1187	0	21685805	0
1188	0	21236145	0
1189	0	15407268	0
1190	0	19219916	0
1191	0	19971718	0
1192	0	15487655	0
1193	0	19783189	0
1194	0	19640171	0
1195	0	18882934	0
1196	0	19117743	0
1197	0	20087277	0
1198	0	15706771	0
1199	0	18617351	0
