# N1 = 66889
# N2 = 104723
# N  = 7004816747
# Nc = 80000
# Na = 1000
# Fc = 0.997
# kB = 343
#
# run	success	duration[mus]	usedNa
0	1	90936	416
1	0	18953521	0
2	1	141558	607
3	0	19544427	0
4	0	20066039	0
5	0	20919131	0
6	0	22698344	0
7	0	22077911	0
8	0	15653018	0
9	0	19663185	0
10	0	21181019	0
11	0	19416932	0
12	0	19091790	0
13	0	20947558	0
14	0	19323466	0
15	0	19054099	0
16	0	19065354	0
17	1	115380	516
18	0	18833488	0
19	0	15931823	0
20	0	19803722	0
21	0	19431281	0
22	0	18938962	0
23	0	20152580	0
24	0	20270240	0
25	0	21236216	0
26	0	20295717	0
27	0	21610105	0
28	0	21290792	0
29	1	65058	269
30	0	19215313	0
31	0	19723270	0
32	0	19526619	0
33	1	97980	471
34	0	20279453	0
35	0	19861603	0
36	0	20986886	0
37	0	20884709	0
38	0	19502412	0
39	0	22167551	0
40	0	20465323	0
41	0	18915374	0
42	0	18847466	0
43	0	20226200	0
44	0	20637697	0
45	0	20168786	0
46	0	15770464	0
47	0	19037450	0
48	0	18870796	0
49	0	21941303	0
50	0	18900656	0
51	0	15823596	0
52	0	19310460	0
53	0	20764836	0
54	0	18672177	0
55	0	19956945	0
56	0	19689290	0
57	0	18567283	0
58	0	22264140	0
59	0	21424916	0
60	1	147245	703
61	0	18722163	0
62	0	15563765	0
63	0	20449655	0
64	0	19864859	0
65	0	18357020	0
66	0	20696010	0
67	0	20081543	0
68	0	19093689	0
69	0	20642784	0
70	1	177916	783
71	1	47925	173
72	0	18641455	0
73	0	19168298	0
74	0	22747322	0
75	0	21110906	0
76	0	18917509	0
77	1	223844	1004
78	1	842421	3932
79	0	19330574	0
80	0	18725028	0
81	0	19251544	0
82	0	19926470	0
83	1	224924	1012
84	0	19861839	0
85	0	20790842	0
86	0	21861787	0
87	0	21812640	0
88	0	15515495	0
89	0	20483208	0
90	0	15667638	0
91	0	19696730	0
92	0	20382916	0
93	0	19338570	0
94	1	139771	599
95	0	22794909	0
96	1	585683	2703
97	0	20414947	0
98	0	15387935	0
99	0	22731710	0
100	0	16302104	0
101	1	381230	1737
102	0	19021329	0
103	0	19425151	0
104	0	20110278	0
105	1	218341	986
106	0	18757736	0
107	0	19570602	0
108	0	19325674	0
109	1	92959	388
110	1	304793	1397
111	0	20447987	0
112	0	18588985	0
113	0	20339323	0
114	0	18607471	0
115	0	15911888	0
116	0	19365213	0
117	0	19968594	0
118	1	80799	342
119	0	22238374	0
120	0	20065475	0
121	0	21541597	0
122	0	21279906	0
123	0	15254011	0
124	0	19327003	0
125	0	18769240	0
126	0	22230167	0
127	0	16557861	0
128	0	21028946	0
129	0	20066003	0
130	0	20702807	0
131	0	19488058	0
132	1	470877	2123
133	0	20719069	0
134	0	19995280	0
135	0	19575701	0
136	0	21171694	0
137	0	15507362	0
138	0	19950740	0
139	0	19092439	0
140	0	19761428	0
141	0	19551628	0
142	1	209265	939
143	0	19174901	0
144	0	19048087	0
145	0	20012727	0
146	0	21770710	0
147	0	15421609	0
148	0	19908120	0
149	0	22668419	0
150	1	170702	751
151	0	21080091	0
152	0	19143233	0
153	0	19539306	0
154	0	19790974	0
155	0	22154800	0
156	0	19503811	0
157	0	19424401	0
158	0	20221292	0
159	0	18591474	0
160	0	15664617	0
161	0	15662118	0
162	0	19071633	0
163	0	18793633	0
164	0	15763252	0
165	0	18570005	0
166	0	19680202	0
167	0	20066344	0
168	1	184638	813
169	0	20779458	0
170	0	18872992	0
171	0	20188698	0
172	1	191722	975
173	0	19700722	0
174	0	19753072	0
175	0	19506006	0
176	0	20982529	0
177	0	20029939	0
178	0	20932837	0
179	1	403005	1817
180	0	19631343	0
181	0	21129179	0
182	0	19862781	0
183	0	21577638	0
184	0	22467404	0
185	0	20393857	0
186	0	22762838	0
187	0	15483501	0
188	0	16040793	0
189	0	19792508	0
190	0	19700820	0
191	0	17968200	0
192	0	19550111	0
193	0	19283997	0
194	0	15647499	0
195	0	19088610	0
196	0	19149581	0
197	0	19870707	0
198	0	20718998	0
199	0	18476602	0
200	0	19363662	0
201	0	19487899	0
202	0	19877774	0
203	1	200480	897
204	0	19202583	0
205	0	19958356	0
206	0	19718178	0
207	1	232884	1050
208	0	22619677	0
209	0	21702602	0
210	0	20498766	0
211	0	18030047	0
212	0	19091624	0
213	0	19274477	0
214	1	57724	237
215	0	22186375	0
216	0	20368994	0
217	0	19316356	0
218	0	22141529	0
219	0	21573074	0
220	0	21936592	0
221	0	19155420	0
222	0	19298084	0
223	0	21128357	0
224	0	20521258	0
225	0	19767742	0
226	0	19138565	0
227	0	20273576	0
228	0	15579044	0
229	0	19626694	0
230	1	124812	629
231	0	19680918	0
232	0	15356398	0
233	0	15635837	0
234	0	15624229	0
235	0	19980371	0
236	0	19634772	0
237	1	71290	297
238	1	147333	667
239	0	19766848	0
240	1	17726	42
241	0	18543709	0
242	0	18777198	0
243	0	20916680	0
244	0	21866086	0
245	0	15491082	0
246	0	22011921	0
247	0	20992904	0
248	0	19635601	0
249	0	22186836	0
250	1	535140	2445
251	0	19390210	0
252	0	16921643	0
253	0	19072873	0
254	1	56415	225
255	1	19091	75
256	0	18724267	0
257	0	18677333	0
258	0	18543914	0
259	0	19019025	0
260	0	20625408	0
261	0	19155317	0
262	0	18692064	0
263	0	19523616	0
264	0	18664088	0
265	1	79502	334
266	0	21808029	0
267	0	20616898	0
268	0	19018385	0
269	1	508372	2345
270	1	435565	1986
271	0	21416062	0
272	0	15673785	0
273	0	23255478	0
274	0	22211502	0
275	0	21790176	0
276	0	22502154	0
277	0	19550927	0
278	0	20369437	0
279	0	20340635	0
280	1	208028	928
281	0	18911897	0
282	0	18565943	0
283	0	22284980	0
284	0	22841267	0
285	1	84237	363
286	0	20291640	0
287	0	21853414	0
288	0	23035395	0
289	0	21392315	0
290	0	22945671	0
291	1	249001	1129
292	0	21270256	0
293	0	22576506	0
294	0	22353624	0
295	0	20306683	0
296	1	221212	1135
297	0	20532005	0
298	0	20828148	0
299	0	21683812	0
300	0	21442728	0
301	0	21940327	0
302	0	22371801	0
303	1	55868	185
304	0	19970341	0
305	0	22310778	0
306	0	19074420	0
307	0	18805558	0
308	0	19512698	0
309	1	89249	387
310	0	20042942	0
311	0	15254659	0
312	0	15794600	0
313	1	49167	195
314	0	21237523	0
315	0	19264497	0
316	0	18708196	0
317	0	18567841	0
318	0	19330951	0
319	1	319121	1462
320	0	20647336	0
321	0	19406093	0
322	0	19023067	0
323	0	21745564	0
324	0	19533742	0
325	1	81737	350
326	0	18667438	0
327	0	18826867	0
328	0	19713789	0
329	0	19747445	0
330	0	15334268	0
331	0	20513240	0
332	0	19752834	0
333	0	18639588	0
334	0	18538484	0
335	0	19947097	0
336	0	19787064	0
337	0	20051854	0
338	0	18340170	0
339	1	198306	891
340	0	20269938	0
341	0	19986051	0
342	0	20197013	0
343	1	493037	2246
344	0	15936798	0
345	0	15527360	0
346	0	20338605	0
347	0	18523490	0
348	0	19207665	0
349	1	621651	2847
350	1	127074	570
351	0	20267103	0
352	0	19473525	0
353	1	46085	191
354	0	18703230	0
355	0	19903967	0
356	1	140056	608
357	0	15748355	0
358	0	20192876	0
359	0	18917144	0
360	1	21902	60
361	0	18903797	0
362	1	181278	811
363	0	22858248	0
364	0	21499624	0
365	0	15923052	0
366	0	20278808	0
367	0	20178597	0
368	1	161395	803
369	1	64079	287
370	0	22517731	0
371	0	20687535	0
372	0	21839191	0
373	0	19174873	0
374	0	19484109	0
375	0	22150467	0
376	0	20942448	0
377	0	19248861	0
378	1	80355	339
379	0	21492421	0
380	0	20018963	0
381	0	21934726	0
382	0	20434522	0
383	0	22181052	0
384	1	153438	677
385	0	21717595	0
386	0	19445697	0
387	0	19640637	0
388	0	20398226	0
389	0	21802566	0
390	0	19766464	0
391	0	19117498	0
392	0	21608559	0
393	1	124378	540
394	0	22179487	0
395	0	19472439	0
396	1	45395	173
397	1	30328	144
398	0	19071165	0
399	0	18525929	0
400	0	20486971	0
401	0	18677381	0
402	0	21993625	0
403	0	19495851	0
404	0	18490986	0
405	0	20379592	0
406	0	18911762	0
407	1	271326	1221
408	0	18763465	0
409	0	18585909	0
410	0	20535782	0
411	0	19967345	0
412	0	20396882	0
413	0	19227917	0
414	0	20561365	0
415	1	17949	50
416	1	41680	154
417	0	20410371	0
418	1	192743	835
419	0	15535816	0
420	0	18551268	0
421	1	82512	350
422	0	19092959	0
423	0	19358020	0
424	0	19572171	0
425	0	22488871	0
426	1	23890	87
427	0	21125299	0
428	0	19800851	0
429	1	100424	437
430	1	20120	79
431	0	22148807	0
432	0	19266464	0
433	0	18352963	0
434	0	15446352	0
435	0	21767765	0
436	0	19152855	0
437	0	19244423	0
438	0	21294562	0
439	0	15857393	0
440	0	19649939	0
441	1	74926	311
442	0	19858521	0
443	0	20517672	0
444	0	22351188	0
445	0	19498735	0
446	0	19983142	0
447	0	22403695	0
448	0	21039235	0
449	0	19523244	0
450	1	242395	1094
451	0	22513029	0
452	1	5497	0
453	1	102463	432
454	0	19635405	0
455	0	18468111	0
456	0	18848517	0
457	0	20845906	0
458	1	99705	475
459	0	21535865	0
460	0	15658628	0
461	0	19187693	0
462	0	19307355	0
463	0	18785749	0
464	0	16543748	0
465	0	19795153	0
466	0	19117141	0
467	0	15844468	0
468	0	19888089	0
469	0	19242120	0
470	0	21208228	0
471	1	133168	575
472	0	19748467	0
473	0	21360991	0
474	0	21428512	0
475	0	18503168	0
476	0	19498925	0
477	0	21984086	0
478	0	20985944	0
479	0	19181981	0
480	1	279612	1266
481	0	15685971	0
482	0	22138261	0
483	0	19993649	0
484	1	98093	424
485	0	23143021	0
486	1	98827	434
487	0	15478020	0
488	1	88266	433
489	0	20872910	0
490	0	19865419	0
491	0	20192966	0
492	0	22420832	0
493	0	15843616	0
494	0	15390673	0
495	0	21138600	0
496	0	21958537	0
497	0	20494461	0
498	0	20433846	0
499	0	21059042	0
500	0	22601594	0
501	0	22226213	0
502	0	22441667	0
503	0	22735277	0
504	0	23134584	0
505	0	22881516	0
506	0	22104580	0
507	0	22345468	0
508	0	20366108	0
509	0	22537285	0
510	0	20726384	0
511	0	15745813	0
512	0	19470753	0
513	1	121274	524
514	0	19412103	0
515	0	20612140	0
516	0	19204861	0
517	1	131412	578
518	1	209445	944
519	0	18734329	0
520	0	15840358	0
521	0	19074362	0
522	0	19302636	0
523	0	19502196	0
524	0	20369905	0
525	0	18540226	0
526	0	19441287	0
527	0	21769238	0
528	0	20668011	0
529	0	15946139	0
530	0	20588836	0
531	0	22282538	0
532	0	20831725	0
533	0	19540792	0
534	0	22170610	0
535	0	22369489	0
536	1	348160	1769
537	0	15656981	0
538	1	133993	591
539	0	19485456	0
540	0	15682704	0
541	0	19167719	0
542	0	19325415	0
543	0	20382280	0
544	1	102940	509
545	0	19320846	0
546	0	19522055	0
547	0	21965863	0
548	0	17279483	0
549	0	19162373	0
550	0	22136475	0
551	1	95949	416
552	0	21844500	0
553	0	21343265	0
554	0	21047779	0
555	0	15791031	0
556	0	20470405	0
557	1	114395	503
558	0	20776707	0
559	0	20639130	0
560	0	15766271	0
561	0	15452786	0
562	0	20196345	0
563	0	19224824	0
564	0	21869933	0
565	0	21363840	0
566	1	215966	973
567	0	20164631	0
568	0	19824935	0
569	0	23040423	0
570	1	172750	750
571	0	19541489	0
572	0	19635273	0
573	0	21066886	0
574	0	21285810	0
575	0	21672578	0
576	0	20328901	0
577	0	21356448	0
578	0	21566650	0
579	0	19514868	0
580	1	121624	534
581	0	21388219	0
582	0	19893323	0
583	0	20030952	0
584	0	19472194	0
585	1	109455	464
586	0	19249319	0
587	0	15681924	0
588	0	19510257	0
589	0	19408448	0
590	0	21713944	0
591	0	15799392	0
592	1	104889	418
593	0	20397047	0
594	0	21681002	0
595	1	158452	698
596	0	19448791	0
597	1	319151	1443
598	0	15739701	0
599	0	20603693	0
600	0	19102849	0
601	0	19779125	0
602	0	15682866	0
603	1	203852	900
604	0	20385237	0
605	0	21060920	0
606	0	18667203	0
607	0	18505367	0
608	1	151265	623
609	0	19054052	0
610	0	19813197	0
611	0	22343919	0
612	0	19790721	0
613	0	19176848	0
614	0	22004778	0
615	0	20387093	0
616	0	19984131	0
617	1	117016	514
618	0	19914055	0
619	0	19361727	0
620	0	20040267	0
621	0	18981423	0
622	0	19150642	0
623	0	19700233	0
624	1	5445415	25138
625	0	19735208	0
626	0	18726247	0
627	0	15615085	0
628	0	19300747	0
629	0	19304508	0
630	0	19370950	0
631	0	18920304	0
632	0	18606768	0
633	0	15862667	0
634	0	20559246	0
635	0	19593441	0
636	0	22787358	0
637	0	21525453	0
638	0	19902057	0
639	0	22673229	0
640	0	21439238	0
641	0	19080040	0
642	0	15947459	0
643	1	101795	404
644	0	19921135	0
645	0	19214513	0
646	0	22057862	0
647	1	162461	727
648	0	15692583	0
649	0	21179119	0
650	0	21037231	0
651	0	20499072	0
652	0	18476130	0
653	0	20624657	0
654	0	15853525	0
655	0	20709026	0
656	0	18340417	0
657	0	18583209	0
658	0	15806261	0
659	0	18916169	0
660	1	64703	275
661	1	80385	363
662	0	19585903	0
663	0	19073078	0
664	1	26709	87
665	0	22572109	0
666	0	21355956	0
667	1	55443	259
668	0	20629979	0
669	0	19378534	0
670	0	19742113	0
671	0	19417531	0
672	0	18851968	0
673	1	317680	1347
674	0	19838077	0
675	0	19005717	0
676	0	20862629	0
677	0	19519254	0
678	0	22531904	0
679	0	18885538	0
680	1	132445	578
681	0	21557944	0
682	0	22420262	0
683	0	22296266	0
684	0	22656787	0
685	0	18603773	0
686	0	19644701	0
687	0	20740859	0
688	0	19581587	0
689	0	21094908	0
690	0	16701588	0
691	0	19648298	0
692	0	18717148	0
693	0	19322173	0
694	0	15394454	0
695	0	20079815	0
696	0	21877896	0
697	0	22584356	0
698	0	20877225	0
699	1	254460	1299
700	0	15665894	0
701	0	20010354	0
702	0	20628952	0
703	0	20864099	0
704	0	18923395	0
705	0	22966440	0
706	0	15780691	0
707	0	20737299	0
708	0	22687976	0
709	0	22399227	0
710	1	228915	996
711	0	21055331	0
712	0	20596077	0
713	0	20564407	0
714	0	20558479	0
715	0	20376749	0
716	0	21839222	0
717	0	20361244	0
718	0	15714218	0
719	1	18447	62
720	0	20378535	0
721	1	224862	1013
722	0	19366109	0
723	0	19539727	0
724	0	20657047	0
725	0	19882703	0
726	1	501258	2313
727	0	19265089	0
728	0	18732115	0
729	0	19717834	0
730	0	19248819	0
731	0	20007468	0
732	0	19360302	0
733	1	156633	698
734	1	51400	207
735	0	18611542	0
736	0	15500492	0
737	0	19766285	0
738	0	19943707	0
739	0	15761518	0
740	0	19033464	0
741	0	19200249	0
742	0	22217578	0
743	0	21554887	0
744	0	22500606	0
745	1	321615	1452
746	0	20063247	0
747	0	21377242	0
748	0	20437734	0
749	0	20253523	0
750	0	19979648	0
751	0	19965418	0
752	0	21288527	0
753	0	19281117	0
754	1	573698	2633
755	1	34034	143
756	0	19449055	0
757	1	162304	726
758	0	21311935	0
759	0	21190789	0
760	0	21838715	0
761	0	21627621	0
762	0	15545332	0
763	0	20477591	0
764	0	20386276	0
765	0	21363041	0
766	0	22175829	0
767	0	20398244	0
768	0	20143809	0
769	0	20713461	0
770	0	20880426	0
771	0	19692108	0
772	0	19323915	0
773	0	20685489	0
774	0	19269864	0
775	0	19300360	0
776	0	20136865	0
777	1	88031	371
778	0	19970313	0
779	0	19969858	0
780	0	21180282	0
781	0	20032107	0
782	1	242749	1102
783	0	19228657	0
784	0	20483046	0
785	0	22486786	0
786	0	21679856	0
787	0	20211801	0
788	0	15660905	0
789	0	20676752	0
790	0	20712898	0
791	0	20415446	0
792	0	20313553	0
793	0	20888418	0
794	0	20813545	0
795	0	20528007	0
796	0	21721817	0
797	0	20678404	0
798	0	21477748	0
799	0	15777434	0
800	0	20621904	0
801	1	400016	1817
802	0	21056768	0
803	0	22519819	0
804	0	19204529	0
805	0	19510174	0
806	1	17745	62
807	0	19375471	0
808	0	15910440	0
809	0	22189434	0
810	0	15761401	0
811	1	218893	980
812	0	19871614	0
813	0	19453231	0
814	0	21221482	0
815	0	19914490	0
816	0	19813870	0
817	0	21041082	0
818	0	21961011	0
819	0	18510786	0
820	0	19026468	0
821	0	21002768	0
822	0	15671423	0
823	0	15658687	0
824	0	19457067	0
825	0	18270414	0
826	1	248546	1125
827	1	9729	34
828	0	19316250	0
829	0	19206952	0
830	1	297315	1343
831	0	19531927	0
832	0	18661716	0
833	1	22085	71
834	0	19889131	0
835	0	21964782	0
836	0	22129659	0
837	0	19652924	0
838	0	15522538	0
839	0	19517181	0
840	0	19845373	0
841	0	19956554	0
842	0	15535319	0
843	0	19538920	0
844	0	19095590	0
845	0	19121263	0
846	0	15869665	0
847	1	70264	281
848	0	19164509	0
849	0	15666815	0
850	0	15730443	0
851	0	21862325	0
852	0	21579085	0
853	1	195118	979
854	0	20860455	0
855	0	15511477	0
856	0	19301659	0
857	0	19292485	0
858	1	133454	578
859	0	20295868	0
860	0	18459350	0
861	0	18470077	0
862	0	15864864	0
863	0	21498589	0
864	1	17740	38
865	0	20406454	0
866	0	19305074	0
867	0	22472037	0
868	0	20605381	0
869	0	21109623	0
870	0	20519733	0
871	0	15498210	0
872	0	19989660	0
873	0	19505161	0
874	0	21901693	0
875	0	20336943	0
876	0	19367518	0
877	1	431795	1939
878	0	18854273	0
879	0	20672918	0
880	0	19891340	0
881	0	20088633	0
882	0	19729442	0
883	0	20967391	0
884	0	19039401	0
885	1	251690	1134
886	0	22042504	0
887	0	18830779	0
888	1	379437	1729
889	0	18329624	0
890	1	425398	1945
891	0	18627209	0
892	0	18916547	0
893	0	19249520	0
894	0	20107734	0
895	0	19197518	0
896	0	19225029	0
897	0	18875802	0
898	0	22296346	0
899	0	20395065	0
900	1	290224	1289
901	1	50002	184
902	0	16988549	0
903	0	21881601	0
904	1	48803	175
905	0	21288151	0
906	0	20910518	0
907	0	22656401	0
908	0	20577750	0
909	0	16682044	0
910	0	20883693	0
911	1	574664	2608
912	0	20180160	0
913	0	20785806	0
914	0	21957603	0
915	0	15376417	0
916	0	20202428	0
917	0	21487669	0
918	0	19594157	0
919	0	21104150	0
920	1	270308	1179
921	0	21027454	0
922	0	19785890	0
923	0	20281961	0
924	0	21395100	0
925	0	20909437	0
926	0	19395644	0
927	0	21351487	0
928	0	19869959	0
929	0	19877089	0
930	0	22071952	0
931	0	22125433	0
932	0	22230066	0
933	0	22247375	0
934	1	446687	2026
935	0	20838193	0
936	0	22130955	0
937	0	20965537	0
938	0	15691701	0
939	0	19799611	0
940	1	374321	1610
941	1	439067	2008
942	0	21492000	0
943	0	22144741	0
944	0	20897370	0
945	0	15468785	0
946	0	21071746	0
947	0	19949336	0
948	0	21552218	0
949	0	22039620	0
950	0	19983919	0
951	0	20096205	0
952	0	19246287	0
953	0	15644959	0
954	0	22023152	0
955	0	22069528	0
956	0	21155686	0
957	0	20620411	0
958	0	15828817	0
959	0	19387551	0
960	0	22123690	0
961	0	15735962	0
962	0	21246768	0
963	0	15717947	0
964	0	15491530	0
965	0	19224508	0
966	0	15661729	0
967	0	20868985	0
968	0	20568911	0
969	0	22615569	0
970	0	21214823	0
971	1	159632	722
972	0	18530131	0
973	0	19612141	0
974	0	15619042	0
975	0	19408223	0
976	0	21366628	0
977	0	19532863	0
978	0	21737320	0
979	1	170717	765
980	0	20167735	0
981	0	22847437	0
982	0	20664413	0
983	0	19059023	0
984	0	20395414	0
985	1	156211	677
986	1	48629	204
987	0	19993451	0
988	0	19701759	0
989	0	19328727	0
990	1	19795	54
991	0	21418636	0
992	0	19819350	0
993	0	19651284	0
994	0	22461433	0
995	0	15618846	0
996	0	20311909	0
997	0	15679530	0
998	0	18756481	0
999	0	19298362	0
1000	1	98279	437
1001	0	20177461	0
1002	0	19587863	0
1003	0	21586871	0
1004	0	21433260	0
1005	0	18982982	0
1006	0	22441907	0
1007	0	20865267	0
1008	1	34593	105
1009	1	620980	2830
1010	0	21015853	0
1011	0	21822197	0
1012	1	252919	1137
1013	1	327936	1502
1014	0	20097578	0
1015	0	20498632	0
1016	0	21751219	0
1017	0	21556353	0
1018	0	16056580	0
1019	1	78297	310
1020	0	19268805	0
1021	0	15603331	0
1022	1	70055	337
1023	0	19031885	0
1024	0	19507364	0
1025	0	20366274	0
1026	1	172709	769
1027	0	18815816	0
1028	0	21488952	0
1029	0	15428811	0
1030	0	19257091	0
1031	0	19513088	0
1032	0	19388504	0
1033	0	18602434	0
1034	0	22214891	0
1035	0	15343690	0
1036	0	21752002	0
1037	1	180799	810
1038	0	19820855	0
1039	0	18950123	0
1040	0	19200664	0
1041	0	19630904	0
1042	0	15340258	0
1043	0	19327765	0
1044	0	18583282	0
1045	1	97422	414
1046	0	19455114	0
1047	0	19661674	0
1048	0	18869411	0
1049	1	194609	872
1050	1	249293	1140
1051	0	19592914	0
1052	0	20146299	0
1053	0	20392893	0
1054	0	22643152	0
1055	0	19987710	0
1056	0	18765314	0
1057	0	15509257	0
1058	0	19578274	0
1059	0	19763913	0
1060	0	19363683	0
1061	1	375242	1694
1062	0	19900986	0
1063	0	21664051	0
1064	0	15454939	0
1065	1	321745	1444
1066	0	17797871	0
1067	0	19279391	0
1068	0	19374201	0
1069	0	22455850	0
1070	1	86133	377
1071	0	21727697	0
1072	0	22248262	0
1073	0	21099230	0
1074	0	20519852	0
1075	1	657991	2997
1076	1	392153	1790
1077	1	55938	242
1078	1	236180	999
1079	0	21250474	0
1080	0	22605752	0
1081	0	16169724	0
1082	0	20426453	0
1083	0	15865946	0
1084	0	20046465	0
1085	0	22651040	0
1086	0	20006332	0
1087	0	22349717	0
1088	0	19252341	0
1089	0	22669789	0
1090	0	21900805	0
1091	0	22254557	0
1092	0	22394668	0
1093	0	19513369	0
1094	0	20906752	0
1095	0	22027031	0
1096	0	21713271	0
1097	0	21082541	0
1098	0	21229979	0
1099	0	20197359	0
1100	0	21618900	0
1101	0	15783703	0
1102	0	22636695	0
1103	0	15505159	0
1104	0	20329775	0
1105	0	20306364	0
1106	1	122166	474
1107	1	227875	1029
1108	0	21394547	0
1109	0	18478612	0
1110	0	19238197	0
1111	1	118546	517
1112	0	21399292	0
1113	0	19880261	0
1114	0	19061897	0
1115	1	122678	537
1116	0	22675934	0
1117	0	20391095	0
1118	0	15620912	0
1119	0	20811841	0
1120	0	20687258	0
1121	1	112029	483
1122	0	15472586	0
1123	0	19402920	0
1124	0	19800584	0
1125	1	37060	126
1126	1	362773	1656
1127	0	19870672	0
1128	0	19172463	0
1129	0	19875173	0
1130	0	19293898	0
1131	0	18843420	0
1132	0	20524567	0
1133	0	22021310	0
1134	0	19929007	0
1135	0	15376242	0
1136	1	168358	736
1137	0	18958997	0
1138	0	18892873	0
1139	0	20142387	0
1140	0	15148428	0
1141	0	19660812	0
1142	0	15685960	0
1143	0	22212288	0
1144	1	593547	2705
1145	0	19208508	0
1146	0	20332245	0
1147	0	18853844	0
1148	0	19946542	0
1149	0	21023437	0
1150	0	19914468	0
1151	1	259037	1171
1152	0	19010488	0
1153	0	19107627	0
1154	0	18865867	0
1155	0	18306336	0
1156	0	19616071	0
1157	1	141053	616
1158	0	15338243	0
1159	0	19980098	0
1160	0	19255285	0
1161	0	19840432	0
1162	0	18711596	0
1163	0	18644162	0
1164	1	181285	814
1165	0	15935193	0
1166	0	19532917	0
1167	0	19671468	0
1168	0	15560530	0
1169	0	19155100	0
1170	0	18380312	0
1171	0	18952989	0
1172	0	18959522	0
1173	1	45516	161
1174	0	21670369	0
1175	0	20461263	0
1176	0	19820547	0
1177	0	20167329	0
1178	0	19301200	0
1179	0	19626215	0
1180	0	19431256	0
1181	0	19486768	0
1182	0	16178305	0
1183	0	19713555	0
1184	0	22220405	0
1185	0	22331955	0
1186	0	15606774	0
1187	0	18435812	0
1188	0	19715800	0
1189	0	19467576	0
1190	0	19469977	0
1191	0	15761359	0
1192	0	18706972	0
1193	0	21832785	0
1194	0	20700663	0
1195	1	283372	1267
1196	0	19333049	0
1197	0	19354685	0
1198	0	19134105	0
1199	0	21548556	0
