# N1 = 66889
# N2 = 104723
# N  = 7004816747
# Nc = 80000
# Na = 1000
# Fc = 0.997
# kB = 1728
#
# run	success	duration[mus]	usedNa
0	0	19950547	0
1	0	22734912	0
2	0	20644297	0
3	0	21906258	0
4	0	21957103	0
5	1	853516	3923
6	0	19845696	0
7	1	275308	1230
8	0	19232119	0
9	0	19278222	0
10	0	19033441	0
11	0	18888544	0
12	0	19005735	0
13	1	764890	3523
14	1	833623	3831
15	1	1133660	5242
16	0	21748634	0
17	1	750484	3457
18	0	19481071	0
19	0	18641666	0
20	1	619734	2826
21	0	21608945	0
22	0	17838406	0
23	0	20358421	0
24	1	371786	1698
25	0	20618450	0
26	0	19732280	0
27	1	168322	761
28	0	18640329	0
29	0	18945036	0
30	1	1892321	8752
31	0	20826985	0
32	0	18801346	0
33	0	22806558	0
34	1	870135	4007
35	0	16781742	0
36	0	20182659	0
37	0	19916317	0
38	0	19890665	0
39	0	19446494	0
40	0	19857625	0
41	0	19799540	0
42	0	19323728	0
43	0	21248990	0
44	0	15680886	0
45	0	18672478	0
46	1	1107725	5112
47	1	759986	3504
48	0	21735801	0
49	1	253174	1152
50	1	178722	807
51	1	767526	3546
52	0	20238483	0
53	0	22712791	0
54	1	265677	1180
55	1	590007	3081
56	1	419765	1925
57	1	751602	3465
58	0	22522063	0
59	1	933750	4264
60	0	15756037	0
61	0	20724003	0
62	1	1152684	5296
63	0	22046518	0
64	1	748579	3412
65	0	20007788	0
66	0	19468214	0
67	1	923727	4267
68	0	19429488	0
69	0	15627969	0
70	1	415970	1892
71	1	1246832	5747
72	0	21941323	0
73	0	20894910	0
74	0	15375935	0
75	0	21047403	0
76	1	42708	150
77	0	20311440	0
78	1	965075	4449
79	1	1437599	6670
80	0	20484776	0
81	0	18848919	0
82	0	18991249	0
83	1	514165	2346
84	0	16237685	0
85	1	979340	4521
86	1	628589	2896
87	0	19515208	0
88	1	278050	1253
89	0	20152851	0
90	0	16769592	0
91	1	804278	3689
92	1	535932	2469
93	0	20357136	0
94	0	22370313	0
95	1	1679886	7726
96	0	20722943	0
97	1	79001	331
98	1	332947	1527
99	1	618863	2853
100	0	19040414	0
101	1	1268795	5862
102	1	543291	2493
103	0	18505463	0
104	1	594805	3085
105	0	19175533	0
106	0	20059839	0
107	0	22212848	0
108	0	20433501	0
109	0	18925914	0
110	1	865917	3988
111	0	15728872	0
112	0	19825821	0
113	0	15894985	0
114	0	19178570	0
115	0	15393817	0
116	1	1168976	5388
117	1	347801	1600
118	0	19370736	0
119	0	15497529	0
120	1	196961	893
121	0	21165504	0
122	0	20158938	0
123	0	15870103	0
124	1	680606	3126
125	0	19361819	0
126	0	18948381	0
127	1	764875	3515
128	1	974941	4499
129	0	19213540	0
130	0	19119233	0
131	0	19856424	0
132	1	877785	4036
133	0	18623276	0
134	0	18417463	0
135	1	684598	3103
136	0	20091732	0
137	0	20419027	0
138	0	22367976	0
139	0	20110200	0
140	1	1559640	7165
141	1	271713	1414
142	0	18934355	0
143	1	662457	3021
144	1	920048	4228
145	0	22599660	0
146	1	671138	3055
147	1	879043	4033
148	1	1015684	4669
149	1	1122020	5169
150	1	678669	3121
151	0	20206300	0
152	0	19784191	0
153	0	19663937	0
154	0	20777282	0
155	1	1350803	6225
156	1	805612	3640
157	1	509773	2342
158	0	20214398	0
159	0	19290616	0
160	0	19445938	0
161	1	454965	2058
162	0	20182957	0
163	1	550426	2523
164	0	18448501	0
165	0	20295413	0
166	0	19123654	0
167	1	545223	2489
168	1	348949	1566
169	1	455173	2081
170	1	367646	1678
171	1	968575	4455
172	0	19353087	0
173	0	21175813	0
174	0	20732654	0
175	1	688486	3143
176	0	21688955	0
177	1	466992	2120
178	1	197887	836
179	1	70357	308
180	0	20287983	0
181	0	20949713	0
182	0	22714293	0
183	0	21196608	0
184	1	498649	2279
185	1	704809	3225
186	0	20421104	0
187	1	939026	4300
188	0	21278891	0
189	1	523459	2378
190	1	566378	2579
191	0	21212336	0
192	0	19969956	0
193	0	22770540	0
194	0	19815590	0
195	1	590712	2698
196	1	578431	2649
197	1	1735814	7963
198	0	18974170	0
199	0	19927117	0
200	0	19384820	0
201	1	503216	2239
202	0	19741359	0
203	0	20547428	0
204	1	1311491	6018
205	1	565636	2558
206	0	18643307	0
207	1	638246	2898
208	1	656739	3017
209	1	841017	3865
210	0	16653523	0
211	0	22019792	0
212	0	21673545	0
213	1	632880	2854
214	1	21945	90
215	0	16180541	0
216	1	924967	4235
217	1	1337916	6157
218	0	19807740	0
219	0	21830295	0
220	0	15802917	0
221	1	995671	4574
222	1	773675	3533
223	0	21141431	0
224	0	19703607	0
225	0	16759309	0
226	1	809002	3693
227	0	19735531	0
228	0	22270968	0
229	1	350922	1601
230	1	720481	3771
231	0	16196908	0
232	0	21589250	0
233	0	22816402	0
234	0	15572760	0
235	0	21430828	0
236	0	20256194	0
237	0	17204655	0
238	0	20147928	0
239	0	19373219	0
240	0	19264436	0
241	1	1180776	5453
242	1	556350	2568
243	0	22040744	0
244	0	15416036	0
245	0	20398923	0
246	0	18743587	0
247	1	447768	2299
248	0	19411668	0
249	0	19439308	0
250	0	18894032	0
251	1	39773	156
252	1	1195598	5533
253	0	22516140	0
254	1	515142	2361
255	1	2444047	11304
256	0	21348053	0
257	0	20780056	0
258	0	18852068	0
259	1	462541	2112
260	0	16615531	0
261	0	19020448	0
262	0	18868195	0
263	1	1094867	5729
264	0	19066457	0
265	0	15850777	0
266	0	19160925	0
267	0	18733009	0
268	0	19491891	0
269	0	18717726	0
270	1	989455	5181
271	0	21840062	0
272	1	271730	1211
273	1	625141	2889
274	0	19717521	0
275	0	22159299	0
276	0	19662170	0
277	1	496589	2573
278	0	19032419	0
279	1	612354	3199
280	0	21881075	0
281	0	19562745	0
282	0	15513370	0
283	0	15664244	0
284	1	884987	4051
285	0	20773896	0
286	1	684578	3137
287	1	1158644	5330
288	0	18847085	0
289	0	20799370	0
290	1	1015084	4648
291	1	1030829	4738
292	0	19809287	0
293	0	22686769	0
294	0	22475169	0
295	1	658271	3005
296	1	354170	1582
297	0	21053771	0
298	0	20155613	0
299	1	1093709	5732
300	0	21957430	0
301	0	17068458	0
302	0	21236097	0
303	0	21036696	0
304	1	1342344	6151
305	0	17474712	0
306	1	557829	2538
307	0	20276415	0
308	0	21461711	0
309	0	21268956	0
310	0	19784837	0
311	0	19290492	0
312	0	19502560	0
313	1	249680	1114
314	1	712174	3274
315	1	607614	2776
316	0	22670529	0
317	0	22261251	0
318	0	22127400	0
319	1	575657	2616
320	1	213692	967
321	0	20929541	0
322	0	21251705	0
323	1	336242	1523
324	1	1533707	7036
325	0	15186597	0
326	1	1034409	5400
327	1	1397035	6445
328	1	986725	4532
329	1	277030	1266
330	1	257448	1173
331	0	15476984	0
332	0	20209079	0
333	0	20494473	0
334	1	886361	4058
335	1	499023	2269
336	0	19366634	0
337	0	22665323	0
338	1	554892	2544
339	1	925766	4281
340	1	993738	4589
341	0	19514687	0
342	1	984375	4539
343	0	19087279	0
344	0	18664797	0
345	1	1174685	5439
346	1	468493	2149
347	0	19741479	0
348	0	19650268	0
349	0	19665545	0
350	1	406235	1846
351	0	19953654	0
352	1	663202	3040
353	1	1268873	5858
354	0	18655081	0
355	0	19750958	0
356	1	518091	2377
357	0	19645516	0
358	1	2612314	11973
359	1	766049	3533
360	0	22431930	0
361	1	12343	11
362	0	16309737	0
363	1	783853	3615
364	1	196687	896
365	1	311419	1418
366	0	21133155	0
367	1	1884323	8703
368	0	19217509	0
369	0	19274344	0
370	1	638140	2935
371	1	482906	2229
372	0	19127747	0
373	0	19308886	0
374	0	19134780	0
375	0	21841887	0
376	1	414002	1891
377	0	15577070	0
378	1	849263	3879
379	1	902170	4161
380	0	20189812	0
381	0	22287632	0
382	1	480212	2198
383	1	501640	2599
384	1	301606	1380
385	1	603346	2772
386	0	22471480	0
387	0	18843379	0
388	0	19970172	0
389	1	827908	4338
390	1	583657	2680
391	0	20281892	0
392	1	785224	4096
393	1	1332907	6153
394	1	477864	2196
395	1	708353	3267
396	0	19171330	0
397	0	18624763	0
398	0	19523900	0
399	0	19815075	0
400	1	702455	3218
401	0	18736100	0
402	1	665279	3060
403	0	15222044	0
404	0	19216550	0
405	1	781498	3587
406	0	19417052	0
407	0	16069077	0
408	0	20006107	0
409	0	19207009	0
410	0	18888709	0
411	1	901422	4148
412	1	464430	2433
413	0	19706267	0
414	0	19462532	0
415	0	16045532	0
416	1	194649	989
417	0	18956763	0
418	0	19907090	0
419	1	234667	1058
420	0	19824328	0
421	0	19599635	0
422	0	22201224	0
423	1	1425526	6574
424	0	20633355	0
425	0	15475053	0
426	1	1134136	5233
427	1	873968	4026
428	1	163782	740
429	1	732990	3384
430	1	931306	4290
431	1	1549307	7191
432	0	18608864	0
433	0	15512266	0
434	1	740029	3305
435	0	19704486	0
436	0	21573945	0
437	1	775963	3556
438	1	563625	2586
439	0	21590599	0
440	0	19549423	0
441	0	20031257	0
442	0	18651982	0
443	0	22479721	0
444	0	19578231	0
445	0	21738933	0
446	0	19101410	0
447	1	588035	2710
448	1	1257209	5795
449	1	565242	2593
450	1	1040433	4812
451	0	18695856	0
452	0	22785407	0
453	0	17083765	0
454	1	623541	3230
455	0	19124960	0
456	0	19957935	0
457	0	20126505	0
458	0	18767645	0
459	1	707731	3256
460	0	19720352	0
461	0	20894981	0
462	0	19629304	0
463	0	19692505	0
464	0	18584897	0
465	1	1016421	4662
466	0	21600146	0
467	1	905208	4150
468	0	22575029	0
469	1	478834	2171
470	0	20597719	0
471	1	521901	2343
472	0	20000879	0
473	1	1149736	5280
474	1	1217882	5599
475	0	20111057	0
476	0	20204576	0
477	1	480762	2168
478	0	20821338	0
479	0	15653423	0
480	0	20637295	0
481	0	15533313	0
482	0	22547582	0
483	1	613881	2772
484	0	16400312	0
485	0	22180035	0
486	0	19801023	0
487	1	37942	148
488	0	20152384	0
489	0	20219897	0
490	0	19495310	0
491	0	16843982	0
492	0	19780907	0
493	0	21672821	0
494	0	17992361	0
495	1	288530	1461
496	1	435203	1978
497	0	20262696	0
498	0	19496095	0
499	1	1196074	5462
500	0	20618861	0
501	0	15581313	0
502	1	2052738	9484
503	1	537877	2467
504	1	687707	3140
505	1	758611	3476
506	0	19697584	0
507	0	17671598	0
508	0	20910360	0
509	0	15635935	0
510	1	669431	3059
511	0	18371466	0
512	0	21791116	0
513	0	21749323	0
514	0	18521041	0
515	1	424354	1916
516	0	19753113	0
517	0	20332471	0
518	1	539665	2447
519	0	19071520	0
520	0	21453380	0
521	0	20091002	0
522	1	612803	2802
523	0	19247420	0
524	0	20265829	0
525	1	591848	2690
526	1	791095	4157
527	1	287898	1308
528	1	1138004	5238
529	0	22459158	0
530	0	20429219	0
531	1	1045180	4789
532	0	19683541	0
533	0	20047651	0
534	0	19106442	0
535	1	498616	2268
536	0	19019522	0
537	1	595264	2698
538	0	18710423	0
539	0	19849648	0
540	0	18896424	0
541	0	21106833	0
542	1	541223	2464
543	0	21005718	0
544	1	837232	3840
545	1	739548	3375
546	1	842270	3877
547	1	719776	3308
548	1	977211	4500
549	0	22322842	0
550	1	639857	2885
551	0	21862140	0
552	0	22189451	0
553	0	23007119	0
554	1	408589	1856
555	0	18622567	0
556	0	19322107	0
557	1	745534	3429
558	1	979080	5126
559	0	18375281	0
560	0	19270386	0
561	0	19228134	0
562	1	277924	1254
563	1	750846	3471
564	1	852987	3945
565	0	22306415	0
566	0	18085063	0
567	1	183224	819
568	0	19882543	0
569	0	19911511	0
570	0	17980044	0
571	0	15758551	0
572	1	167415	737
573	1	145431	650
574	0	19179369	0
575	0	18987224	0
576	1	116633	507
577	0	18966973	0
578	1	980459	4517
579	1	587824	2702
580	0	21257046	0
581	1	827636	3799
582	0	20563593	0
583	1	596994	2736
584	1	736677	3394
585	0	19701037	0
586	0	20484056	0
587	0	19416744	0
588	1	417154	1903
589	0	19601910	0
590	1	688218	3155
591	0	20980096	0
592	0	22143621	0
593	0	20065380	0
594	0	19299049	0
595	0	18713958	0
596	0	18771447	0
597	1	1046824	4828
598	0	21364660	0
599	0	20369630	0
600	1	702744	3217
601	0	21713843	0
602	1	772413	3550
603	0	20736752	0
604	1	1359634	6276
605	0	17071732	0
606	0	19568853	0
607	1	1011028	4673
608	0	21369995	0
609	1	1011321	4659
610	1	1125357	5197
611	0	16464202	0
612	1	827622	3812
613	1	799162	3655
614	0	18995490	0
615	1	387823	1766
616	0	19182765	0
617	0	20684166	0
618	0	22095656	0
619	1	665903	3459
620	0	20468933	0
621	0	20818855	0
622	0	19908507	0
623	0	20123958	0
624	0	16340445	0
625	0	19760715	0
626	1	1033704	4746
627	0	20339892	0
628	1	217706	979
629	0	20890956	0
630	0	18930233	0
631	0	19285435	0
632	1	977173	4476
633	0	19771978	0
634	0	18727555	0
635	0	22239085	0
636	0	16507079	0
637	0	22401894	0
638	0	22629258	0
639	0	22382548	0
640	0	22728000	0
641	0	22779377	0
642	1	898496	4120
643	0	22261240	0
644	1	948961	4363
645	0	23031796	0
646	1	565407	2584
647	0	18095030	0
648	1	263921	1188
649	1	411878	1881
650	1	238412	1085
651	0	21817277	0
652	0	22983039	0
653	0	16344203	0
654	1	358854	1639
655	1	696664	3197
656	0	22523881	0
657	1	683928	3132
658	1	622119	2872
659	0	20542082	0
660	1	1394452	6387
661	1	1100804	5084
662	1	1252139	5792
663	1	1035948	4792
664	1	272334	1250
665	1	1388632	6412
666	0	18929171	0
667	1	581927	2665
668	1	536200	2470
669	0	20162947	0
670	0	18680972	0
671	0	19116384	0
672	1	502135	2606
673	0	19000087	0
674	1	1039891	4793
675	1	875070	4004
676	1	663433	3059
677	0	20518781	0
678	1	593982	2718
679	1	714671	3289
680	1	852626	3943
681	1	828615	3817
682	0	19443772	0
683	0	21901346	0
684	0	19167987	0
685	0	20252872	0
686	0	19848757	0
687	1	781171	3585
688	1	231772	1061
689	1	324758	1484
690	0	19278019	0
691	1	1001257	4602
692	0	21105380	0
693	0	21401097	0
694	1	853811	3929
695	0	18405439	0
696	1	727486	3348
697	0	22384248	0
698	0	22768006	0
699	0	15215567	0
700	0	15506054	0
701	1	625855	2833
702	0	22346924	0
703	1	163792	809
704	0	18643625	0
705	0	20551680	0
706	0	20491711	0
707	0	19026474	0
708	1	1038320	4778
709	0	19438339	0
710	0	19262160	0
711	1	832683	3799
712	1	164670	745
713	1	778102	3586
714	0	19564972	0
715	1	753111	3442
716	0	19913724	0
717	1	763220	3528
718	1	429719	1957
719	0	20623510	0
720	0	17107870	0
721	0	20198632	0
722	0	19028177	0
723	0	20201496	0
724	1	821108	3715
725	0	19558030	0
726	1	610042	2792
727	0	19285861	0
728	1	869417	4004
729	0	18157124	0
730	0	19882865	0
731	1	341250	1563
732	0	20168074	0
733	0	19095848	0
734	0	18771276	0
735	0	19051955	0
736	1	165353	724
737	1	938032	4337
738	1	898425	4148
739	0	22493018	0
740	1	590587	2706
741	0	20331827	0
742	1	468520	2137
743	1	591844	2734
744	0	19647724	0
745	0	16899366	0
746	1	54999	217
747	0	18981999	0
748	0	18444634	0
749	0	17835654	0
750	0	15568422	0
751	1	963303	4444
752	1	1053927	4873
753	0	22361595	0
754	1	708885	3260
755	1	2040595	9516
756	1	1286169	5948
757	0	20945609	0
758	0	20966957	0
759	0	19813609	0
760	1	852916	3917
761	0	17467335	0
762	1	841288	3840
763	0	21222349	0
764	0	21476447	0
765	0	21986952	0
766	0	18848287	0
767	1	898998	4706
768	0	19445702	0
769	1	749135	3439
770	0	20098656	0
771	0	19658028	0
772	0	19685817	0
773	0	18690920	0
774	0	20178743	0
775	0	19012137	0
776	0	18960904	0
777	1	881034	4065
778	0	20054744	0
779	0	18497084	0
780	1	893540	4098
781	0	18354780	0
782	0	19070480	0
783	1	672656	3075
784	1	498515	2295
785	0	18520346	0
786	0	19693589	0
787	0	19012595	0
788	1	565299	2597
789	0	19625729	0
790	0	18486917	0
791	0	19597657	0
792	0	19618706	0
793	0	15434133	0
794	0	19970340	0
795	0	19578606	0
796	1	486852	2237
797	0	19577240	0
798	0	19264350	0
799	0	18844645	0
800	0	18724413	0
801	1	266930	1211
802	1	716339	3270
803	0	18521230	0
804	0	18693549	0
805	0	19110145	0
806	0	19095759	0
807	0	21726698	0
808	0	19987352	0
809	1	1359050	6265
810	1	649753	2992
811	0	15539131	0
812	0	19783365	0
813	0	20032504	0
814	0	20216469	0
815	0	19150073	0
816	0	15608636	0
817	1	211063	939
818	0	18348290	0
819	0	22166047	0
820	1	946906	4348
821	1	934131	4324
822	0	20748144	0
823	1	631251	2907
824	1	727805	3825
825	1	800786	3698
826	1	570545	2641
827	0	16830285	0
828	0	20370062	0
829	0	18963921	0
830	0	18885363	0
831	0	19152244	0
832	0	19905005	0
833	1	850352	3920
834	0	17460038	0
835	0	19092814	0
836	1	973369	4475
837	1	1052533	4855
838	0	15770201	0
839	1	837864	3872
840	1	500655	2300
841	1	634077	2920
842	0	21303980	0
843	0	21714430	0
844	1	1088571	5025
845	1	1150827	5313
846	1	795866	3681
847	0	19652216	0
848	0	17020015	0
849	1	829680	4333
850	0	21591332	0
851	0	19829421	0
852	1	418469	1921
853	1	1605210	7431
854	1	471556	2172
855	0	19663331	0
856	0	18862494	0
857	1	601583	2745
858	0	19399476	0
859	1	1009121	4637
860	1	856978	3959
861	0	20083193	0
862	0	20433445	0
863	1	738949	3402
864	1	567523	2620
865	0	19048852	0
866	1	1422986	6562
867	0	16164570	0
868	1	440331	2016
869	0	19777352	0
870	1	999487	4598
871	0	20127626	0
872	0	17591780	0
873	0	19161925	0
874	0	20953956	0
875	1	677920	3108
876	0	20826136	0
877	0	20085737	0
878	0	19686500	0
879	1	917008	4225
880	0	19551132	0
881	0	19164290	0
882	0	18872218	0
883	1	966154	4450
884	1	434719	1951
885	1	419186	1924
886	0	19902108	0
887	1	885424	4047
888	0	19518731	0
889	1	714452	3264
890	1	916936	4235
891	0	19456186	0
892	1	357491	1609
893	1	616883	2836
894	1	1508466	6973
895	0	19681764	0
896	0	15640447	0
897	1	1193524	5505
898	0	18924963	0
899	0	16439721	0
900	1	1200893	5538
901	1	659691	3027
902	0	19186490	0
903	1	1489124	6874
904	0	21505892	0
905	0	19016227	0
906	1	609910	2796
907	0	19667498	0
908	1	1128979	5194
909	0	18841260	0
910	0	17545929	0
911	0	18722043	0
912	1	112940	498
913	0	18766657	0
914	1	665555	3049
915	1	422288	1941
916	0	20382198	0
917	0	20164570	0
918	1	236366	1066
919	0	20071090	0
920	1	1034230	4767
921	1	606994	2778
922	0	19422150	0
923	1	148245	651
924	0	19077233	0
925	1	895021	4111
926	1	405730	1861
927	0	19488343	0
928	0	20607189	0
929	1	723270	3336
930	1	667422	3498
931	1	703992	3232
932	0	19961010	0
933	0	19310880	0
934	0	18361735	0
935	1	565959	2597
936	1	1254029	5797
937	0	19005211	0
938	0	15936243	0
939	1	143624	624
940	0	18688628	0
941	1	693521	3177
942	0	18966718	0
943	0	18993532	0
944	0	19318945	0
945	0	18244381	0
946	0	21657434	0
947	1	228013	1030
948	1	696984	3206
949	0	19340707	0
950	1	740417	3386
951	1	721398	3783
952	0	19389686	0
953	0	21377383	0
954	0	15330081	0
955	0	20248960	0
956	0	22296961	0
957	0	15313002	0
958	1	700218	3632
959	0	21968337	0
960	0	19935640	0
961	1	642087	3331
962	1	608268	2815
963	0	18699400	0
964	1	395771	1807
965	0	19022893	0
966	0	19020060	0
967	0	18852852	0
968	0	15538724	0
969	0	19998607	0
970	1	1750407	8070
971	0	15515220	0
972	0	19119820	0
973	0	19129792	0
974	0	19586721	0
975	0	19268710	0
976	0	19170336	0
977	1	537745	2478
978	0	19318859	0
979	1	798964	3680
980	1	671518	3041
981	0	20264088	0
982	1	1744537	8067
983	1	730212	3372
984	0	21939548	0
985	0	22105712	0
986	0	16938968	0
987	1	528750	2438
988	1	791223	3662
989	0	20995683	0
990	1	762163	3513
991	0	20124517	0
992	0	15580589	0
993	0	15703742	0
994	0	19691842	0
995	1	820916	3774
996	0	19851222	0
997	1	760285	3472
998	1	468393	2144
999	0	21523137	0
1000	0	20160643	0
1001	1	1297526	5956
1002	0	19021528	0
1003	0	19249688	0
1004	0	19466379	0
1005	1	970121	4444
1006	1	1164272	5392
1007	1	344872	1580
1008	1	911388	4208
1009	0	16383655	0
1010	1	570682	2613
1011	1	776028	3580
1012	1	448843	2068
1013	1	861089	3964
1014	1	464143	2145
1015	0	18881990	0
1016	0	18860976	0
1017	0	19748318	0
1018	0	19915745	0
1019	1	843451	4394
1020	0	19080093	0
1021	1	535531	2800
1022	1	1348198	6212
1023	0	19399103	0
1024	0	19250112	0
1025	1	395871	1780
1026	0	19162604	0
1027	0	22319961	0
1028	1	803134	3670
1029	1	169595	766
1030	0	20726998	0
1031	0	19436463	0
1032	0	19656499	0
1033	0	21455883	0
1034	1	770203	3527
1035	0	19801332	0
1036	0	21322055	0
1037	1	999466	4585
1038	1	409430	1876
1039	1	1329515	6138
1040	0	19680089	0
1041	0	15611991	0
1042	1	488639	2224
1043	0	21139835	0
1044	0	19574177	0
1045	0	19933877	0
1046	0	19907571	0
1047	1	455194	2083
1048	0	20000832	0
1049	1	509657	2333
1050	0	19928861	0
1051	0	21160585	0
1052	0	19742132	0
1053	1	1024830	4692
1054	1	310032	1402
1055	0	19269625	0
1056	0	15534440	0
1057	1	760646	3455
1058	0	19866302	0
1059	1	736331	3365
1060	1	491635	2260
1061	1	540149	2814
1062	0	19310078	0
1063	1	793320	3628
1064	0	19560973	0
1065	1	887732	4074
1066	1	503412	2310
1067	1	636901	2898
1068	0	19840811	0
1069	1	1148995	5271
1070	0	19941195	0
1071	1	548736	2475
1072	0	20025293	0
1073	1	757278	3960
1074	0	18546709	0
1075	0	15713320	0
1076	0	20148703	0
1077	0	18932993	0
1078	1	452253	2068
1079	0	20049581	0
1080	0	16953926	0
1081	1	1125278	5211
1082	0	19568111	0
1083	1	1535265	7064
1084	0	20049787	0
1085	0	20380121	0
1086	0	19371337	0
1087	0	21470033	0
1088	0	19462976	0
1089	1	378465	1714
1090	1	1543088	7134
1091	0	22262504	0
1092	1	377339	1718
1093	0	20849897	0
1094	1	398625	1815
1095	0	19987325	0
1096	0	20117108	0
1097	0	19512220	0
1098	0	19902796	0
1099	0	19933663	0
1100	0	19279808	0
1101	0	22090255	0
1102	0	15663005	0
1103	1	726927	3363
1104	0	19434217	0
1105	0	22368923	0
1106	0	22733666	0
1107	0	22077320	0
1108	1	832412	3818
1109	1	1408780	6529
1110	0	19659801	0
1111	1	576300	2612
1112	0	19166509	0
1113	0	18973869	0
1114	1	308568	1409
1115	0	20073531	0
1116	0	21440858	0
1117	1	212654	953
1118	0	21300022	0
1119	0	15726232	0
1120	1	764743	3506
1121	0	19056023	0
1122	0	19206308	0
1123	1	1105546	5095
1124	1	847692	3918
1125	0	15608831	0
1126	1	1008519	4644
1127	1	1095624	5043
1128	0	19851538	0
1129	0	20488723	0
1130	0	15575359	0
1131	1	893985	4066
1132	0	21090549	0
1133	1	908622	4753
1134	0	19545011	0
1135	0	18821006	0
1136	0	20321064	0
1137	0	22345213	0
1138	0	19122589	0
1139	0	22509183	0
1140	0	20990469	0
1141	1	864884	3957
1142	0	18988311	0
1143	1	1738454	8009
1144	0	19391129	0
1145	1	1114980	5115
1146	1	914346	4764
1147	1	235622	1069
1148	0	18633830	0
1149	0	19768904	0
1150	0	18723665	0
1151	0	18902397	0
1152	1	731530	3349
1153	1	541556	2484
1154	1	323886	1479
1155	0	18842665	0
1156	0	19080697	0
1157	1	544691	2498
1158	1	975993	4503
1159	1	692702	3199
1160	0	19308726	0
1161	0	19422930	0
1162	1	1506470	6939
1163	0	15640982	0
1164	1	305261	1383
1165	0	15720237	0
1166	0	18908283	0
1167	0	19109171	0
1168	0	20247491	0
1169	1	1767098	8153
1170	1	1003285	4624
1171	0	19050371	0
1172	1	399445	1823
1173	0	22078192	0
1174	1	1275100	5887
1175	0	19977124	0
1176	0	19204825	0
1177	1	626610	2869
1178	0	19688517	0
1179	0	19154871	0
1180	0	21119886	0
1181	1	370385	1655
1182	0	19701737	0
1183	1	428368	1951
1184	0	15687630	0
1185	0	20213743	0
1186	1	754373	3472
1187	0	20088263	0
1188	0	18664559	0
1189	1	594021	2716
1190	1	606672	2722
1191	0	19724089	0
1192	0	19564352	0
1193	0	18934885	0
1194	0	21871940	0
1195	0	20905466	0
1196	0	21570724	0
1197	1	521871	2394
1198	1	720912	3329
1199	0	22119538	0
