# N1 = 66889
# N2 = 104723
# N  = 7004816747
# Nc = 80000
# Na = 1000
# Fc = 0.997
# kB = 1000
#
# run	success	duration[mus]	usedNa
0	1	434955	1940
1	1	351911	1592
2	1	238015	1081
3	1	85782	382
4	0	19758300	0
5	0	15755584	0
6	0	18907167	0
7	1	210095	946
8	1	518146	2387
9	1	537875	2473
10	0	22623671	0
11	1	1419367	6541
12	1	183440	936
13	1	693031	3199
14	0	22811857	0
15	0	20633831	0
16	0	19436592	0
17	0	22438490	0
18	1	578649	2650
19	0	22671193	0
20	1	1121338	5120
21	0	22187372	0
22	0	15536649	0
23	1	528455	2425
24	1	569820	2576
25	0	19345176	0
26	0	15526742	0
27	0	19215007	0
28	1	582851	2676
29	0	15150098	0
30	1	46581	196
31	0	19452652	0
32	1	627379	2890
33	1	565633	2603
34	0	20281228	0
35	1	30987	87
36	0	20591577	0
37	0	18402884	0
38	0	18415423	0
39	0	19388029	0
40	1	693018	3178
41	1	51184	221
42	1	437197	2012
43	0	20553085	0
44	0	18486725	0
45	0	19062325	0
46	1	317665	1445
47	0	19242342	0
48	0	19828790	0
49	0	20431799	0
50	1	89555	394
51	0	19502596	0
52	0	19703874	0
53	1	405139	1844
54	1	369464	1700
55	0	18851700	0
56	0	20937798	0
57	0	19059387	0
58	1	787523	3629
59	0	20324976	0
60	0	19549970	0
61	0	21240746	0
62	1	468670	2138
63	1	1000750	4621
64	1	396697	1816
65	0	19733868	0
66	0	21688344	0
67	1	329072	1480
68	0	19220914	0
69	1	48063	184
70	0	20477572	0
71	1	377906	1731
72	0	19525854	0
73	0	19612207	0
74	0	15213587	0
75	1	511540	2660
76	0	15643351	0
77	1	366418	1667
78	0	18947725	0
79	0	19731127	0
80	0	18668352	0
81	0	18546099	0
82	0	15733768	0
83	0	19181026	0
84	0	18512519	0
85	1	160082	706
86	1	745325	3448
87	0	18450667	0
88	0	18848723	0
89	0	19094238	0
90	0	19708117	0
91	0	19371691	0
92	0	15425319	0
93	0	18508840	0
94	0	23084887	0
95	0	20346785	0
96	0	19885772	0
97	0	20078354	0
98	1	463571	2111
99	0	20112646	0
100	1	278729	1265
101	1	724973	3340
102	1	565529	2595
103	0	20082924	0
104	1	335407	1524
105	0	20499478	0
106	0	19793133	0
107	0	19836664	0
108	1	136432	604
109	1	1839416	8488
110	1	338544	1768
111	0	22327496	0
112	1	626328	2842
113	1	520616	2387
114	1	73106	319
115	0	18949356	0
116	1	581483	2663
117	1	456225	2385
118	1	740299	3400
119	1	594344	2739
120	0	18803610	0
121	0	20629321	0
122	1	360200	1636
123	0	19056856	0
124	1	122961	512
125	0	19108066	0
126	0	15376879	0
127	1	753248	3476
128	0	19385551	0
129	0	19099439	0
130	1	293827	1304
131	0	19107471	0
132	1	268649	1222
133	0	15534735	0
134	0	18939578	0
135	0	19688310	0
136	1	338804	1706
137	0	18993642	0
138	1	363377	1852
139	0	18686621	0
140	0	22816841	0
141	0	15557514	0
142	0	15769502	0
143	1	302258	1371
144	1	374961	1710
145	0	17679930	0
146	1	1016323	4699
147	0	19919065	0
148	1	477846	2158
149	0	20472216	0
150	0	15568793	0
151	0	19083235	0
152	0	19493975	0
153	0	19591698	0
154	1	826147	3796
155	0	19136175	0
156	0	20282456	0
157	0	19424892	0
158	1	405131	1842
159	1	552877	2551
160	1	452730	2082
161	1	316732	1458
162	0	22543311	0
163	1	1209305	5569
164	0	22390021	0
165	0	20340479	0
166	0	15622696	0
167	1	218984	989
168	0	20078127	0
169	0	20538238	0
170	1	267020	1199
171	0	20190944	0
172	0	19206774	0
173	0	20609443	0
174	0	19584489	0
175	0	19650415	0
176	1	1338710	6137
177	0	21158260	0
178	1	649729	2978
179	0	19584375	0
180	0	19379605	0
181	1	426785	1926
182	1	300164	1347
183	1	1214905	5604
184	1	91547	397
185	0	21027035	0
186	0	18546707	0
187	0	18962515	0
188	1	835060	4345
189	1	564676	2586
190	0	19266983	0
191	1	587899	2685
192	1	535596	2455
193	0	20133649	0
194	0	18969383	0
195	1	66830	279
196	0	19205582	0
197	1	823143	3746
198	0	15742476	0
199	1	93743	405
200	0	19705602	0
201	1	450381	2054
202	0	20322603	0
203	0	21378217	0
204	1	348571	1580
205	0	20762431	0
206	1	192662	866
207	0	21720560	0
208	0	21850468	0
209	0	19046470	0
210	0	16109704	0
211	0	19085607	0
212	0	18437195	0
213	1	430362	1946
214	0	18071234	0
215	0	19395413	0
216	1	545144	2498
217	1	273622	1250
218	1	633291	2906
219	1	474443	2179
220	0	19411541	0
221	0	19825951	0
222	1	58057	236
223	1	218983	991
224	0	20170732	0
225	0	20389559	0
226	0	17403406	0
227	1	529388	2407
228	0	15531235	0
229	1	698396	3200
230	1	1034640	5454
231	0	18484373	0
232	0	15837704	0
233	0	19637269	0
234	0	19504461	0
235	0	19000400	0
236	1	311912	1397
237	1	375377	1721
238	0	15753637	0
239	1	609594	2787
240	1	397349	1814
241	1	479010	2174
242	1	339134	1537
243	0	22380220	0
244	0	20729569	0
245	1	219238	955
246	1	888028	4639
247	0	20245354	0
248	0	22483524	0
249	0	15855682	0
250	0	20073353	0
251	1	181920	812
252	1	628495	2889
253	0	20003468	0
254	0	22257593	0
255	0	19196645	0
256	0	19941506	0
257	1	381333	1743
258	0	19861021	0
259	0	22416087	0
260	0	20182958	0
261	1	430189	1954
262	1	512618	2351
263	1	351129	1601
264	0	19964401	0
265	1	8743	12
266	0	20921207	0
267	0	20701777	0
268	1	430884	1944
269	0	20993406	0
270	1	639260	2925
271	0	20942227	0
272	1	180660	809
273	1	635082	2918
274	0	20339832	0
275	1	447171	2033
276	1	243391	1107
277	0	22217106	0
278	1	682241	3109
279	0	21782188	0
280	0	20855751	0
281	0	15644356	0
282	1	695482	3185
283	0	20628210	0
284	0	22255376	0
285	0	19455623	0
286	0	21413732	0
287	1	725537	3342
288	1	273484	1231
289	0	20320054	0
290	0	15306787	0
291	0	19944974	0
292	0	18689216	0
293	1	84945	348
294	0	20947869	0
295	0	22659271	0
296	1	220717	1001
297	0	20707280	0
298	0	21167925	0
299	1	544729	2498
300	0	19895629	0
301	1	474266	2172
302	1	819362	3764
303	1	244051	1106
304	0	19583613	0
305	1	290432	1311
306	1	1020049	4684
307	0	20374994	0
308	0	15648198	0
309	1	113383	478
310	0	21485338	0
311	1	551444	2515
312	1	79574	351
313	0	15412104	0
314	1	460391	2075
315	1	161426	684
316	0	19139043	0
317	0	22435754	0
318	0	15562800	0
319	1	95370	404
320	1	160504	727
321	0	20306158	0
322	0	20116340	0
323	1	439928	1997
324	0	18794839	0
325	1	353622	1607
326	1	302971	1387
327	0	19478586	0
328	0	19408280	0
329	0	19836463	0
330	0	20875100	0
331	0	19673772	0
332	0	15904444	0
333	1	722084	3313
334	0	19157351	0
335	1	864701	3971
336	0	15553062	0
337	1	437581	2008
338	0	15386246	0
339	1	691845	3592
340	1	748049	3432
341	1	253200	1161
342	0	21037161	0
343	0	19874883	0
344	0	18953032	0
345	1	677565	3109
346	1	178790	801
347	1	241806	1109
348	0	19756813	0
349	0	20362712	0
350	1	207210	920
351	0	18691280	0
352	1	952288	4402
353	0	21710323	0
354	0	20728115	0
355	0	19737114	0
356	1	188111	854
357	0	19370659	0
358	0	20527755	0
359	1	794535	3659
360	0	20336919	0
361	0	19540487	0
362	1	133774	591
363	0	15595109	0
364	0	19101310	0
365	1	281495	1285
366	0	20157971	0
367	1	924795	4261
368	0	19764814	0
369	0	18952064	0
370	1	370052	1676
371	0	18522729	0
372	0	18967485	0
373	1	427823	1944
374	1	512866	2363
375	0	18968540	0
376	0	19152138	0
377	0	15591540	0
378	1	315332	1429
379	1	554626	2562
380	0	21654453	0
381	1	439341	1979
382	1	25144	102
383	0	20669971	0
384	1	47380	171
385	1	530646	2450
386	0	19909011	0
387	1	259114	1157
388	0	21153779	0
389	0	16052668	0
390	1	213312	965
391	1	656551	3023
392	0	18411254	0
393	1	618070	2845
394	0	15464339	0
395	1	321705	1452
396	1	732960	3370
397	1	433927	1992
398	1	487441	2242
399	1	1128251	5242
400	0	17022878	0
401	1	169519	751
402	1	517850	2375
403	0	22744550	0
404	1	691585	3172
405	1	105858	536
406	1	205344	936
407	0	22480849	0
408	1	348882	1586
409	1	633591	2924
410	0	15495701	0
411	0	21791461	0
412	0	19692945	0
413	1	1098444	5081
414	1	356594	1633
415	0	16555163	0
416	1	503822	2315
417	1	317592	1452
418	1	609548	2792
419	0	20595956	0
420	0	20383772	0
421	1	21341	38
422	1	215670	981
423	1	418417	1921
424	1	846329	3889
425	0	19820726	0
426	0	20131590	0
427	0	21430148	0
428	0	15341927	0
429	0	19628961	0
430	0	19464492	0
431	1	581240	2660
432	0	20266325	0
433	1	581048	2650
434	1	962601	4444
435	0	15382326	0
436	0	19069562	0
437	0	19572765	0
438	1	451819	2330
439	0	15636890	0
440	0	18829355	0
441	0	21832083	0
442	0	22698390	0
443	0	21705672	0
444	0	20214967	0
445	1	506689	2331
446	1	368228	1684
447	0	20701030	0
448	0	20162578	0
449	1	648831	2974
450	1	427687	2220
451	0	18007163	0
452	0	15464767	0
453	0	19499783	0
454	1	623134	2861
455	0	20519730	0
456	1	544462	2515
457	1	35926	147
458	1	370386	1677
459	1	933329	4305
460	0	19076601	0
461	0	19537864	0
462	0	21255142	0
463	0	20164109	0
464	0	22335537	0
465	0	18892786	0
466	1	19744	58
467	1	167461	763
468	1	168463	764
469	1	273073	1256
470	1	9284	24
471	0	19218956	0
472	1	624363	2848
473	0	19880952	0
474	0	20021556	0
475	0	20953856	0
476	0	22446712	0
477	0	20006256	0
478	0	19355714	0
479	0	20056108	0
480	1	728703	3340
481	1	650836	2981
482	1	135880	595
483	0	19253869	0
484	0	19330052	0
485	1	571579	2594
486	0	20819253	0
487	0	22682781	0
488	0	18397998	0
489	1	742674	3349
490	1	620169	2863
491	0	19237671	0
492	1	697430	3209
493	1	745552	3281
494	0	15770045	0
495	0	15273726	0
496	0	19578410	0
497	0	20042867	0
498	1	60223	245
499	0	18980151	0
500	1	654596	3001
501	1	266492	1212
502	0	18812309	0
503	1	444039	2034
504	1	307615	1410
505	1	408389	1875
506	0	19255868	0
507	0	20107537	0
508	0	19431034	0
509	1	189896	844
510	0	20714361	0
511	0	19136381	0
512	1	364051	1654
513	1	448010	2058
514	1	595778	2750
515	0	21538604	0
516	1	473305	2164
517	0	18461331	0
518	1	556358	2854
519	0	19669304	0
520	0	21054334	0
521	0	19041945	0
522	0	21096431	0
523	0	15368558	0
524	0	15587386	0
525	0	22756844	0
526	1	804926	3682
527	0	21363563	0
528	1	344316	1786
529	1	144222	650
530	0	17812625	0
531	1	130612	575
532	0	19146852	0
533	0	20204170	0
534	0	22532913	0
535	1	352945	1590
536	0	20375359	0
537	0	19285511	0
538	1	279319	1260
539	0	21917093	0
540	0	23137392	0
541	0	22226228	0
542	1	675690	3090
543	0	17528765	0
544	1	638202	2910
545	1	701955	3222
546	1	10129	31
547	0	22172140	0
548	0	15378234	0
549	0	19038578	0
550	1	518167	2351
551	0	19184463	0
552	0	19986218	0
553	0	21132247	0
554	0	21403492	0
555	0	19121090	0
556	0	20825193	0
557	1	601039	2734
558	1	341189	1546
559	1	459955	2117
560	1	464515	2127
561	1	279341	1454
562	1	480657	2180
563	1	196107	977
564	1	95398	427
565	0	19506314	0
566	0	22797019	0
567	0	15792508	0
568	1	269976	1389
569	0	21215467	0
570	1	389599	1765
571	1	349563	1602
572	0	15417757	0
573	1	823621	3761
574	0	20080247	0
575	0	19950465	0
576	0	22231653	0
577	1	1357822	6261
578	0	17213091	0
579	0	21589630	0
580	0	15460488	0
581	0	19121312	0
582	0	19458847	0
583	1	353723	1600
584	0	19702325	0
585	0	18258800	0
586	0	20008718	0
587	1	634495	2893
588	0	21437154	0
589	0	20623861	0
590	0	22779645	0
591	0	22556314	0
592	1	123341	542
593	1	1056475	4870
594	1	71765	313
595	0	16514835	0
596	0	15694108	0
597	0	20730860	0
598	0	15976000	0
599	1	347831	1576
600	1	220314	996
601	0	21916538	0
602	1	302080	1372
603	1	162496	794
604	0	19136588	0
605	0	15613851	0
606	0	19779450	0
607	1	509083	2325
608	0	18854592	0
609	0	21878536	0
610	1	214128	960
611	1	921968	4267
612	1	287499	1314
613	1	318567	1466
614	0	19204754	0
615	1	443895	2030
616	1	217615	994
617	1	269636	1229
618	0	19772870	0
619	0	19768684	0
620	1	386618	1770
621	0	21384472	0
622	0	19952634	0
623	1	352125	1584
624	1	264772	1191
625	1	143102	646
626	1	111809	546
627	0	19495088	0
628	0	20133842	0
629	0	19924646	0
630	0	19934477	0
631	1	430371	1955
632	1	176892	804
633	0	20853375	0
634	1	623980	2852
635	1	1203842	5557
636	0	19638263	0
637	0	19309714	0
638	0	21105607	0
639	0	21518646	0
640	1	1749379	8103
641	0	17579304	0
642	1	693110	3164
643	0	20861723	0
644	0	15613461	0
645	1	257120	1154
646	0	15808528	0
647	0	19346936	0
648	0	19277507	0
649	1	479160	2164
650	0	19539053	0
651	0	18962097	0
652	0	22029654	0
653	0	18342180	0
654	0	20321614	0
655	1	520930	2383
656	1	751004	3449
657	1	127501	570
658	0	19579737	0
659	0	19079811	0
660	0	19859841	0
661	1	1150287	5317
662	0	19109285	0
663	0	18786944	0
664	1	962610	4417
665	1	787141	3633
666	0	19433476	0
667	0	19668566	0
668	1	81531	347
669	0	19638018	0
670	0	18779089	0
671	0	20231550	0
672	0	21449368	0
673	0	18850665	0
674	0	18970799	0
675	1	7040	14
676	0	18827845	0
677	0	20181552	0
678	1	579906	2652
679	0	19911383	0
680	1	1058272	4879
681	0	22507640	0
682	0	20805439	0
683	1	701742	3230
684	0	18746121	0
685	0	19142944	0
686	1	420971	1934
687	1	1424722	6601
688	0	20580155	0
689	1	230678	1169
690	0	20233572	0
691	0	20103748	0
692	0	20090143	0
693	0	19497438	0
694	0	18564890	0
695	0	15650854	0
696	0	22860822	0
697	1	1237035	5674
698	0	18860362	0
699	1	588102	2683
700	0	18657329	0
701	1	106347	454
702	1	552121	2535
703	0	19422077	0
704	1	610404	2802
705	0	15948900	0
706	0	15680006	0
707	0	18574951	0
708	0	19034644	0
709	1	345902	1562
710	1	636588	2942
711	0	20497660	0
712	0	18876550	0
713	1	347989	1590
714	0	19406989	0
715	0	18946442	0
716	1	143699	626
717	1	396215	1824
718	1	562714	2582
719	0	19341826	0
720	1	158903	708
721	0	19945528	0
722	1	270677	1213
723	1	290142	1300
724	1	374400	1707
725	0	15454352	0
726	1	219198	953
727	1	592086	3101
728	1	1124893	5201
729	0	19896796	0
730	1	467662	2138
731	0	19619874	0
732	0	19406990	0
733	1	434031	1984
734	1	524699	2740
735	1	893745	4146
736	1	541235	2489
737	1	610263	2810
738	0	19047774	0
739	1	313070	1608
740	1	360336	1632
741	0	20247274	0
742	1	170822	751
743	1	344999	1578
744	0	18079173	0
745	0	19909275	0
746	1	487776	2202
747	1	740808	3405
748	0	19251493	0
749	0	18342066	0
750	0	19842166	0
751	0	22431524	0
752	0	18848928	0
753	0	20486375	0
754	0	20192949	0
755	0	19063453	0
756	1	463424	2102
757	0	21465905	0
758	0	22257293	0
759	0	21768996	0
760	1	587283	2675
761	0	22362513	0
762	0	22731687	0
763	0	20744183	0
764	1	714448	3745
765	0	21275737	0
766	0	16011822	0
767	0	19789355	0
768	1	915291	4204
769	0	21859686	0
770	0	21853299	0
771	0	20503131	0
772	1	628548	2868
773	0	20207506	0
774	0	15716729	0
775	0	20359308	0
776	1	276316	1234
777	1	705198	3215
778	0	21952121	0
779	1	684003	3126
780	1	971044	4463
781	0	21037646	0
782	1	620787	2814
783	1	464710	2125
784	0	22557395	0
785	1	983742	4510
786	0	21135661	0
787	0	22362526	0
788	0	22323184	0
789	1	644041	2936
790	1	564469	2584
791	1	228519	1041
792	0	22204573	0
793	0	20514221	0
794	0	22322507	0
795	0	21118939	0
796	0	21724560	0
797	0	15429090	0
798	0	21864608	0
799	0	20450645	0
800	0	22219905	0
801	0	20315437	0
802	0	15466058	0
803	1	66113	275
804	1	1161992	5340
805	1	890803	4084
806	1	541937	2833
807	0	15776299	0
808	0	15689416	0
809	0	19343406	0
810	0	20525994	0
811	0	15757454	0
812	0	20549975	0
813	0	22690060	0
814	0	20812151	0
815	0	15702151	0
816	1	905449	4146
817	0	21430706	0
818	0	21401924	0
819	0	20785558	0
820	0	20137543	0
821	1	490065	2211
822	0	19807838	0
823	1	405528	2018
824	0	20068450	0
825	1	792483	3623
826	0	19808168	0
827	0	20512390	0
828	1	484639	2208
829	1	422955	1937
830	1	154278	695
831	0	22482294	0
832	1	406259	2075
833	0	22995242	0
834	0	20024470	0
835	1	87104	318
836	0	19615849	0
837	0	19487259	0
838	0	20654511	0
839	0	19398601	0
840	1	1240042	5685
841	1	30575	128
842	1	624692	2839
843	0	22014733	0
844	1	201613	892
845	0	18930019	0
846	0	22517179	0
847	0	21545272	0
848	1	843493	3876
849	1	89610	396
850	1	421244	1923
851	1	248906	1069
852	0	17520994	0
853	0	19877896	0
854	0	20474340	0
855	0	20245525	0
856	1	1054503	4857
857	0	18912558	0
858	1	110983	466
859	0	22606494	0
860	1	404085	1836
861	1	351224	1607
862	0	21888776	0
863	0	22077830	0
864	1	1113770	5117
865	0	20467846	0
866	0	20805619	0
867	0	20030587	0
868	0	20945878	0
869	0	20704166	0
870	1	830276	3799
871	1	680666	3121
872	1	355383	1623
873	1	219961	981
874	0	20377880	0
875	1	777503	3568
876	1	442015	2025
877	0	19304678	0
878	0	15338292	0
879	0	19431868	0
880	1	579650	2659
881	1	692667	3176
882	0	18433089	0
883	0	18976537	0
884	1	741682	3399
885	1	152460	691
886	0	19827485	0
887	1	24908	89
888	0	20012220	0
889	1	891168	4105
890	1	758940	3501
891	0	21454657	0
892	0	21514065	0
893	0	19619403	0
894	1	876768	4039
895	1	693878	3203
896	0	20415393	0
897	0	19533985	0
898	0	18946766	0
899	0	19048266	0
900	1	993120	4537
901	0	18810797	0
902	0	19829214	0
903	0	21488729	0
904	1	99828	431
905	0	21229898	0
906	0	19115235	0
907	0	21137722	0
908	1	451436	2068
909	1	262592	1204
910	1	678094	3090
911	0	19593358	0
912	1	846268	4421
913	0	19239332	0
914	0	20842917	0
915	0	19660715	0
916	1	723765	3322
917	1	970472	4478
918	1	523733	2410
919	0	20584142	0
920	0	15674899	0
921	0	18881934	0
922	0	19587020	0
923	1	787514	3642
924	0	21611257	0
925	1	174647	781
926	1	472866	2450
927	1	600762	2772
928	0	19445833	0
929	0	18344723	0
930	0	19513171	0
931	0	18128443	0
932	1	1047852	4856
933	0	19711324	0
934	0	19270126	0
935	1	97418	426
936	0	19278096	0
937	0	19290191	0
938	0	22412838	0
939	1	605176	2753
940	0	19966253	0
941	1	815793	3736
942	1	481215	2215
943	0	18698834	0
944	1	235320	1068
945	0	19345969	0
946	1	524394	2413
947	0	18956001	0
948	0	20421103	0
949	0	19295284	0
950	0	19583141	0
951	1	257177	1332
952	1	89451	400
953	1	764105	3535
954	1	590883	2713
955	0	18859448	0
956	0	18939125	0
957	0	19773125	0
958	1	195513	870
959	1	488284	2246
960	1	149283	675
961	0	18979937	0
962	0	22184132	0
963	0	20500266	0
964	0	20841038	0
965	1	560890	2567
966	1	292105	1497
967	0	21656612	0
968	0	22458731	0
969	1	44467	164
970	0	20250467	0
971	0	19175643	0
972	1	654922	2983
973	1	341731	1568
974	1	36893	157
975	0	21891028	0
976	1	414139	1857
977	0	19532815	0
978	0	19072135	0
979	1	514184	2359
980	0	19500045	0
981	1	374320	1690
982	1	319366	1465
983	0	18694087	0
984	1	127552	572
985	0	22651110	0
986	0	21730196	0
987	1	188174	854
988	0	20052734	0
989	0	22512951	0
990	1	400833	1750
991	1	368430	1916
992	1	63163	260
993	1	895401	4137
994	0	18873154	0
995	0	19657619	0
996	0	19707482	0
997	1	444947	2036
998	0	19078598	0
999	0	19414524	0
1000	1	834201	3852
1001	0	19148117	0
1002	1	185736	806
1003	0	21824783	0
1004	0	15216492	0
1005	0	22484449	0
1006	0	21477181	0
1007	1	638815	2872
1008	0	19199647	0
1009	0	20315285	0
1010	0	18915446	0
1011	1	64823	276
1012	0	19160584	0
1013	0	22413210	0
1014	0	20011013	0
1015	0	20957446	0
1016	0	20751199	0
1017	1	464722	2119
1018	1	394553	1787
1019	0	19707461	0
1020	1	164124	730
1021	0	22514612	0
1022	1	486770	2191
1023	0	20817231	0
1024	0	20876661	0
1025	1	565783	2584
1026	1	579797	3012
1027	1	432431	1974
1028	1	422201	1930
1029	0	19659608	0
1030	0	19738498	0
1031	1	158543	702
1032	1	750478	3431
1033	1	837496	3839
1034	0	22457676	0
1035	0	20413581	0
1036	1	660531	2985
1037	0	22052645	0
1038	0	22448327	0
1039	0	22602435	0
1040	0	22557142	0
1041	0	15728278	0
1042	1	304413	1379
1043	1	486575	2552
1044	1	766302	3503
1045	1	507539	2314
1046	1	284264	1300
1047	0	15614665	0
1048	0	19591121	0
1049	0	19677455	0
1050	0	19319297	0
1051	1	556976	2552
1052	0	18907878	0
1053	0	15917974	0
1054	1	630588	2881
1055	1	295162	1355
1056	0	20167904	0
1057	1	218342	965
1058	1	298342	1363
1059	1	171937	754
1060	1	530485	2436
1061	0	21313412	0
1062	0	22866603	0
1063	0	15559456	0
1064	1	208179	919
1065	0	20535307	0
1066	1	65979	319
1067	1	395338	1818
1068	0	18851388	0
1069	0	18728430	0
1070	1	377907	1719
1071	0	18844127	0
1072	0	18279212	0
1073	1	396302	1820
1074	0	22398086	0
1075	0	20540799	0
1076	0	16925182	0
1077	0	19072087	0
1078	0	20070504	0
1079	1	527583	2416
1080	0	19021681	0
1081	0	21673483	0
1082	0	19721185	0
1083	0	19207350	0
1084	1	1050417	4850
1085	0	18475872	0
1086	1	45089	171
1087	0	18577263	0
1088	1	786709	3603
1089	1	344093	1524
1090	0	20553784	0
1091	1	348072	1594
1092	1	90296	445
1093	0	19313240	0
1094	0	19514371	0
1095	0	18624111	0
1096	0	19208305	0
1097	1	880777	4070
1098	0	19108695	0
1099	1	385857	1722
1100	0	15543990	0
1101	0	22285155	0
1102	0	21735901	0
1103	0	20266892	0
1104	0	21543896	0
1105	1	638609	2928
1106	0	19392588	0
1107	1	228186	1020
1108	0	17970125	0
1109	0	19261155	0
1110	1	842833	3837
1111	1	524077	2394
1112	1	432501	1989
1113	1	455794	2103
1114	0	19227770	0
1115	0	18248162	0
1116	1	1093525	5029
1117	1	504011	2310
1118	0	19007793	0
1119	0	20975248	0
1120	0	15534816	0
1121	0	19865307	0
1122	1	1288479	5922
1123	1	324090	1486
1124	1	605215	2793
1125	0	20396915	0
1126	0	20189246	0
1127	0	19849500	0
1128	1	665678	3056
1129	1	365820	1680
1130	0	22106392	0
1131	0	20796582	0
1132	1	630163	3266
1133	1	547649	2526
1134	1	774780	3567
1135	1	335446	1534
1136	1	578338	2660
1137	0	19122611	0
1138	0	15739367	0
1139	0	19701419	0
1140	1	731641	3811
1141	0	15222419	0
1142	0	19345665	0
1143	0	18757528	0
1144	0	22447450	0
1145	1	399552	1808
1146	0	15149931	0
1147	0	19729042	0
1148	1	101143	440
1149	1	710469	3272
1150	1	194061	866
1151	1	845976	3903
1152	1	11026	35
1153	0	19575820	0
1154	0	18856698	0
1155	0	15562512	0
1156	1	566983	2600
1157	0	19416641	0
1158	0	19452282	0
1159	0	19567822	0
1160	0	15547804	0
1161	0	18925408	0
1162	0	21299611	0
1163	0	17899629	0
1164	0	21244823	0
1165	1	467739	2124
1166	1	403284	1846
1167	0	18848835	0
1168	0	20300926	0
1169	1	618024	2827
1170	0	19264225	0
1171	0	20564461	0
1172	0	19217095	0
1173	1	491049	2247
1174	0	19652717	0
1175	1	391957	1787
1176	0	19201589	0
1177	0	18997192	0
1178	1	469368	2140
1179	1	169124	759
1180	0	19111534	0
1181	1	89195	377
1182	0	20252803	0
1183	1	408555	1867
1184	0	20114127	0
1185	0	19625326	0
1186	1	469854	2438
1187	1	403777	1847
1188	0	19403466	0
1189	0	19019105	0
1190	1	479411	2136
1191	1	284623	1301
1192	1	910529	4189
1193	1	485166	2211
1194	0	18848747	0
1195	1	731596	3351
1196	0	19971215	0
1197	0	19703728	0
1198	0	15670757	0
1199	1	392137	1788
