0 0 16557789
1 1 16022597
2 1 13196210
3 0 16498625
4 1 7235827
5 1 3972909
6 1 14310478
7 0 16507802
8 1 11192962
9 1 3972147
10 0 16578192
11 0 16500284
12 0 16532839
13 1 6963683
14 0 16507550
15 0 16496591
16 0 16491394
17 0 16556969
18 0 16541452
19 1 1261132
20 0 16488631
21 1 11694175
22 1 14176896
23 1 9892938
24 1 4548469
25 1 12870900
26 1 318099
27 1 7197816
28 1 1413772
29 0 16503933
30 1 10318834
31 1 11156042
32 1 13342829
33 1 5961907
34 1 10150837
35 1 6409067
36 1 1943641
37 1 15036802
38 1 13861401
39 1 2612947
40 1 10483747
41 0 16505276
42 0 16514921
43 1 15810057
44 1 149281
45 1 9980118
46 0 16527174
47 0 16506163
48 1 9006944
49 0 16504207
50 1 3853702
51 1 15362626
52 0 16506431
53 0 16518533
54 1 5049308
55 1 1408822
56 1 7574505
57 1 13129227
58 1 162018
59 0 16478831
60 0 16479531
61 0 16508210
62 1 3500292
63 1 6411437
64 0 16505823
65 1 9241778
66 0 16513965
67 1 10051980
68 0 16486423
69 1 4851421
70 0 16498241
71 0 16569860
72 0 16568583
73 1 4427684
74 0 16502125
75 0 16513582
76 0 16499410
77 1 12580146
78 1 4486843
79 1 2026478
80 1 1783484
81 0 16512525
82 1 2696521
83 1 13097186
84 0 16487849
85 0 16570450
86 1 1305804
87 1 9279296
88 1 10791720
89 1 7110724
90 1 7281979
91 0 16525660
92 0 16507507
93 0 16518037
94 1 1295995
95 0 16555086
96 1 11882755
97 1 5179165
98 0 16527713
99 1 16184002
100 0 16505698
101 1 11561477
102 1 1534287
103 1 7343228
104 1 13170222
105 1 3614071
106 0 16510052
107 1 9355569
108 1 359110
109 0 16566111
110 1 13321950
111 1 1077009
112 0 16543137
113 1 9315500
114 0 16488304
115 0 16510299
116 0 16499001
117 0 16500604
118 1 3316516
119 0 16509144
120 1 1212698
121 0 16550717
122 1 637233
123 0 16532013
124 1 5335040
125 1 8866437
126 0 16545699
127 1 10698898
128 1 2179403
129 1 6857983
130 1 1864192
131 0 16527123
132 1 3458397
133 1 11828800
134 1 3854986
135 0 16513368
136 1 4140880
137 0 16499640
138 1 10527262
139 0 16489072
140 1 3392614
141 1 5179946
142 1 9704781
143 1 123584
144 0 16467566
145 1 15436102
146 1 14139995
147 0 16528028
148 1 428834
149 0 16494381
150 0 16520616
151 0 16530243
152 0 16514740
153 0 16578317
154 0 16506344
155 0 16554477
156 0 16501136
157 0 16495924
158 1 5023119
159 1 11658753
160 1 15266745
161 1 8474481
162 0 16517277
163 0 16566554
164 1 1249087
165 1 2965719
166 0 16510912
167 0 16558012
168 1 11044496
169 1 6332485
170 1 267161
171 0 16531811
172 1 457423
173 1 9149090
174 1 1113797
175 1 9077073
176 1 5073496
177 0 16498776
178 0 16525040
179 0 16525049
180 1 4998680
181 1 566504
182 0 16484032
183 0 16573787
184 0 16569803
185 0 16502759
186 1 10442446
187 1 4524943
188 1 7509453
189 0 16533813
190 1 13204536
191 1 7934891
192 1 5994778
193 1 2823557
194 1 2386280
195 0 16516526
196 0 16486114
197 0 16518854
198 1 5392056
199 1 5209441
200 0 16543645
201 0 16518177
202 1 1191777
203 0 16556537
204 1 7998786
205 1 6783666
206 0 16541413
207 1 859491
208 1 4664721
209 0 16493322
210 1 10583523
211 0 16495176
212 0 16515743
213 1 14629088
214 1 7687194
215 1 15134667
216 0 16510527
217 0 16489708
218 0 16509333
219 0 16546369
220 0 16534245
221 0 16482225
222 1 179077
223 1 13922664
224 1 2028727
225 1 9785406
226 1 4625280
227 1 12905900
228 1 1944121
229 1 12504
230 1 4425419
231 1 3749247
232 1 2530705
233 1 10409586
234 1 9613962
235 1 16434628
236 1 9835784
237 0 16524483
238 1 2705137
239 1 8414305
240 1 4753011
241 1 396129
242 1 14532592
243 1 11531937
244 1 12222606
245 0 16537739
246 1 10626545
247 1 3956962
248 1 494282
249 1 5231510
250 1 2014304
251 1 9358299
252 1 414186
253 1 12811720
254 0 16566430
255 1 10638296
256 1 13819134
257 1 11554507
258 0 16535660
259 0 16489746
260 1 1174746
261 1 1153557
262 1 4530801
263 1 13690635
264 1 7475095
265 0 16554318
266 1 10943340
267 0 16534721
268 1 78422
269 1 12918259
270 1 1797417
271 1 6790434
272 1 8341861
273 1 7661043
274 0 16531024
275 0 16494306
276 1 3677777
277 0 16499618
278 1 1877786
279 0 16522213
280 0 16498404
281 1 13627815
282 0 16482046
283 1 16192456
284 1 11930434
285 1 3163938
286 0 16511773
287 0 16556321
288 1 6025001
289 1 644078
290 0 16539753
291 1 9125167
292 1 5650486
293 1 4956973
294 0 16537005
295 1 15002329
296 1 11978418
297 1 4198570
298 1 2094975
299 0 16499697
300 0 16572212
301 1 12097707
302 1 239882
303 1 3424454
304 1 9476170
305 0 16487415
306 0 16483579
307 1 3732547
308 1 890410
309 1 1015092
310 1 9977544
311 1 15399348
312 1 6629036
313 1 2259399
314 1 13488279
315 0 16566720
316 1 11022884
317 1 16407858
318 1 1343062
319 1 8352581
320 1 11501599
321 1 3422383
322 1 2629072
323 0 16529952
324 0 16594965
325 0 16588402
326 1 141799
327 1 982828
328 1 4834849
329 0 16534293
330 1 4163042
331 1 8784429
332 0 16523840
333 1 11469735
334 1 1365106
335 0 16549322
336 1 6715774
337 1 11833061
338 0 16503313
339 1 1166833
340 0 16507911
341 1 16216110
342 0 16518504
343 1 13941442
344 0 16493493
345 0 16528825
346 1 11150976
347 1 12921167
348 0 16550214
349 1 961855
350 1 8638806
351 1 3401355
352 1 13167861
353 1 2680917
354 1 10919463
355 1 8544125
356 1 13863622
357 0 16524004
358 1 3912414
359 0 16553684
360 1 7038313
361 0 16545716
362 1 3846672
363 0 16536489
364 0 16517674
365 0 16592648
366 0 16570744
367 0 16520706
368 1 3785729
369 0 16522075
370 0 16494898
371 0 16489662
372 1 10982091
373 1 4429593
374 1 244095
375 1 13102493
376 0 16575932
377 0 16564663
378 1 1599751
379 1 4471115
380 1 1924105
381 0 16491967
382 0 16493742
383 0 16471757
384 1 4577726
385 0 16491662
386 1 8109067
387 1 6043737
388 1 7349422
389 1 3506425
390 1 16333108
391 0 16510651
392 1 5937441
393 1 10555867
394 1 2153077
395 0 16504617
396 1 6165254
397 1 2591980
398 1 12291930
399 1 5434454
400 0 16559125
401 1 15038480
402 1 12909375
403 1 1049394
404 0 16551076
405 1 2866449
406 0 16534168
407 1 2221436
408 0 16525793
409 0 16479343
410 0 16521595
411 0 16501561
412 1 1564735
413 1 5361194
414 1 7542627
415 1 1544610
416 0 16495215
417 1 3717635
418 1 4262719
419 1 2523164
420 0 16510754
421 0 16528309
422 0 16495705
423 1 5094951
424 1 1221189
425 1 3759900
426 1 9423773
427 0 16480043
428 1 6323947
429 1 4204113
430 1 11550338
431 0 16516097
432 0 16513362
433 1 4081773
434 1 402194
435 1 1558404
436 0 16531815
437 1 13450740
438 1 3821791
439 0 16490730
440 1 534831
441 1 514953
442 0 16486200
443 1 9644177
444 1 6284628
445 0 16495411
446 1 1808528
447 1 4987100
448 1 16148481
449 0 16553346
450 0 16496398
451 1 7550955
452 1 3495583
453 0 16513893
454 1 13048219
455 1 11404165
456 1 44478
457 1 2191701
458 1 261558
459 1 7044106
460 0 16508761
461 1 6242712
462 1 5175934
463 1 8130322
464 0 16535601
465 0 16519427
466 1 7852891
467 1 2499984
468 1 726759
469 1 5654675
470 0 16509075
471 0 16521472
472 1 7331395
473 1 3542829
474 0 16519523
475 1 16137132
476 0 16535808
477 1 15301565
478 1 13792380
479 1 10316101
480 0 16506411
481 1 7488822
482 0 16482596
483 1 2508035
484 1 5053993
485 1 7755810
486 1 5991351
487 0 16583011
488 1 2508935
489 0 16571826
490 1 1134171
491 1 8592837
492 0 16531941
493 0 16514708
494 0 16543431
495 1 3109255
496 1 141085
497 0 16521753
498 1 5763983
499 0 16513687
500 1 15214181
501 1 3158856
502 1 4947643
503 1 2235737
504 1 10029983
505 0 16503459
506 1 10027163
507 1 8878136
508 1 8425358
509 1 8067521
510 1 639386
511 1 1031143
512 1 3719453
513 1 1212145
514 1 6678591
515 1 1741629
516 1 2279322
517 1 1512673
518 1 12495150
519 0 16536148
520 1 5087243
521 1 566121
522 0 16513959
523 1 13359836
524 0 16543478
525 1 1827872
526 0 16541518
527 1 5491204
528 0 16512881
529 0 16517270
530 0 16541513
531 1 5933103
532 0 16539827
533 1 4574846
534 1 354464
535 1 9637490
536 1 4461180
537 0 16497536
538 1 15494412
539 0 16496072
540 1 6637164
541 1 1394048
542 1 13005064
543 1 3227604
544 1 666631
545 0 16516175
546 0 16489426
547 1 390896
548 1 10593061
549 1 1697721
550 1 9744586
551 1 11621261
552 0 16521001
553 1 3049376
554 1 463602
555 1 2994470
556 1 605899
557 1 8456756
558 0 16484247
559 1 3686619
560 1 466811
561 1 9532432
562 0 16552510
563 1 13978045
564 1 467058
565 1 13297632
566 0 16521826
567 0 16478420
568 1 1262558
569 1 4648085
570 0 16483264
571 1 8431962
572 1 3950288
573 1 8948623
574 0 16500592
575 1 15886272
576 0 16515726
577 1 912035
578 1 3021614
579 1 8140257
580 1 5935758
581 1 7117309
582 1 1594522
583 1 2504327
584 1 5792743
585 1 13756986
586 0 16498423
587 1 1332235
588 1 158149
589 1 13679714
590 0 16521253
591 1 5786359
592 1 10023200
593 1 478053
594 0 16502274
595 1 12773207
596 1 1205825
597 1 1208967
598 1 6546644
599 1 1728184
600 1 2332488
601 0 16501012
602 0 16549221
603 0 16538029
604 1 5578571
605 1 1196125
606 1 293475
607 1 2933630
608 1 3509321
609 0 16507868
610 1 1829262
611 0 16563282
612 1 5916423
613 0 16520911
614 0 16528191
615 0 16564150
616 1 2286440
617 1 6297959
618 1 2454642
619 1 1074134
620 1 885753
621 1 7148518
622 1 13245810
623 1 2306695
624 1 855589
625 1 14122397
626 1 2121827
627 1 3886053
628 0 16524651
629 0 16505137
630 0 16513650
631 1 7419346
632 1 4981405
633 1 6774408
634 1 16160412
635 0 16533045
636 1 13365656
637 1 15348075
638 1 10792440
639 1 1875884
640 0 16510409
641 1 4277203
642 0 16497350
643 1 14422791
644 1 3684257
645 1 13887889
646 0 16551737
647 1 1042761
648 1 10812010
649 0 16508239
650 0 16538047
651 0 16511910
652 1 10301467
653 0 16491780
654 1 3002601
655 1 9222638
656 1 943788
657 1 2377740
658 0 16501956
659 0 16536825
660 1 10898215
661 1 130507
662 1 13861802
663 1 5917048
664 0 16528494
665 1 1217652
666 1 7180384
667 1 10081793
668 1 5463951
669 0 16552537
670 1 2660530
671 1 1374635
672 1 9641158
673 0 16495721
674 1 3281298
675 1 15726388
676 0 16510015
677 1 1968357
678 1 2897844
679 0 16567903
680 1 2339275
681 1 12443182
682 0 16659103
683 0 16522217
684 0 16545439
685 0 16584354
686 1 14730869
687 1 4362028
688 1 5405024
689 0 16573623
690 1 1708522
691 1 5836880
692 0 16503934
693 0 16555478
694 1 2013104
695 0 16526743
696 0 16502649
697 1 3711992
698 1 750422
699 0 16538530
700 1 1799172
701 1 12293082
702 1 11801661
703 1 569988
704 1 5803618
705 1 15370873
706 1 6047791
707 1 5499724
708 0 16520121
709 1 4819074
710 0 16530015
711 0 16505378
712 1 5330482
713 1 8775364
714 1 5275278
715 1 4922948
716 1 10941412
717 1 16168814
718 1 16252869
719 0 16504762
720 1 15364347
721 0 16506706
722 1 11248094
723 1 5436400
724 1 13794445
725 1 1079463
726 1 6207446
727 0 16540332
728 1 13104426
729 1 11347183
730 0 16510960
731 1 7160944
732 0 16518677
733 0 16482023
734 1 11619691
735 0 16475603
736 1 2918499
737 1 2216217
738 0 16484704
739 0 16536907
740 1 9184817
741 1 2503153
742 1 3733315
743 0 16494787
744 0 16530372
745 1 191852
746 0 16529896
747 1 2628806
748 1 4368615
749 1 7813480
750 1 8412432
751 0 16533659
752 1 13416269
753 0 16501997
754 1 11811741
755 0 16517601
756 1 9775108
757 1 10592068
758 1 6914578
759 0 16497878
760 1 15015051
761 0 16481252
762 1 431390
763 0 16561972
764 0 16528959
765 0 16517602
766 0 16485461
767 1 10897260
768 1 1047934
769 0 16552852
770 0 16486816
771 0 16501772
772 1 15079095
773 1 10911022
774 0 16514231
775 0 16528450
776 0 16528842
777 1 14953716
778 1 14251114
779 1 14914641
780 1 1641992
781 0 16549124
782 0 16509582
783 0 16519811
784 1 11620402
785 1 9248124
786 0 16510154
787 1 15539966
788 1 14948170
789 0 16501906
790 1 2379161
791 1 192627
792 0 16524002
793 1 5031778
794 1 11875289
795 1 2410788
796 1 4743684
797 0 16513860
798 0 16544573
799 1 3259676
800 0 16523774
801 1 11748910
802 0 16502439
803 0 16499641
804 1 6375155
805 1 3562195
806 1 3983984
807 0 16544085
808 1 6313162
809 1 6256327
810 0 16484514
811 1 431871
812 1 11171406
813 1 11823845
814 0 16534906
815 0 16515404
816 0 16498624
817 1 10736833
818 0 16527652
819 0 16551660
820 0 16522987
821 1 2045920
822 1 4101449
823 0 16531328
824 1 14248236
825 0 16505652
826 1 12213164
827 1 9353231
828 0 16515082
829 1 7781224
830 1 15644738
831 1 1683654
832 1 5101773
833 0 16487827
834 0 16518403
835 1 2687062
836 1 8628733
837 1 4660994
838 0 16527826
839 0 16517667
840 1 4214719
841 0 16524030
842 0 16533806
843 0 16530801
844 1 5106581
845 0 16520067
846 1 3123816
847 1 4097268
848 1 2548238
849 1 8973327
850 1 6083443
851 1 4180013
852 1 6511898
853 1 9956166
854 0 16535051
855 1 9138902
856 0 16539802
857 0 16522816
858 0 16507617
859 0 16521906
860 1 9941142
861 1 4083331
862 1 12831005
863 0 16509818
864 1 7532193
865 1 8336198
866 0 16490443
867 0 16494900
868 1 2733576
869 1 2285917
870 1 5358477
871 0 16474513
872 1 3649906
873 0 16501669
874 1 14065981
875 0 16491773
876 1 8906838
877 0 16492202
878 1 8309879
879 1 7457738
880 1 2651510
881 1 6303350
882 1 1027804
883 0 16502170
884 0 16484189
885 1 10676972
886 0 16495972
887 1 2519123
888 1 2680938
889 1 7052715
890 0 16490053
891 0 16532826
892 1 1457269
893 0 16536790
894 1 11067204
895 0 16532532
896 1 1700358
897 1 2579462
898 1 6374590
899 1 6411863
900 1 4482387
901 1 10032989
902 0 16517716
903 1 6807310
904 1 5582519
905 1 9262228
906 1 489137
907 1 12481864
908 0 16528614
909 1 16054390
910 1 5553139
911 1 4514899
912 0 16552466
913 1 15774285
914 1 2065369
915 1 6973767
916 0 16549396
917 0 16496868
918 1 4883479
919 1 1738151
920 0 16509151
921 0 16500530
922 1 10544892
923 0 16491826
924 1 8085284
925 0 16515845
926 1 9261272
927 1 10083814
928 1 12779118
929 0 16495893
930 1 1199156
931 1 13341275
932 1 6703082
933 0 16532068
934 1 3297086
935 0 16523381
936 1 1104841
937 1 2634096
938 1 11151510
939 0 16517161
940 1 12658496
941 0 16508890
942 1 12818390
943 1 677597
944 0 16550667
945 0 16517964
946 1 5000848
947 1 1433285
948 0 16536693
949 0 16555307
950 1 5228849
951 0 16534213
952 1 9389593
953 1 1203437
954 0 16540775
955 1 1406097
956 1 7106417
957 0 16504426
958 1 10013484
959 0 16555212
960 1 3404525
961 1 1519512
962 1 15494621
963 0 16544559
964 1 682093
965 1 6043870
966 1 3364359
967 0 16535060
968 1 13249052
969 1 807872
970 1 4592576
971 0 16539941
972 0 16495523
973 1 15550034
974 1 8116126
975 0 16515729
976 1 11850893
977 1 6034158
978 1 1414282
979 1 4644761
980 0 16481896
981 1 7740263
982 1 12967076
983 0 16542572
984 1 11757527
985 1 3096915
986 0 16527859
987 1 2244916
988 1 7208514
989 0 16490445
990 0 16513412
991 1 886411
992 0 16514255
993 0 16500337
994 1 13301054
995 1 5740015
996 1 1057162
997 0 16524034
998 1 1634890
999 0 16517425
1000 1 13821441
1001 1 4891987
1002 1 636848
1003 0 16606165
1004 0 16588437
1005 1 6591266
1006 0 16590197
1007 1 1713214
1008 0 16619241
1009 1 35221
1010 1 3057114
1011 1 2579020
1012 1 9384
1013 0 16521087
1014 0 16565163
1015 0 16522392
1016 1 6579108
1017 0 16518815
1018 0 16521907
1019 0 16527474
1020 1 1000521
1021 1 15662860
1022 1 2079881
1023 0 16617568
1024 1 14935483
1025 1 1849940
1026 1 10289698
1027 1 11619145
1028 1 14743920
1029 0 16527942
1030 1 5123024
1031 0 16573557
1032 1 16114880
1033 1 5927974
1034 1 3506103
1035 1 11280535
1036 0 16531758
1037 1 3744965
1038 0 16550392
1039 1 13447622
1040 1 12138340
1041 1 4459100
1042 1 11926358
1043 0 16538964
1044 1 3397351
1045 1 647159
1046 0 16525836
1047 1 14923859
1048 1 5891573
1049 1 15076786
1050 1 276905
1051 0 16535521
1052 1 5637771
1053 1 8614910
1054 1 6477575
1055 1 3209721
1056 0 16535931
1057 1 4771575
1058 1 13166482
1059 1 1713951
1060 1 1228133
1061 1 10480359
1062 1 3858034
1063 1 12821488
1064 1 12156744
1065 0 16522739
1066 1 2978213
1067 1 3633740
1068 0 16563420
1069 1 7038940
1070 1 2476621
1071 0 16564473
1072 0 16548294
1073 0 16565966
1074 1 13214441
1075 1 12121107
1076 1 12818900
1077 1 661454
1078 1 10191576
1079 0 16528269
1080 0 16522551
1081 1 5437841
1082 0 16536297
1083 1 6797935
1084 0 16516419
1085 1 2242264
1086 0 16532200
1087 1 7011475
1088 1 13849628
1089 0 16565839
1090 1 607219
1091 1 12565807
1092 1 8251018
1093 1 14125016
1094 0 16575646
1095 1 13268174
1096 1 9762212
1097 1 8022172
1098 1 3755236
1099 1 4206310
1100 0 16605105
1101 0 16535085
1102 0 16555065
1103 1 6589848
1104 1 159226
1105 0 16584916
1106 1 6863893
1107 1 7609315
1108 1 1010840
1109 1 11454456
1110 1 8720970
1111 0 16525454
1112 0 16536506
1113 1 234803
1114 1 11482595
1115 1 1177506
1116 1 15830745
1117 1 6274561
1118 1 2335127
1119 1 11506148
1120 1 12324853
1121 1 8195318
1122 1 286247
1123 1 8768585
1124 0 16605072
1125 1 2163010
1126 0 16648624
1127 1 10899940
1128 1 6154084
1129 0 16559824
1130 0 16577936
1131 0 16569908
1132 0 16555231
1133 1 12612860
1134 1 3502696
1135 1 4590220
1136 0 16581559
1137 1 11141085
1138 0 16589160
1139 1 10492474
1140 1 12983204
1141 1 2465834
1142 1 10578812
1143 1 6401353
1144 1 12357758
1145 0 16607383
1146 1 15338072
1147 1 6359525
1148 1 9847727
1149 1 9606387
1150 1 1904305
1151 1 3649861
1152 1 11307664
1153 0 16627304
1154 1 7775346
1155 0 16580493
1156 1 1393657
1157 1 11766210
1158 0 16585317
1159 1 8074008
1160 1 4630483
1161 1 11479662
1162 1 11259583
1163 1 3006858
1164 1 5950807
1165 0 16523559
1166 0 16520301
1167 1 6341133
1168 0 16523496
1169 0 16527004
1170 1 5453820
1171 0 16539165
1172 1 9495083
1173 0 16540268
1174 0 16529054
1175 0 16542239
1176 0 16552127
1177 1 4929173
1178 0 16591095
1179 0 16524263
1180 1 1483650
1181 1 9387081
1182 0 16544050
1183 0 16574339
1184 1 5974709
1185 1 12303492
1186 1 5687990
1187 0 16560058
1188 1 1867933
1189 0 16594733
1190 1 9639468
1191 0 16549134
1192 1 12689579
1193 1 4560655
1194 1 11331402
1195 1 5404180
1196 1 7269275
1197 1 16053691
1198 1 16391246
1199 0 16541558
1200 0 16544145
1201 1 663556
1202 0 16552363
1203 0 16533021
1204 1 6742415
1205 0 16585355
1206 0 16618279
1207 1 15481304
1208 0 16538936
1209 1 3206212
1210 1 3346300
1211 0 16571898
1212 1 8865507
1213 1 3352443
1214 0 16563269
1215 0 16549676
1216 1 8440880
1217 1 5168916
1218 1 14418095
1219 0 16749416
1220 1 2056159
1221 1 2785690
1222 0 16636832
1223 1 728303
1224 0 16557307
1225 1 5150114
1226 1 3343004
1227 1 3025176
1228 0 16571658
1229 1 1793169
1230 1 2727405
1231 1 12382932
1232 1 3885579
1233 1 6594150
1234 0 16557498
1235 0 16534760
1236 1 4099862
1237 0 16527216
1238 1 2534696
1239 1 1216781
1240 1 4506472
1241 0 16531486
1242 0 16530122
1243 1 12154339
1244 1 1956552
1245 1 679390
1246 1 1563196
1247 1 316789
1248 0 16592260
1249 1 9458769
1250 1 16097925
1251 1 15329816
1252 0 16569040
1253 1 1673027
1254 0 16570251
1255 1 6789215
1256 1 2706757
1257 0 16593457
1258 0 16556481
1259 1 8492831
1260 1 8971376
1261 1 8003972
1262 1 5884554
1263 1 11336685
1264 0 16539954
1265 0 16543598
1266 1 3714451
1267 1 2345299
1268 1 438314
1269 1 6497055
1270 0 16586657
1271 0 16527396
1272 1 4949000
1273 1 6517955
1274 1 14913675
1275 1 9669986
1276 1 6372460
1277 1 16226543
1278 1 4027687
1279 1 5849333
1280 1 12121778
1281 1 2033475
1282 1 10585251
1283 1 9725166
1284 1 4896726
1285 1 15928803
1286 0 16585934
1287 1 4322185
1288 1 2778731
1289 0 16585043
1290 1 3229338
1291 1 2081531
1292 0 16573422
1293 1 8394323
1294 1 13416599
1295 1 108470
1296 1 10394550
1297 1 44431
1298 1 944221
1299 1 11398368
1300 1 10066361
1301 0 16612886
1302 1 811138
1303 0 16612093
1304 1 11508867
1305 0 16561632
1306 1 12353622
1307 1 120304
1308 1 10664315
1309 1 1444568
1310 0 16631350
1311 1 2287265
1312 0 16590091
1313 0 16539406
1314 0 16551466
1315 1 6039636
1316 0 16545637
1317 0 16548286
1318 1 14957162
1319 1 3384703
1320 1 206233
1321 1 10128714
1322 0 16519069
1323 1 6359807
1324 0 16527186
1325 1 3437988
1326 1 10083144
1327 1 587104
1328 1 16473548
1329 1 9272396
1330 1 4880128
1331 1 10866861
1332 1 4722570
1333 0 16598661
1334 1 15333505
1335 1 8625282
1336 0 16557582
1337 0 16595481
1338 1 2604915
1339 1 11533374
1340 1 4678548
1341 0 16545992
1342 1 11486352
1343 1 1370622
1344 1 943853
1345 1 12381845
1346 1 9172899
1347 1 6073318
1348 0 16567255
1349 1 1889541
1350 0 16685466
1351 1 10824185
1352 1 4615131
1353 1 96868
1354 1 7345483
1355 1 5287167
1356 0 16606442
1357 0 16643618
1358 0 16648629
1359 1 10028374
1360 1 123259
1361 1 13981083
1362 1 15408937
1363 1 1740593
1364 1 15145023
1365 0 16555693
1366 1 8112740
1367 0 16538326
1368 1 6844326
1369 1 10240371
1370 1 5643653
1371 0 16509943
1372 0 16487804
1373 0 16535558
1374 1 1499614
1375 0 16534465
1376 0 16534968
1377 1 12816912
1378 1 831216
1379 0 16555918
1380 1 4916929
1381 1 1903101
1382 1 3821944
1383 1 5312497
1384 1 3355056
1385 0 16634416
1386 0 16613503
1387 1 12151468
1388 0 16587368
1389 0 16610565
1390 1 8567863
1391 1 11241753
1392 1 3868415
1393 1 6410094
1394 1 6192914
1395 1 12018905
1396 1 3514351
1397 1 3771079
1398 1 14168588
1399 1 4431884
1400 1 4063152
1401 1 2768490
1402 1 4180980
1403 1 9803914
1404 1 4246733
1405 0 16578622
1406 0 16507193
1407 1 1886707
1408 1 14656665
1409 1 10827544
1410 1 5267872
1411 1 1389113
1412 0 16576579
1413 0 16567785
1414 0 16560318
1415 1 3765103
1416 0 16596633
1417 0 16535851
1418 0 16588158
1419 1 12029611
1420 0 16580042
1421 1 2294422
1422 1 10092657
1423 0 16586342
1424 0 16607872
1425 1 11465070
1426 1 3997328
1427 0 16563315
1428 0 16521675
1429 1 3836134
1430 1 12739707
1431 1 3078251
1432 1 4757447
1433 0 16524205
1434 1 192351
1435 1 14034134
1436 1 689460
1437 1 4865498
1438 1 9847506
1439 1 13920846
1440 1 854481
1441 0 16561984
1442 1 4073083
1443 1 13300355
1444 1 15117434
1445 1 14138453
1446 0 16535407
1447 1 2076684
1448 1 1640939
1449 1 6205471
1450 1 7273392
1451 1 917153
1452 1 8123956
1453 0 16571391
1454 0 16543691
1455 0 16558702
1456 1 4631767
1457 1 13138366
1458 1 2384902
1459 1 1961564
1460 1 92110
1461 1 10493555
1462 1 7738042
1463 1 6618382
1464 0 16534417
1465 0 16577575
1466 0 16573514
1467 1 2404514
1468 1 7972694
1469 1 5307696
1470 1 3757940
1471 1 13273854
1472 0 16586136
1473 1 2892809
1474 0 16580596
1475 1 5623643
1476 1 10505287
1477 0 16549023
1478 1 11060586
1479 1 2277467
1480 1 4233944
1481 0 16546476
1482 1 9755208
1483 1 13057783
1484 1 13885000
1485 1 5919710
1486 1 951545
1487 0 16571608
1488 1 3536295
1489 1 7534944
1490 1 3406567
1491 0 16556665
1492 0 16550697
1493 1 8655707
1494 0 16555466
1495 1 10111383
1496 1 7441806
1497 1 3352594
1498 1 255011
1499 1 2681027
1500 0 16516143
1501 1 6188909
1502 1 11643168
1503 1 4044101
1504 1 7053157
1505 0 16581135
1506 1 2914494
1507 1 13461767
1508 1 4069858
1509 1 12401389
1510 0 16530163
1511 1 3172545
1512 0 16550826
1513 1 8809736
1514 1 229848
1515 0 16517557
1516 0 16523138
1517 0 16581563
1518 1 10767109
1519 0 16551952
1520 1 3433406
1521 1 4961340
1522 1 13408999
1523 0 16558376
1524 1 4044598
1525 0 16537877
1526 1 1377246
1527 1 1394344
1528 0 16561736
1529 0 16556882
1530 0 16562943
1531 1 5515613
1532 0 16608647
1533 0 16577765
1534 1 11735791
1535 1 1261408
1536 1 12475998
1537 1 14468902
1538 1 7398313
1539 1 1560285
1540 1 10413823
1541 1 9509310
1542 0 16548360
1543 0 16541990
1544 1 226427
1545 0 16615775
1546 0 16532242
1547 1 5506898
1548 1 5881310
1549 1 12201495
1550 1 3269320
1551 1 11297574
1552 1 1233312
1553 1 7997372
1554 0 16546646
1555 1 6316130
1556 1 7718999
1557 1 772754
1558 1 10394198
1559 1 10262170
1560 1 5907759
1561 1 156229
1562 1 4646030
1563 0 16537494
1564 0 16550437
1565 1 490829
1566 1 15269135
1567 1 4220331
1568 1 6666315
1569 1 11163885
1570 1 1635541
1571 0 16516326
1572 1 12173084
1573 1 5835509
1574 0 16539466
1575 1 3405943
1576 1 7664915
1577 1 4986133
1578 0 16548435
1579 0 16608095
1580 1 3611935
1581 1 10262825
1582 1 10306694
1583 1 4225101
1584 1 15324251
1585 1 2712311
1586 1 4736076
1587 1 16124312
1588 0 16561112
1589 1 6072741
1590 1 10473168
1591 0 16518964
1592 1 5729263
1593 0 16738089
1594 0 16535750
1595 1 5419436
1596 1 4376252
1597 1 5478547
1598 1 13150847
1599 0 16553311
1600 1 12748973
1601 0 16552824
1602 0 16531269
1603 1 211468
1604 1 3583302
1605 0 16546800
1606 1 9537878
1607 1 586987
1608 1 8987170
1609 1 557921
1610 1 5777909
1611 1 3798142
1612 1 13115445
1613 0 16513917
1614 1 15641273
1615 0 16518298
1616 0 16549246
1617 1 2667645
1618 1 7901489
1619 1 1739510
1620 0 16510378
1621 1 2291577
1622 1 1597415
1623 1 3098553
1624 1 10788321
1625 1 13933287
1626 0 16544539
1627 0 16533382
1628 1 14762753
1629 0 16568490
1630 1 224738
1631 1 10502533
1632 0 16583844
1633 0 16586630
1634 1 6500218
1635 1 5931530
1636 0 16622828
1637 1 665834
1638 0 16593078
1639 0 16568287
1640 1 2298982
1641 0 16556287
1642 1 4071350
1643 1 12712634
1644 1 5426188
1645 1 3138427
1646 1 619118
1647 1 5821973
1648 0 16523682
1649 1 14736172
1650 1 7782175
1651 1 3478828
1652 0 16508742
1653 1 6892142
1654 1 1631061
1655 1 1705048
1656 0 16612693
1657 1 5487314
1658 0 16557742
1659 0 16575923
1660 0 16525293
1661 1 1242846
1662 0 16531046
1663 0 16532587
1664 0 16567801
1665 1 2599730
1666 0 16539128
1667 1 10596453
1668 1 6057857
1669 1 1341392
1670 1 2750552
1671 0 16578155
1672 0 16622671
1673 1 394768
1674 1 16236815
1675 1 7838344
1676 1 5710267
1677 0 16564962
1678 0 16642010
1679 0 16670827
1680 1 743951
1681 0 16564291
1682 1 11080727
1683 0 16577838
1684 1 6833071
1685 1 11742837
1686 1 9046791
1687 1 11266469
1688 0 16517894
1689 0 16537698
1690 1 11891840
1691 1 10920394
1692 1 3858200
1693 1 1508956
1694 0 16531516
1695 1 1079374
1696 1 3284329
1697 1 13481917
1698 1 15121974
1699 1 509832
1700 1 15097644
1701 0 16581396
1702 0 16531314
1703 1 4674823
1704 1 10770122
1705 1 4417539
1706 1 9098475
1707 1 2659313
1708 0 16539930
1709 1 10337853
1710 0 16544339
1711 0 16637035
1712 1 4303630
1713 0 16567337
1714 1 5070381
1715 1 10790132
1716 1 5109938
1717 1 2998066
1718 1 6928839
1719 0 16575182
1720 1 341340
1721 1 12850910
1722 1 1698182
1723 1 8485072
1724 1 498609
1725 1 5360802
1726 1 9804875
1727 1 8683722
1728 0 16526848
1729 0 16534628
1730 1 14746795
1731 1 888957
1732 1 16215610
1733 0 16550596
1734 0 16589086
1735 1 7412436
1736 1 15665730
1737 1 9609145
1738 0 16600524
1739 0 16601937
1740 0 16592935
1741 1 1804175
1742 1 11552053
1743 0 16541510
1744 0 16519403
1745 0 16559024
1746 1 10979186
1747 0 16602338
1748 1 15732504
1749 0 16591965
1750 1 5691340
1751 1 806608
1752 1 361852
1753 0 16543843
1754 0 16519963
1755 0 16548857
1756 0 16538765
1757 0 16580039
1758 1 9929498
1759 1 4461689
1760 0 16546539
1761 0 16616326
1762 1 543326
1763 1 13171702
1764 1 13923246
1765 1 5261736
1766 1 6850185
1767 1 13229571
1768 1 11007800
1769 1 2768401
1770 1 1832916
1771 0 16614262
1772 1 3316178
1773 0 16558421
1774 1 3095487
1775 1 13622711
1776 1 8946728
1777 1 347499
1778 0 16614592
1779 1 13476677
1780 0 16577878
1781 1 10084210
1782 0 16571398
1783 0 16566319
1784 1 223321
1785 0 16571938
1786 0 16558190
1787 0 16569332
1788 1 3032906
1789 1 4685933
1790 0 16567437
1791 1 6531766
1792 1 14372523
1793 1 10052328
1794 0 16511772
1795 0 16566393
1796 1 3144219
1797 1 4930949
1798 1 10643788
1799 1 11055355
1800 1 13181865
1801 0 16518506
1802 1 10903866
1803 0 16564067
1804 1 15989472
1805 1 11239702
1806 0 16555841
1807 1 13487343
1808 0 16610510
1809 1 9368686
1810 1 8969928
1811 1 7099995
1812 1 3854681
1813 1 2607163
1814 0 16580292
1815 1 15051909
1816 1 8217374
1817 1 876496
1818 0 16552028
1819 0 16532055
1820 0 16539923
1821 1 14630383
1822 0 16577171
1823 1 10083973
1824 1 6258050
1825 0 16530891
1826 0 16563726
1827 1 6930199
1828 1 12287128
1829 0 16617953
1830 0 16578322
1831 1 15529023
1832 0 16578204
1833 0 16533185
1834 0 16556710
1835 0 16573397
1836 0 16563205
1837 1 6433780
1838 0 16547616
1839 1 8741116
1840 0 16528382
1841 1 1084373
1842 1 430049
1843 1 12632899
1844 0 16543386
1845 1 2928660
1846 0 16508006
1847 0 16547178
1848 1 9288194
1849 1 3954778
1850 0 16529889
1851 0 16516908
1852 0 16531070
1853 1 4642644
1854 1 6496650
1855 0 16523542
1856 0 16534320
1857 1 4761943
1858 1 5296561
1859 1 14796781
1860 1 3387532
1861 1 519775
1862 0 16524011
1863 1 7937569
1864 1 13773690
1865 0 16607472
1866 1 15221271
1867 0 16607710
1868 0 16554397
1869 1 3090695
1870 1 204825
1871 1 11400556
1872 0 16544895
1873 0 16536496
1874 0 16556158
1875 1 12623757
1876 0 16568232
1877 0 16593923
1878 1 5752
1879 1 4884279
1880 1 2356660
1881 1 15562587
1882 1 9433536
1883 1 12231107
1884 1 7554626
1885 0 16571536
1886 1 5818846
1887 1 4663145
1888 1 8643581
1889 1 13237278
1890 1 9096002
1891 1 13356892
1892 1 275224
1893 1 8980380
1894 0 16554980
1895 0 16519949
1896 1 9990981
1897 0 16523313
1898 1 10733908
1899 1 598168
1900 0 16593199
1901 1 2539767
1902 1 1384504
1903 0 16616033
1904 1 13687795
1905 1 7250862
1906 0 16551033
1907 0 16530494
1908 0 16545909
1909 0 16570306
1910 1 15241002
1911 0 16537366
1912 1 1531441
1913 1 7958843
1914 0 16542562
1915 0 16572854
1916 0 16530815
1917 0 16542588
1918 0 16528563
1919 1 4264290
1920 0 16541137
1921 1 9793405
1922 1 11831084
1923 0 16592506
1924 1 7873324
1925 0 16583045
1926 1 2644129
1927 0 16597886
1928 0 16547731
1929 1 8267893
1930 1 2000724
1931 0 16587681
1932 1 6849796
1933 0 16573956
1934 0 16709566
1935 1 1615849
1936 1 43200
1937 1 6437543
1938 1 680663
1939 1 10520478
1940 1 10832928
1941 1 5427473
1942 0 16574874
1943 1 9646934
1944 1 15396448
1945 1 6150702
1946 0 16563141
1947 1 610130
1948 0 16563832
1949 1 7213149
1950 1 5125872
1951 1 15631316
1952 1 1362302
1953 0 16578079
1954 1 7511799
1955 1 11800267
1956 1 3909876
1957 1 4558968
1958 0 16553672
1959 1 9371944
1960 1 8144636
1961 1 11198457
1962 1 4094755
1963 0 16554402
1964 1 12692183
1965 1 4123560
1966 0 16637009
1967 0 16583697
1968 1 15554823
1969 1 3916912
1970 1 7272552
1971 0 16525435
1972 1 2587213
1973 1 1540244
1974 0 16507571
1975 1 5394768
1976 0 16546531
1977 1 12302932
1978 1 4717028
1979 0 16579001
1980 1 931895
1981 1 3122896
1982 1 1561543
1983 1 2309108
1984 1 1271809
1985 0 16604136
1986 1 11104574
1987 1 11634085
1988 1 4940402
1989 1 275452
1990 1 16381290
1991 1 15937
1992 0 16514657
1993 1 3593982
1994 1 5460030
1995 1 2984146
1996 1 4596248
1997 0 16538675
1998 1 13973529
1999 0 16597130
