0 1 6049544
1 0 16496600
2 1 2000675
3 0 16550699
4 0 16547306
5 0 16487022
6 0 16526334
7 0 16512917
8 1 3199675
9 0 16519357
10 0 16502380
11 1 8983516
12 0 16521833
13 0 16526377
14 1 298242
15 1 2614929
16 1 1656779
17 1 9437738
18 1 8454394
19 1 8919816
20 1 15197281
21 1 90259
22 1 13748003
23 1 6160471
24 1 2765198
25 1 10049171
26 1 5695014
27 0 16534863
28 1 976216
29 1 7474498
30 1 9259363
31 1 5236045
32 1 7311201
33 0 16492017
34 1 1210218
35 1 14085425
36 0 16504525
37 1 12769799
38 0 16491538
39 0 16520350
40 1 5057018
41 0 16486391
42 0 16492938
43 1 4979227
44 0 16502648
45 1 155830
46 1 3163074
47 1 2590553
48 0 16525626
49 1 13953066
50 1 6339761
51 1 11388722
52 1 9118568
53 0 16521559
54 1 1677981
55 1 14720015
56 0 16547243
57 1 669727
58 1 7533792
59 0 16558533
60 1 5177951
61 0 16521536
62 0 16576755
63 0 16505782
64 1 10294815
65 1 246570
66 1 4686707
67 1 2505952
68 1 3896271
69 1 9962330
70 1 10349413
71 0 16530130
72 1 2345035
73 1 12589690
74 1 13964262
75 1 13638488
76 0 16486689
77 1 5196324
78 1 9373658
79 0 16494178
80 0 16503196
81 0 16499078
82 0 16488716
83 0 16494891
84 1 7324174
85 1 8641688
86 0 16494354
87 1 12258625
88 1 15933083
89 0 16484331
90 1 1040329
91 1 1583339
92 0 16545268
93 1 7188070
94 1 89012
95 1 4277108
96 1 2885373
97 1 2410664
98 1 3797384
99 1 8237484
100 0 16531786
101 1 14614117
102 1 12072023
103 1 2717728
104 0 16492168
105 0 16550211
106 1 10796502
107 0 16689668
108 1 14750144
109 1 760552
110 1 5016236
111 1 5220654
112 1 9727319
113 1 7665447
114 1 542532
115 0 16509130
116 1 14683493
117 1 5085428
118 0 16516006
119 1 12675629
120 1 12690545
121 1 1797973
122 0 16486974
123 0 16487140
124 1 7747342
125 1 10551850
126 1 7755026
127 0 16550036
128 1 1010215
129 1 2580608
130 1 15237302
131 1 2434558
132 1 9075592
133 1 11292436
134 1 8528742
135 1 60823
136 1 3737622
137 0 16509690
138 1 14169755
139 1 1057729
140 1 13891635
141 1 10264087
142 1 11565278
143 0 16490035
144 0 16505457
145 1 7583677
146 0 16505532
147 1 2078479
148 1 9730598
149 1 11914149
150 1 7639174
151 1 7862548
152 0 16513719
153 1 3699855
154 1 5209018
155 1 5761112
156 1 6882388
157 0 16525460
158 1 6308656
159 0 16520152
160 1 14716812
161 0 16497263
162 0 16504432
163 0 16494696
164 0 16514351
165 1 8215602
166 1 352365
167 0 16559655
168 0 16558387
169 1 184618
170 0 16526903
171 1 5603885
172 1 2965747
173 0 16519649
174 1 9884489
175 1 12366951
176 1 3939949
177 1 4685027
178 1 12101353
179 1 2738747
180 0 16524701
181 1 8747777
182 1 379369
183 1 7383519
184 1 6796433
185 0 16546985
186 0 16555449
187 1 4493812
188 1 314218
189 1 8213728
190 1 3085383
191 1 3064904
192 1 5037233
193 1 6892881
194 0 16495834
195 0 16498898
196 1 7436020
197 0 16490401
198 0 16506713
199 1 14471726
200 1 1584504
201 1 1995918
202 1 3290561
203 0 16520149
204 1 7169524
205 1 10732134
206 0 16535636
207 1 1130638
208 1 2370311
209 0 16566397
210 1 3742564
211 1 8949132
212 1 3341310
213 1 8604640
214 0 16554404
215 0 16522761
216 1 4505690
217 1 656814
218 1 587090
219 1 3119080
220 0 16495000
221 0 16506217
222 0 16493075
223 0 16532391
224 1 16329447
225 1 5660553
226 1 884502
227 1 2607738
228 0 16537975
229 1 936112
230 1 12552347
231 1 7142910
232 0 16517903
233 1 7313309
234 1 14600554
235 1 10346166
236 1 9224741
237 1 12739175
238 1 4632508
239 0 16559654
240 1 13988148
241 1 9095801
242 1 13300567
243 1 6618073
244 1 12571090
245 0 16523579
246 1 232203
247 1 13921114
248 1 10390121
249 1 5667143
250 1 5373159
251 1 1238406
252 0 16513990
253 1 13399009
254 0 16491751
255 1 2103310
256 0 16530185
257 0 16538487
258 1 6823464
259 1 9926696
260 0 16502600
261 1 1694850
262 1 8750459
263 1 5465046
264 1 12207671
265 1 594806
266 1 2068600
267 0 16518719
268 0 16551716
269 1 6192319
270 1 15255388
271 0 16494162
272 1 3918759
273 0 16492210
274 0 16487662
275 1 2499915
276 1 1180328
277 0 16507361
278 0 16499442
279 1 2194920
280 1 5626890
281 0 16537140
282 1 1356350
283 1 8496629
284 0 16511132
285 1 3876658
286 1 1642328
287 1 921835
288 1 12937304
289 1 8223536
290 0 16520083
291 1 13782346
292 0 16550477
293 1 632652
294 1 792453
295 0 16543565
296 0 16549134
297 1 1653921
298 0 16563860
299 1 9772640
300 0 16514877
301 0 16503850
302 1 12007553
303 1 10964140
304 1 9969785
305 0 16503820
306 0 16527730
307 1 9316407
308 1 4746458
309 0 16527808
310 1 10824403
311 0 16505764
312 1 4278341
313 1 13337867
314 0 16516175
315 0 16506906
316 1 6913488
317 1 6783137
318 1 3975883
319 0 16525029
320 1 3410399
321 0 16521387
322 1 898970
323 0 16535962
324 1 8354928
325 1 61331
326 1 12115666
327 1 12778965
328 1 14366785
329 0 16498371
330 0 16509519
331 1 9739988
332 1 10403448
333 1 10279821
334 0 16510383
335 1 10271999
336 1 12688034
337 1 4346940
338 0 16548788
339 0 16553562
340 0 16525736
341 1 7282009
342 1 2522551
343 1 9860886
344 1 7964836
345 0 16506138
346 1 1743590
347 1 1109656
348 1 8375763
349 1 8111043
350 1 16191659
351 1 14914513
352 0 16549924
353 1 12511136
354 0 16540759
355 0 16512033
356 0 16517224
357 1 4684394
358 0 16504353
359 1 11149666
360 1 2969547
361 1 4545394
362 0 16553878
363 0 16519228
364 1 568752
365 1 7592155
366 0 16548725
367 1 15607027
368 0 16522871
369 0 16532519
370 1 5333172
371 1 765512
372 1 2838206
373 1 5106210
374 1 6956538
375 1 3158454
376 0 16492069
377 1 435990
378 1 4702821
379 0 16536335
380 1 2942782
381 1 2405929
382 1 687486
383 1 9094685
384 1 15728615
385 1 6781513
386 1 13855426
387 1 4906409
388 1 3781230
389 1 4992597
390 1 7622544
391 1 1578535
392 1 2985946
393 1 6479938
394 1 13940652
395 0 16534458
396 0 16565118
397 0 16528249
398 1 12622728
399 0 16537461
400 1 14507340
401 1 5482117
402 1 4753286
403 0 16535897
404 1 15793490
405 1 16295883
406 1 2062305
407 1 9771488
408 0 16526433
409 1 4100487
410 0 16486310
411 0 16574375
412 1 8613886
413 1 2021216
414 1 11211915
415 1 12444440
416 1 685847
417 0 16542560
418 0 16550699
419 1 6203323
420 1 4457536
421 1 1608485
422 0 16525982
423 0 16495867
424 1 16165701
425 0 16571204
426 1 14584148
427 1 7674766
428 0 16542822
429 1 10377351
430 1 3982516
431 1 4057389
432 1 16071714
433 1 4363607
434 0 16561263
435 1 13862650
436 0 16489695
437 1 3129565
438 1 241034
439 1 743810
440 0 16528505
441 1 11243511
442 1 1534499
443 0 16548241
444 0 16503414
445 1 7994255
446 1 5001696
447 1 10870968
448 0 16494823
449 1 9019756
450 0 16518830
451 1 2299431
452 1 1195465
453 0 16528837
454 0 16535577
455 1 2366695
456 1 9539768
457 1 7082909
458 0 16528956
459 1 8459431
460 1 311614
461 1 4653259
462 1 2560817
463 1 6643563
464 0 16511180
465 1 1597365
466 1 11968581
467 1 10245128
468 1 9149213
469 1 4117393
470 1 3051751
471 1 11357654
472 0 16521233
473 1 6039491
474 1 11338
475 0 16502145
476 1 13016629
477 1 2238720
478 1 5780786
479 0 16495952
480 1 3390984
481 1 2076459
482 0 16489377
483 1 633009
484 1 7768064
485 1 4408307
486 0 16510734
487 0 16514408
488 1 1043151
489 1 1480700
490 1 7808797
491 1 1420999
492 1 5310057
493 1 5442100
494 0 16498510
495 1 2406171
496 1 4732046
497 1 987659
498 0 16530559
499 1 454834
500 1 3200149
501 1 7578573
502 1 2768797
503 0 16520614
504 0 16605052
505 1 10482519
506 0 16531516
507 1 6528120
508 0 16487290
509 1 3289148
510 0 16522186
511 0 16507655
512 1 6142481
513 0 16520335
514 0 16551005
515 1 6052910
516 0 16501246
517 1 8375004
518 1 9829240
519 1 9591998
520 1 5672600
521 1 826685
522 1 13095064
523 0 16529899
524 1 12609726
525 1 12386795
526 1 3841686
527 1 13589842
528 0 16516561
529 0 16517900
530 1 229298
531 0 16507403
532 1 656179
533 0 16509660
534 0 16758537
535 1 2630638
536 1 8820399
537 0 16511570
538 1 9501444
539 1 816787
540 1 5228315
541 1 4392422
542 1 6516171
543 1 8456090
544 1 16003838
545 1 820472
546 1 13806556
547 1 1356475
548 1 6475570
549 0 16495582
550 1 9146273
551 0 16501457
552 1 3509407
553 0 16521229
554 1 4423195
555 1 9438765
556 1 13712447
557 1 5187866
558 1 14905159
559 0 16506718
560 0 16528628
561 1 249007
562 0 16509935
563 1 11125111
564 1 4790924
565 1 1531298
566 1 4818991
567 0 16549675
568 1 3735012
569 1 112325
570 1 2793647
571 1 252421
572 1 11482392
573 1 15109994
574 1 7596907
575 0 16593701
576 1 6012886
577 0 16512473
578 0 16525279
579 1 5494041
580 0 16518655
581 1 8815179
582 0 16508047
583 1 3174651
584 0 16570256
585 1 7781558
586 0 16493099
587 0 16511143
588 1 4789188
589 1 8701339
590 1 15801305
591 1 143468
592 1 5981286
593 0 16501794
594 1 8461189
595 0 16519116
596 1 4007540
597 1 8284646
598 0 16516570
599 1 9184077
600 0 16519313
601 1 15174444
602 1 13575069
603 1 3086653
604 0 16516163
605 1 6805212
606 1 6179644
607 1 789185
608 1 5255047
609 1 15801063
610 1 5222438
611 1 7239457
612 1 9729715
613 1 13379545
614 1 14170039
615 0 16503035
616 1 8570190
617 1 5813894
618 1 7171347
619 1 894612
620 1 1263955
621 1 3129460
622 1 4413807
623 0 16497474
624 1 16002755
625 0 16506347
626 1 11594287
627 1 7155565
628 1 14033337
629 1 1875425
630 1 1311370
631 1 10511242
632 1 10747727
633 0 16522003
634 0 16528045
635 1 8513185
636 1 6139471
637 0 16493509
638 1 1307299
639 1 400727
640 1 3632013
641 1 3379061
642 0 16506126
643 0 16541712
644 1 2395314
645 1 3117115
646 0 16502214
647 1 13553321
648 1 12952461
649 0 16517717
650 0 16515805
651 0 16514971
652 1 12053626
653 1 3921433
654 0 16532333
655 1 3466857
656 1 12829214
657 1 2631562
658 1 7482108
659 0 16523894
660 1 1721424
661 1 659915
662 1 14758631
663 1 5174894
664 1 6581873
665 0 16511399
666 1 9164979
667 1 3245951
668 1 8906455
669 1 12429263
670 0 16505828
671 1 6952784
672 0 16504300
673 0 16510323
674 0 16522068
675 0 16557560
676 0 16582268
677 1 4414523
678 0 16557628
679 1 11996350
680 1 3119770
681 0 16517308
682 1 2486384
683 1 15792004
684 0 16501568
685 0 16523731
686 0 16525432
687 1 12170274
688 0 16499570
689 1 18462
690 0 16511308
691 0 16500905
692 1 11597297
693 1 13983996
694 1 15307757
695 1 475731
696 1 6553350
697 1 9199472
698 1 5131498
699 1 3872458
700 1 1330451
701 0 16556256
702 0 16501024
703 1 8659861
704 1 2957756
705 0 16520679
706 1 12088070
707 0 16516051
708 0 16509570
709 1 5113645
710 0 16505031
711 0 16514353
712 0 16585031
713 1 4128527
714 1 14864686
715 0 16489278
716 1 3810963
717 0 16526492
718 0 16561497
719 1 11438912
720 1 6192215
721 1 1569260
722 1 10564787
723 1 15086944
724 0 16496516
725 1 12633301
726 1 10777484
727 1 8249334
728 1 3558890
729 1 8070282
730 0 16500277
731 1 12254507
732 1 11916606
733 1 3167049
734 1 14045717
735 1 15566114
736 1 9571808
737 1 15046489
738 1 1535257
739 0 16532901
740 1 1814681
741 1 13669577
742 1 11755874
743 1 5703687
744 1 6933719
745 0 16529877
746 1 10880926
747 0 16496351
748 1 1441762
749 0 16506523
750 0 16518473
751 0 16532859
752 1 7203791
753 1 5651786
754 1 15344827
755 1 8363640
756 1 3826606
757 1 12841264
758 1 4021027
759 0 16547324
760 1 14188341
761 0 16529747
762 1 8526883
763 1 1690073
764 0 16518249
765 1 3614660
766 0 16503818
767 0 16496838
768 0 16555967
769 1 14536318
770 1 215805
771 0 16525654
772 1 3328766
773 0 16506052
774 1 1735716
775 1 2160748
776 1 2980500
777 1 2652854
778 1 3312846
779 0 16493221
780 1 12163413
781 1 8487417
782 1 5646643
783 0 16516417
784 1 3733146
785 1 5722534
786 1 12524902
787 0 16521453
788 1 2311424
789 1 1163920
790 1 7135799
791 0 16533335
792 1 6850383
793 0 16520783
794 1 6623780
795 0 16507660
796 0 16559024
797 1 4284428
798 0 16559279
799 0 16536588
800 1 4921641
801 0 16570643
802 1 4116555
803 0 16510316
804 0 16531631
805 0 16538745
806 1 498123
807 1 1570086
808 1 5903581
809 1 2224780
810 0 16495316
811 1 15138394
812 0 16523415
813 1 15477260
814 1 1923224
815 1 13112442
816 0 16510651
817 1 10944558
818 0 16510474
819 0 16549491
820 1 4942211
821 0 16521276
822 0 16545212
823 0 16488885
824 1 4923711
825 0 16536552
826 1 1002026
827 1 996659
828 1 500186
829 1 4395160
830 0 16513075
831 0 16533889
832 0 16534138
833 0 16500744
834 0 16516580
835 0 16523240
836 0 16538502
837 1 6895220
838 0 16547554
839 1 3121813
840 1 4149897
841 0 16535558
842 0 16510873
843 1 11441294
844 1 1773202
845 1 12966853
846 1 16319524
847 1 9259776
848 1 397047
849 1 6406740
850 0 16561183
851 1 15002113
852 0 16505849
853 1 14155341
854 1 14667268
855 0 16554013
856 1 15296381
857 1 4018227
858 0 16524351
859 1 8067271
860 1 8175698
861 0 16500921
862 0 16598920
863 1 760462
864 1 5336811
865 1 11093582
866 0 16568648
867 1 14776482
868 1 8989568
869 1 9441971
870 0 16503299
871 1 3783355
872 1 4326786
873 0 16548909
874 0 16528654
875 1 15944365
876 1 4460173
877 1 323663
878 1 14743364
879 1 6942595
880 0 16490898
881 0 16506151
882 1 748964
883 0 16493089
884 1 3453443
885 0 16501793
886 1 2676299
887 1 4029323
888 0 16515837
889 0 16532248
890 1 12175275
891 0 16496184
892 0 16516070
893 0 16516660
894 1 12501183
895 1 5236411
896 0 16505476
897 1 9285704
898 0 16497916
899 0 16494561
900 1 7713511
901 1 4951938
902 1 2594435
903 1 8868382
904 1 13051034
905 1 6505879
906 1 9788478
907 0 16519533
908 1 5081025
909 0 16511055
910 1 15702114
911 1 2437980
912 0 16659852
913 0 16488411
914 0 16500156
915 0 16519561
916 1 1178734
917 1 9768541
918 0 16497646
919 1 5393775
920 0 16482537
921 0 16507396
922 0 16526161
923 1 2502456
924 0 16552096
925 1 15683562
926 1 3153773
927 0 16521241
928 1 6097412
929 1 7632856
930 0 16529834
931 0 16538621
932 0 16513442
933 0 16549196
934 1 4962037
935 1 9351006
936 1 12821067
937 1 11686567
938 1 4649929
939 0 16522610
940 1 5642342
941 1 1437810
942 1 827290
943 0 16559154
944 0 16526811
945 0 16518090
946 0 16548175
947 1 8966442
948 1 1546578
949 1 591118
950 1 4407648
951 1 4262048
952 0 16507816
953 1 9350509
954 1 11301841
955 1 12858554
956 0 16518166
957 1 1456413
958 0 16501203
959 0 16518578
960 1 10481089
961 1 473442
962 1 15216588
963 1 13364647
964 1 4937077
965 0 16488608
966 1 6271488
967 1 10472919
968 1 8176420
969 1 1621224
970 1 1182782
971 1 8375351
972 1 472691
973 1 14576873
974 0 16538290
975 1 499874
976 0 16526874
977 1 11773768
978 0 16492144
979 1 10363796
980 1 6280682
981 1 9684090
982 0 16492998
983 1 15119217
984 1 6201542
985 0 16492770
986 0 16559376
987 1 10913855
988 0 16532074
989 0 16530681
990 0 16516148
991 0 16515783
992 1 10991416
993 1 5129210
994 1 5304621
995 1 2735451
996 0 16488052
997 1 16112458
998 1 546311
999 0 16530292
1000 1 11735342
1001 1 9664482
1002 0 16560221
1003 1 10212960
1004 0 16566032
1005 0 16535016
1006 1 4392542
1007 1 1913281
1008 1 7464214
1009 0 16571777
1010 1 327881
1011 0 16584699
1012 1 4445077
1013 0 16671749
1014 0 16558958
1015 1 11537271
1016 0 16565443
1017 0 16556655
1018 1 13180298
1019 0 16575072
1020 0 16557997
1021 1 2013568
1022 1 1031278
1023 0 16618314
1024 0 16593228
1025 1 11485190
1026 0 16677212
1027 1 10360502
1028 1 1858786
1029 1 12785954
1030 1 5563819
1031 1 747383
1032 0 16572390
1033 0 16574131
1034 1 2006884
1035 0 16568817
1036 1 5565273
1037 1 12857450
1038 1 10206753
1039 1 3823658
1040 1 2577181
1041 1 90997
1042 1 2633536
1043 1 1994701
1044 0 16550985
1045 1 3068174
1046 0 16601387
1047 0 16569660
1048 1 566075
1049 0 16642568
1050 1 6332724
1051 0 16558550
1052 0 16580068
1053 0 16658767
1054 1 1666615
1055 1 6569430
1056 1 1282678
1057 1 4125753
1058 0 16560016
1059 1 11785021
1060 1 1739716
1061 0 16582426
1062 1 2430928
1063 1 15149868
1064 0 16560606
1065 1 14713115
1066 1 12114372
1067 1 2652448
1068 0 16542778
1069 1 15055195
1070 0 16546332
1071 1 10823828
1072 1 11535571
1073 1 16015124
1074 1 11045471
1075 1 11631346
1076 1 3742992
1077 1 13163425
1078 1 5157567
1079 1 12793917
1080 1 3640596
1081 0 16547034
1082 1 1292994
1083 0 16568080
1084 0 16551251
1085 1 2588098
1086 1 274827
1087 0 16553141
1088 0 16563112
1089 1 14469426
1090 1 346515
1091 0 16561906
1092 1 5144880
1093 0 16564926
1094 1 4999354
1095 1 4311945
1096 1 1095450
1097 1 7583130
1098 1 7656330
1099 0 16590572
1100 1 14741011
1101 0 16552224
1102 0 16543282
1103 1 2347837
1104 1 12959420
1105 1 5592178
1106 1 8636365
1107 1 12988706
1108 0 16628498
1109 1 193014
1110 0 16578477
1111 1 6137192
1112 0 16642883
1113 0 16560351
1114 0 16654650
1115 1 124054
1116 1 1944550
1117 1 16089160
1118 1 1894666
1119 1 12021279
1120 1 1893306
1121 0 16558387
1122 1 7047272
1123 1 3873323
1124 1 9917392
1125 1 5166870
1126 1 4382651
1127 0 16592895
1128 1 1210318
1129 1 503691
1130 0 16599145
1131 1 324627
1132 1 3077033
1133 1 1607183
1134 0 16624795
1135 0 16580173
1136 0 16577524
1137 1 16441623
1138 1 633208
1139 0 16550432
1140 1 7419061
1141 1 4550844
1142 0 16548870
1143 1 15231741
1144 0 16552717
1145 1 3616101
1146 1 6838047
1147 1 4514115
1148 1 8437411
1149 0 16569816
1150 1 2867129
1151 1 11187940
1152 0 16771824
1153 0 16624782
1154 1 1657831
1155 1 3932113
1156 1 2598661
1157 1 15732443
1158 1 1009428
1159 0 16643989
1160 1 6890348
1161 1 8817485
1162 1 11713806
1163 1 1079913
1164 1 4499021
1165 1 10480980
1166 1 11034472
1167 1 11431095
1168 1 2381767
1169 1 8136912
1170 0 16600855
1171 0 16552713
1172 1 12684575
1173 1 4505420
1174 0 16566108
1175 0 16611415
1176 1 14395128
1177 1 13040332
1178 0 16530151
1179 1 2424854
1180 1 4220527
1181 1 15774421
1182 0 16581553
1183 1 3906073
1184 1 1401827
1185 1 16107310
1186 1 9154560
1187 0 16553149
1188 1 7262429
1189 1 2128630
1190 1 1855674
1191 0 16569397
1192 0 16555394
1193 0 16593348
1194 1 3837883
1195 1 224855
1196 1 2448104
1197 1 1837432
1198 1 15329705
1199 0 16571928
1200 1 9132231
1201 0 16557573
1202 1 14748397
1203 0 16557664
1204 0 16591683
1205 1 2275008
1206 1 5354757
1207 0 16585998
1208 1 445579
1209 1 7077773
1210 1 11202226
1211 0 16551138
1212 1 2921466
1213 1 7727460
1214 0 16616175
1215 0 16549548
1216 1 7643242
1217 1 10724487
1218 1 12271857
1219 0 16640947
1220 1 8038746
1221 1 14783230
1222 0 16588801
1223 1 8675176
1224 0 16558989
1225 1 4571266
1226 1 8779723
1227 1 6231866
1228 1 6956293
1229 0 16554274
1230 1 3998802
1231 1 1463655
1232 0 16583977
1233 0 16542224
1234 1 282398
1235 1 9290525
1236 1 9009081
1237 0 16603910
1238 1 2122714
1239 1 6220614
1240 1 8718505
1241 1 11518806
1242 0 16600528
1243 0 16553246
1244 1 9822092
1245 1 9897868
1246 0 16595579
1247 0 16595825
1248 0 16616256
1249 0 16624902
1250 0 16644759
1251 0 16628185
1252 0 16656501
1253 0 16553942
1254 1 7665358
1255 1 12234051
1256 0 16575860
1257 1 8718856
1258 0 16629878
1259 1 215980
1260 1 5332847
1261 1 15457098
1262 0 16559320
1263 0 16580922
1264 1 706311
1265 1 1045352
1266 1 98280
1267 1 16286066
1268 0 16554774
1269 1 4296483
1270 1 12356498
1271 1 7598193
1272 1 1300700
1273 1 436202
1274 0 16647545
1275 1 5394366
1276 1 9838615
1277 1 851321
1278 1 5200561
1279 0 16575811
1280 1 15203119
1281 1 5513334
1282 1 3233289
1283 1 12333335
1284 1 4273271
1285 0 16603541
1286 0 16558908
1287 1 2419850
1288 1 15809718
1289 1 11368191
1290 0 16540770
1291 1 1707697
1292 1 6792267
1293 0 16555919
1294 1 4467781
1295 0 16600272
1296 1 59813
1297 1 10961075
1298 1 13710646
1299 1 10201427
1300 0 16561416
1301 1 15106131
1302 1 6101565
1303 1 1521654
1304 0 16653010
1305 1 12365064
1306 1 4594
1307 1 1065828
1308 0 16598665
1309 0 16571230
1310 0 16561915
1311 0 16557774
1312 0 16579817
1313 0 16569472
1314 1 15350360
1315 0 16586714
1316 1 3731227
1317 1 3531657
1318 0 16595232
1319 1 39160
1320 1 10959884
1321 0 16563507
1322 1 1767198
1323 1 779596
1324 1 13128929
1325 1 2350106
1326 1 7723409
1327 1 15492028
1328 1 10060541
1329 1 10222574
1330 0 16639534
1331 0 16625848
1332 1 9811029
1333 1 2255953
1334 1 10216151
1335 0 16634552
1336 0 16605468
1337 1 3679635
1338 0 16561128
1339 1 6296935
1340 1 8141640
1341 1 3081759
1342 1 5263464
1343 0 16568985
1344 1 2706191
1345 1 486125
1346 1 4286658
1347 0 16571442
1348 1 11607868
1349 1 14497596
1350 1 3037248
1351 1 7609666
1352 0 16595246
1353 1 6951628
1354 1 8511939
1355 0 16544118
1356 1 6351734
1357 1 640728
1358 1 525890
1359 1 18181
1360 0 16564552
1361 1 13184423
1362 0 16554175
1363 1 2234285
1364 0 16583462
1365 1 10517954
1366 1 6984807
1367 0 16540074
1368 1 2015056
1369 1 10973137
1370 1 908823
1371 1 3255517
1372 1 11399612
1373 0 16594700
1374 1 902293
1375 1 8509419
1376 1 1223156
1377 0 16565979
1378 1 9889497
1379 1 14125985
1380 0 16544552
1381 0 16633214
1382 0 16663104
1383 1 7652394
1384 1 11800793
1385 1 644473
1386 0 16553657
1387 1 9629115
1388 0 16541717
1389 1 396133
1390 1 1695113
1391 0 16591279
1392 1 6012159
1393 0 16564847
1394 1 1124846
1395 1 1230940
1396 0 16566662
1397 1 16472603
1398 1 12069510
1399 1 15488877
1400 0 16559561
1401 1 7278593
1402 1 5658803
1403 1 702544
1404 1 11792055
1405 1 580213
1406 0 16551584
1407 0 16565435
1408 1 15046339
1409 1 9387240
1410 1 14204596
1411 0 16568673
1412 0 16618145
1413 0 16591832
1414 0 16584592
1415 0 16593368
1416 1 2940350
1417 1 1825332
1418 0 16561267
1419 1 16245568
1420 1 15519555
1421 1 12203637
1422 1 2805294
1423 0 16618108
1424 0 16612265
1425 1 2107431
1426 0 16596725
1427 0 16548576
1428 1 15711135
1429 1 403433
1430 1 14018414
1431 1 15937975
1432 1 10287949
1433 1 15500841
1434 1 7061273
1435 1 11608638
1436 0 16639028
1437 1 11423950
1438 0 16578103
1439 1 11501561
1440 1 4801912
1441 1 1327744
1442 1 14410231
1443 1 2748824
1444 1 14112941
1445 1 12910496
1446 0 16580452
1447 1 2076720
1448 1 9189636
1449 1 15260360
1450 1 15421494
1451 0 16542676
1452 1 407998
1453 0 16581657
1454 1 5167905
1455 0 16547643
1456 1 12940787
1457 1 5453223
1458 1 11037731
1459 0 16592148
1460 0 16586958
1461 1 2773335
1462 1 6939785
1463 0 16586889
1464 0 16563254
1465 1 4692669
1466 0 16541064
1467 1 13814576
1468 0 16542649
1469 1 463691
1470 0 16573250
1471 1 5947169
1472 0 16613392
1473 0 16566337
1474 1 12107806
1475 1 1307324
1476 0 16570220
1477 1 5113141
1478 1 15020499
1479 1 1053876
1480 1 6676499
1481 1 6744578
1482 1 1976949
1483 1 9278388
1484 0 16549450
1485 1 5195254
1486 1 16124158
1487 1 12090975
1488 1 6377249
1489 0 16653693
1490 0 16590401
1491 0 16555711
1492 1 5352695
1493 1 2992309
1494 1 6358949
1495 0 16582657
1496 1 6439083
1497 0 16569729
1498 0 16573275
1499 0 16556323
1500 1 410054
1501 1 14644351
1502 0 16547587
1503 0 16548405
1504 1 80634
1505 1 7640509
1506 1 3951537
1507 0 16583894
1508 0 16574762
1509 1 10259673
1510 1 3450622
1511 1 12244123
1512 0 16700669
1513 0 16580307
1514 1 1771610
1515 0 16549412
1516 1 1128879
1517 1 11064304
1518 1 2309983
1519 0 16548163
1520 0 16548287
1521 0 16550726
1522 0 16604412
1523 1 11641047
1524 1 2975933
1525 1 14479515
1526 1 3549919
1527 1 2684459
1528 1 4890804
1529 1 11735925
1530 0 16583094
1531 0 16545427
1532 0 16576166
1533 1 3058477
1534 1 614919
1535 1 5798131
1536 0 16562870
1537 0 16564328
1538 1 1846295
1539 1 5185436
1540 1 1573087
1541 0 16554187
1542 1 8367577
1543 0 16590612
1544 1 269855
1545 1 3953341
1546 1 9140078
1547 1 14489345
1548 1 16145996
1549 1 15522926
1550 0 16558714
1551 1 10613796
1552 0 16556853
1553 1 10876360
1554 1 9061605
1555 0 16575120
1556 1 588323
1557 0 16567930
1558 1 617519
1559 1 6026330
1560 1 13682778
1561 1 6821969
1562 1 12962325
1563 1 10566943
1564 0 16549153
1565 1 13880232
1566 1 10380138
1567 1 2417004
1568 1 3586584
1569 0 16548929
1570 0 16631483
1571 0 16552074
1572 0 16583023
1573 1 10483554
1574 1 3413820
1575 1 2213549
1576 0 16649154
1577 0 16544049
1578 0 16582937
1579 1 200099
1580 1 1836678
1581 0 16580967
1582 0 16556598
1583 1 179915
1584 1 5469726
1585 1 5699658
1586 1 3298439
1587 1 3948165
1588 1 6761480
1589 0 16564984
1590 0 16551103
1591 1 14789216
1592 1 7013729
1593 1 1315369
1594 1 8214583
1595 0 16625393
1596 1 9400610
1597 0 16552761
1598 1 133868
1599 1 10485677
1600 0 16577003
1601 1 8180903
1602 1 528722
1603 1 8626013
1604 0 16542238
1605 1 14919477
1606 0 16547794
1607 0 16612660
1608 1 14426940
1609 1 1007434
1610 0 16542164
1611 1 572350
1612 0 16535053
1613 1 9658072
1614 1 10678739
1615 1 9583005
1616 1 360030
1617 1 14933052
1618 0 16585734
1619 0 16589818
1620 1 13332106
1621 0 16655755
1622 1 10528793
1623 1 590556
1624 1 10004519
1625 1 4164170
1626 0 16577019
1627 1 8099746
1628 1 13014794
1629 0 16566767
1630 1 2041090
1631 1 1538475
1632 0 16567491
1633 0 16560515
1634 1 11783514
1635 1 11266700
1636 1 3460980
1637 1 8428660
1638 1 3493686
1639 0 16652245
1640 1 6677991
1641 1 10163744
1642 1 9541750
1643 0 16564161
1644 0 16574918
1645 1 145009
1646 0 16582099
1647 1 7899261
1648 1 7846376
1649 1 91156
1650 1 7760457
1651 0 16547851
1652 1 7966527
1653 1 13936819
1654 1 1883200
1655 1 964596
1656 0 16539788
1657 1 3320894
1658 0 16542051
1659 1 9880772
1660 0 16545594
1661 0 16543720
1662 0 16551350
1663 1 2188345
1664 0 16586778
1665 0 16569046
1666 1 7470192
1667 1 4105799
1668 0 16565397
1669 1 13654848
1670 1 10154444
1671 1 10944923
1672 1 4327569
1673 1 330811
1674 1 13045799
1675 1 659987
1676 1 997586
1677 1 5988236
1678 1 12180047
1679 1 186616
1680 0 16587897
1681 1 12848837
1682 1 15355759
1683 1 14251771
1684 1 13485967
1685 0 16612591
1686 1 5771820
1687 0 16592378
1688 1 1975023
1689 0 16659679
1690 1 16352064
1691 1 8144959
1692 0 16556499
1693 1 9985168
1694 1 8915257
1695 1 1649343
1696 0 16553206
1697 1 9784360
1698 1 1520843
1699 0 16558542
1700 1 4878640
1701 0 16584464
1702 1 12467211
1703 0 16548061
1704 1 2813813
1705 1 8287274
1706 1 3769895
1707 1 3158279
1708 0 16554396
1709 1 12750524
1710 1 7003618
1711 1 5361109
1712 0 16535491
1713 1 7996798
1714 1 1950336
1715 0 16613771
1716 0 16578423
1717 1 1279637
1718 1 14813616
1719 1 3268915
1720 1 4363792
1721 1 12601756
1722 0 16582897
1723 1 3648399
1724 1 2861968
1725 1 2107493
1726 1 62619
1727 0 16590888
1728 0 16629306
1729 1 110794
1730 0 16694292
1731 1 3722040
1732 0 16568938
1733 1 6272002
1734 1 13764851
1735 0 16546208
1736 1 15339468
1737 1 9188908
1738 1 22425
1739 1 11311952
1740 1 728053
1741 0 16561679
1742 0 16600216
1743 1 8102160
1744 1 213804
1745 0 16559413
1746 1 8101633
1747 0 16576243
1748 0 16543244
1749 1 3934856
1750 1 7295626
1751 1 1051545
1752 1 2925727
1753 1 2253230
1754 0 16628793
1755 0 16613659
1756 0 16563257
1757 0 16584021
1758 0 16613928
1759 0 16565386
1760 1 12441025
1761 0 16649341
1762 1 6215651
1763 1 2399467
1764 0 16566396
1765 1 8854812
1766 1 3610839
1767 0 16611508
1768 1 10973772
1769 1 10368452
1770 0 16557895
1771 1 7227954
1772 1 8478182
1773 0 16551797
1774 1 3812093
1775 0 16548601
1776 1 7308446
1777 1 8533265
1778 1 6118171
1779 1 15401703
1780 0 16540797
1781 1 4844656
1782 0 16550826
1783 0 16541001
1784 1 9280167
1785 1 16096922
1786 1 5486836
1787 1 1354538
1788 1 1943762
1789 1 3463564
1790 1 3368883
1791 0 16596407
1792 1 12136700
1793 1 2054396
1794 0 16547642
1795 0 16557765
1796 1 5995131
1797 1 7927174
1798 1 15760898
1799 1 10817823
1800 1 4524682
1801 0 16625105
1802 1 3818828
1803 1 5479717
1804 0 16553834
1805 1 5850488
1806 1 6156889
1807 1 5102936
1808 0 16552393
1809 1 14149714
1810 0 16566425
1811 0 16613761
1812 1 3946883
1813 1 1915171
1814 1 1874945
1815 1 1611589
1816 0 16682203
1817 1 10004188
1818 0 16551204
1819 1 12511508
1820 0 16544653
1821 0 16574029
1822 0 16594760
1823 1 10890841
1824 0 16583816
1825 0 16597428
1826 1 14512008
1827 1 9500416
1828 1 14246926
1829 0 16558952
1830 0 16589560
1831 0 16548517
1832 0 16563079
1833 1 580544
1834 0 16575764
1835 0 16563059
1836 1 7887973
1837 0 16568841
1838 1 10613218
1839 1 665051
1840 1 15900014
1841 1 294835
1842 1 2737722
1843 1 10181129
1844 1 2353267
1845 0 16571033
1846 1 5498479
1847 1 5235447
1848 1 12340326
1849 1 11862948
1850 0 16569472
1851 1 8461998
1852 1 4990656
1853 1 7033772
1854 0 16545393
1855 1 8421212
1856 1 2864801
1857 1 7910678
1858 1 14299144
1859 0 16620421
1860 1 11783557
1861 1 5073412
1862 1 3052200
1863 1 4567873
1864 0 16639421
1865 1 15239764
1866 0 16635886
1867 0 16610922
1868 0 16593568
1869 0 16550979
1870 1 9400472
1871 1 4249994
1872 1 4408603
1873 0 16570337
1874 1 747138
1875 1 6634466
1876 1 4612758
1877 0 16590203
1878 1 8141536
1879 0 16619410
1880 1 6962170
1881 1 9573653
1882 0 16678358
1883 1 12264010
1884 1 8231885
1885 1 11646822
1886 0 16577840
1887 0 16597165
1888 0 16629305
1889 1 3750467
1890 0 16624100
1891 0 16572800
1892 1 8349228
1893 0 16595515
1894 1 5058390
1895 1 1482508
1896 1 2211809
1897 1 1742273
1898 1 5581711
1899 0 16654474
1900 1 13342877
1901 1 2486503
1902 0 16585919
1903 0 16613155
1904 0 16642175
1905 1 1626196
1906 1 230764
1907 0 16646138
1908 1 13379082
1909 1 6024656
1910 0 16672692
1911 1 3175503
1912 1 5537081
1913 1 12797086
1914 0 16593239
1915 0 16544551
1916 0 16550264
1917 0 16622540
1918 1 5333232
1919 0 16569060
1920 1 3224904
1921 1 7054223
1922 1 4018134
1923 0 16593553
1924 1 12115191
1925 1 2581245
1926 1 1053431
1927 0 16537603
1928 1 8941062
1929 1 3184031
1930 1 3477770
1931 1 2011093
1932 0 16595685
1933 1 15477032
1934 0 16534649
1935 1 3157942
1936 1 12519039
1937 1 5515585
1938 0 16567893
1939 1 10051540
1940 1 13609425
1941 1 14739060
1942 1 11151865
1943 0 16585969
1944 0 16573517
1945 1 14790470
1946 0 16654892
1947 1 15406183
1948 1 8044362
1949 1 2349478
1950 0 16577576
1951 0 16543270
1952 0 16589304
1953 1 2559221
1954 1 3629229
1955 1 10828641
1956 0 16566207
1957 1 6167176
1958 1 1639148
1959 1 5724392
1960 1 2040671
1961 1 16036020
1962 1 3059194
1963 1 6245011
1964 1 9079678
1965 0 16538118
1966 1 8152161
1967 1 12949286
1968 1 9287110
1969 0 16583264
1970 1 6491446
1971 1 9011839
1972 1 13456907
1973 0 16607822
1974 1 8647339
1975 0 16620037
1976 0 16658957
1977 0 16574497
1978 0 16554809
1979 1 8843384
1980 0 16579050
1981 1 3046903
1982 1 1909982
1983 1 3200761
1984 1 7960794
1985 1 1705753
1986 0 16628399
1987 1 5832181
1988 1 1196563
1989 0 16587469
1990 1 13710529
1991 0 16542934
1992 0 16586233
1993 1 1120055
1994 1 12186780
1995 1 7537585
1996 0 16549053
1997 0 16554433
1998 1 1136467
1999 1 161617
