0 0 16554217
1 0 16503300
2 1 15909999
3 1 1095298
4 1 773899
5 0 16475593
6 1 12461192
7 1 394199
8 1 5915640
9 1 8435165
10 1 11370637
11 1 14137771
12 1 528843
13 1 5150439
14 0 16480636
15 1 16146571
16 0 16533343
17 1 3335357
18 0 16472044
19 1 16248908
20 0 16500255
21 0 16494415
22 1 15384960
23 0 16530086
24 1 5776296
25 1 11343048
26 1 6903547
27 0 16529974
28 1 6639344
29 0 16528724
30 1 7987941
31 1 3309234
32 0 16499681
33 1 167883
34 0 16547688
35 1 6656656
36 1 15047291
37 1 11023137
38 1 2218768
39 1 14419525
40 1 7822103
41 1 825882
42 1 11750543
43 0 16473205
44 0 16514804
45 1 8150330
46 1 11035387
47 1 840278
48 0 16499260
49 0 16493503
50 1 1033150
51 1 15628244
52 1 11161833
53 0 16479652
54 0 16468131
55 1 10604829
56 1 4663311
57 1 4828245
58 1 2422435
59 1 740325
60 0 16557131
61 1 14357718
62 1 1549461
63 1 1646900
64 0 16479038
65 1 13375448
66 1 5465591
67 1 15371636
68 0 16481950
69 1 5517686
70 0 16510214
71 1 11236625
72 1 1680141
73 1 3428744
74 1 13229126
75 0 16534899
76 1 5032416
77 0 16523101
78 0 16535331
79 1 66723
80 0 16488822
81 1 9043201
82 0 16474397
83 1 1992992
84 1 523414
85 1 6475545
86 1 787260
87 1 11850644
88 1 11680837
89 1 8067930
90 1 4001927
91 0 16489708
92 1 5714322
93 1 2206582
94 1 3975467
95 1 7040551
96 1 16395639
97 1 14072344
98 1 5941872
99 0 16522060
100 1 6729547
101 1 6230114
102 1 15658187
103 1 15369275
104 1 11011139
105 1 1226237
106 1 12962308
107 0 16503635
108 1 15285556
109 1 4169377
110 1 2006548
111 1 7017232
112 0 16485977
113 0 16481796
114 1 3023970
115 1 16195480
116 1 10187611
117 0 16464727
118 1 613070
119 0 16482832
120 0 16507404
121 1 2244572
122 0 16508763
123 1 14351635
124 1 9905960
125 0 16505073
126 0 16559396
127 1 9057467
128 1 3142837
129 0 16555643
130 0 16490456
131 1 5922876
132 0 16526744
133 1 8030500
134 1 2022207
135 1 13402582
136 0 16491326
137 1 12070639
138 1 2961476
139 1 1059915
140 0 16580061
141 1 3510650
142 1 12901987
143 1 10282411
144 0 16483971
145 0 16536860
146 1 6678556
147 0 16515845
148 1 10727995
149 1 6137787
150 1 4671357
151 1 13116238
152 1 6337619
153 0 16504349
154 1 4872189
155 1 3086976
156 1 15406928
157 0 16505278
158 1 9758061
159 0 16491650
160 1 2901991
161 1 14084354
162 1 15596102
163 1 967852
164 1 5480398
165 0 16495071
166 0 16531789
167 0 16544282
168 1 4289788
169 0 16486875
170 1 10689586
171 1 4092942
172 1 4706054
173 0 16484750
174 0 16496054
175 0 16502818
176 1 13034595
177 1 2899435
178 1 4960354
179 1 778681
180 1 11847149
181 1 6187614
182 1 8995360
183 1 5218381
184 0 16493592
185 1 8946325
186 0 16474003
187 1 379147
188 1 12823205
189 0 16487181
190 0 16513020
191 1 10071641
192 1 14226480
193 1 5530859
194 1 1305497
195 1 7477806
196 0 16491462
197 0 16479448
198 0 16460267
199 1 5914868
200 1 2452706
201 0 16498556
202 1 8492095
203 1 15452911
204 1 431213
205 0 16522027
206 0 16470189
207 1 13596234
208 1 14412728
209 0 16530947
210 1 2013124
211 1 4656433
212 1 2782640
213 0 16491298
214 1 3879700
215 1 5151849
216 1 13088166
217 0 16496166
218 0 16517090
219 1 11432064
220 1 6677806
221 1 12950042
222 0 16505151
223 1 12826252
224 1 11717164
225 1 4225083
226 0 16510094
227 1 4882364
228 0 16501604
229 1 7307208
230 0 16486375
231 1 9344898
232 0 16497971
233 1 8919726
234 1 10292138
235 1 7829002
236 1 2952245
237 1 4809471
238 1 504541
239 0 16493962
240 1 2223769
241 0 16519222
242 1 2310557
243 1 8026081
244 1 4711242
245 1 1122182
246 0 16672402
247 0 16494030
248 0 16508091
249 1 3274131
250 1 3263947
251 1 2547801
252 1 1779608
253 0 16478077
254 1 168010
255 0 16485538
256 1 10927145
257 1 96374
258 1 12266815
259 0 16524941
260 0 16507371
261 0 16507212
262 0 16505956
263 0 16496521
264 1 12401989
265 0 16500665
266 0 16531006
267 1 2922708
268 1 9721671
269 1 12441885
270 1 5358488
271 1 10421446
272 1 4763598
273 1 2856412
274 0 16478966
275 1 10780770
276 0 16495284
277 1 241807
278 1 7098037
279 1 1876348
280 1 6387015
281 0 16484141
282 1 3649268
283 1 6861323
284 1 691310
285 1 13178209
286 1 491500
287 1 2224820
288 1 29253
289 0 16519041
290 0 16492555
291 0 16552839
292 0 16505051
293 0 16511116
294 1 11589381
295 1 428176
296 1 881234
297 0 16483258
298 1 2732967
299 1 7255343
300 1 4363395
301 0 16496134
302 1 7067626
303 1 7760061
304 1 309443
305 1 12300041
306 1 1543197
307 1 9185844
308 1 11223834
309 1 598236
310 1 7438012
311 1 1087866
312 1 393063
313 0 16505880
314 1 11582193
315 1 5069331
316 1 1964964
317 1 2019455
318 1 2628800
319 1 10879714
320 1 562937
321 0 16495286
322 1 10942809
323 0 16480468
324 1 301297
325 1 1407644
326 1 8989428
327 1 6974408
328 0 16493336
329 1 8367486
330 0 16499330
331 1 8548327
332 0 16499537
333 0 16528368
334 1 5168306
335 1 1190480
336 1 3813373
337 1 6208517
338 1 5159397
339 1 6388760
340 1 4959027
341 1 492219
342 1 822367
343 1 9909901
344 0 16502343
345 0 16531198
346 1 10561001
347 1 19563
348 1 6093866
349 0 16518134
350 1 11610976
351 1 12601707
352 1 10290451
353 1 11506071
354 0 16489052
355 1 9734090
356 1 4763275
357 1 2747893
358 1 482560
359 1 10138717
360 0 16487195
361 1 3758378
362 1 3361593
363 1 14638317
364 1 1872551
365 0 16489407
366 1 7734098
367 0 16482454
368 1 5529515
369 1 5720833
370 1 15625802
371 1 2495861
372 1 3598851
373 1 10651520
374 1 14942957
375 1 8074594
376 0 16478884
377 1 16186526
378 1 13522119
379 0 16471851
380 1 4996559
381 1 1617905
382 1 251974
383 0 16490134
384 1 3491093
385 0 16483924
386 0 16482839
387 0 16501994
388 1 5456854
389 1 1890624
390 1 12722025
391 1 1041016
392 0 16531108
393 1 5120687
394 0 16495497
395 1 12249998
396 1 11704968
397 0 16505934
398 1 16072843
399 1 7461724
400 1 1527951
401 1 700338
402 1 2056
403 0 16550575
404 1 3841977
405 0 16489053
406 1 1675081
407 1 1333116
408 0 16545065
409 1 9180366
410 0 16546181
411 1 6172855
412 1 5924896
413 1 8800816
414 1 2995891
415 1 7671362
416 0 16460569
417 0 16512871
418 1 9650764
419 1 4550919
420 1 12584687
421 1 2264083
422 1 2213411
423 0 16489422
424 1 3974916
425 1 4045380
426 0 16507452
427 1 10239269
428 0 16529536
429 1 9694463
430 1 10254323
431 1 6901867
432 1 5947473
433 0 16505093
434 1 7597602
435 1 3368119
436 1 441185
437 0 16500508
438 1 14375370
439 1 10868051
440 0 16542964
441 1 10470146
442 0 16561933
443 1 10538778
444 0 16486242
445 1 63097
446 0 16526882
447 1 3712213
448 1 4107055
449 1 16055303
450 1 14587665
451 1 540721
452 1 5521690
453 1 12500317
454 1 7874918
455 1 4339648
456 0 16487815
457 1 14698240
458 1 4316706
459 0 16470789
460 1 10449824
461 1 864697
462 0 16548494
463 1 5469997
464 1 6809812
465 0 16523628
466 0 16478612
467 1 10445905
468 1 6034334
469 1 11825806
470 0 16485892
471 1 254397
472 1 5712771
473 0 16520628
474 1 720596
475 1 450261
476 0 16526767
477 1 4673080
478 1 10510946
479 1 5381946
480 0 16488312
481 1 12731426
482 0 16525363
483 0 16529765
484 0 16534073
485 1 4413355
486 1 4964216
487 0 16546344
488 1 8462710
489 1 4411153
490 0 16493425
491 1 8880502
492 0 16471829
493 1 83310
494 1 6862917
495 1 5622991
496 1 1259491
497 1 9985985
498 1 1646758
499 1 4384954
500 1 9235195
501 1 4876394
502 1 4365539
503 0 16512988
504 0 16525775
505 1 364633
506 1 612033
507 1 1205707
508 0 16510959
509 1 9287444
510 1 11661419
511 1 5778253
512 1 291620
513 1 13312168
514 1 14479297
515 1 926378
516 0 16572244
517 1 8077614
518 0 16509034
519 1 12141596
520 1 13134363
521 1 560604
522 0 16483946
523 1 3109433
524 1 8412871
525 0 16500372
526 1 2573310
527 0 16536761
528 0 16512278
529 1 7719274
530 1 3893772
531 1 5026986
532 0 16502235
533 0 16516236
534 0 16503350
535 1 758852
536 1 15697753
537 1 6872453
538 1 13425065
539 0 16489929
540 1 5903156
541 1 3439679
542 1 2293204
543 1 5856652
544 0 16506772
545 0 16500495
546 1 5406296
547 1 3822772
548 0 16510517
549 1 1224060
550 1 5192035
551 0 16496728
552 0 16493927
553 0 16576370
554 1 1855504
555 1 1700678
556 1 9378359
557 1 2790744
558 1 9933884
559 1 1226844
560 0 16511649
561 0 16494887
562 0 16499921
563 0 16496856
564 1 2783651
565 1 1669152
566 1 8953458
567 1 7768641
568 1 3405240
569 0 16521392
570 1 6210952
571 0 16521474
572 0 16537592
573 1 14798886
574 1 3690091
575 0 16505318
576 1 2447330
577 1 3324935
578 1 16084559
579 0 16533875
580 1 9428816
581 0 16507879
582 1 930231
583 1 778284
584 0 16533170
585 1 5068624
586 0 16504029
587 1 12693255
588 1 3043271
589 1 295287
590 1 360574
591 1 10234563
592 1 10866429
593 1 986855
594 1 9940285
595 1 2024789
596 0 16515529
597 1 708037
598 1 9932006
599 0 16516924
600 1 13522970
601 1 11408983
602 1 13946282
603 0 16499885
604 1 7694661
605 0 16473279
606 1 15541517
607 1 7175652
608 1 677597
609 1 4041217
610 0 16518048
611 0 16538111
612 1 9559255
613 0 16524594
614 1 6369866
615 1 7646766
616 0 16545256
617 1 2325406
618 0 16545662
619 0 16492056
620 1 16154586
621 0 16479182
622 0 16470879
623 0 16496633
624 1 9220191
625 1 8662407
626 1 7634857
627 1 928818
628 1 8844681
629 1 929076
630 0 16489012
631 0 16502130
632 0 16499665
633 1 5956133
634 0 16512672
635 0 16470377
636 1 5721479
637 1 7939079
638 1 3945467
639 1 13728199
640 1 1059972
641 0 16564579
642 0 16499386
643 1 12096878
644 1 16341200
645 0 16503537
646 1 12852004
647 1 5296010
648 1 250397
649 1 3411191
650 1 2894678
651 1 4252087
652 1 487739
653 1 8925406
654 1 6912520
655 0 16496073
656 1 4701100
657 0 16476314
658 1 4633059
659 0 16526414
660 1 6617449
661 1 5369601
662 0 16481271
663 1 14840256
664 1 1443005
665 0 16517239
666 1 6019152
667 1 9000792
668 1 2751668
669 1 11361624
670 1 1617547
671 1 16216929
672 1 3933491
673 0 16484507
674 1 112189
675 1 1772486
676 1 587049
677 1 3328467
678 0 16510880
679 0 16455948
680 0 16435635
681 0 16429753
682 1 14643078
683 1 8342421
684 1 554878
685 1 8989073
686 0 16556768
687 1 9612018
688 0 16489364
689 1 9047714
690 0 16491184
691 1 1123732
692 0 16488435
693 1 13387213
694 1 7239915
695 0 16512920
696 1 3036394
697 0 16468974
698 0 16501061
699 1 2938935
700 1 1729983
701 1 4675530
702 1 13055424
703 1 2331838
704 0 16520286
705 0 16492385
706 1 4303056
707 1 4864435
708 0 16535421
709 1 15847211
710 1 6063874
711 1 4477087
712 0 16505692
713 1 1737286
714 1 50109
715 1 8054735
716 1 8882945
717 1 5958706
718 1 4867687
719 1 1800732
720 1 7772152
721 0 16521806
722 0 16526498
723 1 5526555
724 0 16496328
725 1 8611573
726 0 16487065
727 1 2286519
728 0 16524121
729 1 3915968
730 1 305062
731 1 984954
732 1 4206209
733 0 16464531
734 1 6617613
735 0 16483729
736 1 5319574
737 0 16480056
738 1 9053118
739 1 8674871
740 0 16519239
741 1 12885828
742 1 11561132
743 1 1717756
744 0 16490438
745 1 1569062
746 0 16596065
747 0 16490246
748 1 5708939
749 1 3532556
750 1 11921796
751 1 8599627
752 0 16525474
753 0 16545175
754 1 10481003
755 1 13851989
756 1 9522069
757 0 16539186
758 1 6078052
759 0 16552100
760 1 15932302
761 1 10120531
762 0 16497205
763 1 3769355
764 1 6241157
765 0 16526132
766 1 11641062
767 1 8072502
768 1 8773251
769 0 16489921
770 1 4882840
771 1 5037079
772 1 7710841
773 0 16498685
774 1 176998
775 1 3756785
776 0 16511552
777 1 2635414
778 1 5171940
779 1 10159705
780 1 16177231
781 1 15574083
782 0 16584201
783 0 16545718
784 1 15454116
785 1 3620426
786 1 2755681
787 0 16489082
788 0 16517216
789 1 2400126
790 1 4358725
791 1 526397
792 1 188140
793 0 16500419
794 1 10671735
795 0 16494222
796 1 6090359
797 1 4377182
798 1 15839533
799 1 11162013
800 0 16478633
801 1 14915786
802 0 16559998
803 0 16551293
804 1 5494441
805 1 10459905
806 1 5502906
807 1 3822093
808 1 14857129
809 0 16490038
810 1 16134466
811 1 10903286
812 0 16496898
813 1 489525
814 1 11584698
815 1 12758900
816 1 2784006
817 1 10405516
818 1 815444
819 1 10622372
820 1 4832314
821 0 16489674
822 1 4229144
823 1 5508390
824 1 11381699
825 1 11605218
826 1 15142332
827 0 16478162
828 1 764294
829 1 1198425
830 1 4364937
831 1 8252973
832 1 8315253
833 1 6511384
834 0 16547197
835 0 16562221
836 1 2058273
837 0 16542414
838 1 2669317
839 1 4207705
840 1 5912256
841 1 9886336
842 1 980834
843 0 16500099
844 1 3659134
845 0 16531211
846 0 16527234
847 1 3348464
848 0 16475989
849 0 16492707
850 1 22424
851 1 3486327
852 1 10065414
853 1 1048674
854 0 16968313
855 1 9111991
856 1 4244299
857 1 11982564
858 0 17086097
859 1 11380897
860 0 17010887
861 0 17261292
862 1 7507230
863 1 7986333
864 1 2122306
865 1 13307656
866 0 17203090
867 0 17329173
868 0 17197669
869 1 4461716
870 1 9204331
871 1 11650238
872 1 6603443
873 0 17157923
874 1 2587696
875 0 17272293
876 0 17071617
877 1 10955301
878 1 14586724
879 1 5189525
880 1 11589672
881 1 2113010
882 1 5212675
883 1 14339908
884 0 17282167
885 1 4701581
886 0 17162388
887 1 6206171
888 1 7690104
889 1 9171981
890 1 4072205
891 1 2951772
892 1 15948223
893 1 5979031
894 0 17320302
895 1 4050804
896 1 4857967
897 1 5494244
898 1 12112972
899 1 5265874
900 0 17140500
901 1 9417929
902 1 12440454
903 1 7886055
904 0 16925641
905 1 7859434
906 1 10634402
907 1 10761563
908 1 12549662
909 0 16774807
910 0 16499020
911 1 14616842
912 1 634736
913 1 7037243
914 0 16542757
915 1 182796
916 1 14537398
917 1 12203286
918 1 1838524
919 0 16494711
920 1 1107227
921 1 10904731
922 1 232357
923 1 12632278
924 1 1877789
925 1 4579935
926 1 1057465
927 1 8707147
928 1 4334489
929 1 7134003
930 1 10899443
931 1 8261112
932 1 8297225
933 1 4696726
934 0 16477419
935 1 487119
936 1 950560
937 1 8992627
938 1 14485816
939 1 6925096
940 0 16495695
941 0 16497502
942 0 16499124
943 1 1168001
944 0 16484803
945 1 10942778
946 1 10571270
947 1 2475010
948 0 16504002
949 1 894151
950 1 2336247
951 0 16552231
952 0 16538951
953 1 10792772
954 1 11673237
955 1 5074582
956 0 16537762
957 1 14488958
958 1 2969081
959 0 16554996
960 1 9642524
961 0 16492962
962 1 1621491
963 1 8561220
964 1 719549
965 1 11549544
966 0 16471541
967 0 16528942
968 0 16532889
969 0 16481539
970 0 16490703
971 1 1748241
972 1 708517
973 0 16497517
974 1 518608
975 0 16481899
976 1 4679026
977 0 16491640
978 0 16500367
979 1 3666065
980 0 16458860
981 1 15695752
982 0 16505032
983 1 10886462
984 1 8091836
985 1 2510825
986 1 3083768
987 0 16747141
988 1 8844066
989 0 16497120
990 1 632703
991 1 2238978
992 1 8005214
993 0 16508041
994 0 16515930
995 0 16503014
996 1 618650
997 0 16540964
998 1 7197717
999 1 8054427
1000 1 5233392
1001 1 12570081
1002 1 2953654
1003 0 16559355
1004 1 93484
1005 1 15491453
1006 1 5759288
1007 1 14899912
1008 1 11387194
1009 1 6360732
1010 0 16588055
1011 1 12514608
1012 1 10685742
1013 1 14934770
1014 1 1028241
1015 1 5841846
1016 1 16462969
1017 0 16640467
1018 1 13347469
1019 1 7690698
1020 1 4107655
1021 0 16578631
1022 1 888365
1023 1 3914839
1024 1 8006821
1025 0 16549937
1026 1 13603613
1027 0 16581230
1028 0 16647991
1029 0 16620496
1030 0 16595130
1031 1 1323635
1032 1 756472
1033 0 16624860
1034 0 16604579
1035 0 16581916
1036 0 16559881
1037 1 12050011
1038 0 16623604
1039 0 16596460
1040 1 2311304
1041 1 2055048
1042 1 10880429
1043 0 16572926
1044 1 6211360
1045 1 3400161
1046 1 8605236
1047 1 2441863
1048 0 16657878
1049 1 2653049
1050 0 16609086
1051 1 5767628
1052 0 16575729
1053 0 16556249
1054 1 1274471
1055 0 16639592
1056 1 10171707
1057 1 1598643
1058 0 16585227
1059 0 16602170
1060 1 8466819
1061 1 5211410
1062 0 16594096
1063 0 16618815
1064 1 10068018
1065 1 928580
1066 1 14928817
1067 0 16627111
1068 0 16567023
1069 1 9761815
1070 1 10624968
1071 1 6798799
1072 0 16548373
1073 1 14187682
1074 1 9740263
1075 1 2944016
1076 1 6311523
1077 1 7654313
1078 1 4466002
1079 0 16582521
1080 1 8223850
1081 0 16669295
1082 1 14767532
1083 1 3902641
1084 1 9006284
1085 0 16594363
1086 1 2526320
1087 0 16579129
1088 1 10905730
1089 0 16601168
1090 1 5551186
1091 0 16562234
1092 1 7429391
1093 1 7009898
1094 0 16621731
1095 1 14153858
1096 1 13787388
1097 1 10803992
1098 1 6266367
1099 0 16563968
1100 1 8016008
1101 1 5828173
1102 1 11662294
1103 1 8097157
1104 0 16620724
1105 1 4818158
1106 1 11485942
1107 0 16585859
1108 1 12425902
1109 1 15754908
1110 0 16558619
1111 1 3771682
1112 0 16616499
1113 1 11136174
1114 1 10572276
1115 1 1801936
1116 1 4235682
1117 1 3155121
1118 0 16603017
1119 1 15799619
1120 0 16585450
1121 1 5202510
1122 1 5428961
1123 0 16559049
1124 1 14594161
1125 1 901880
1126 1 2637410
1127 0 16607360
1128 0 16564830
1129 1 5424362
1130 0 16557778
1131 1 970932
1132 0 16560913
1133 0 16585021
1134 1 15782911
1135 1 11327388
1136 1 5309608
1137 0 16561219
1138 0 16572744
1139 1 4578619
1140 0 16560914
1141 1 7125288
1142 0 16593400
1143 1 1513741
1144 0 16563639
1145 0 16647089
1146 1 7011881
1147 1 3219339
1148 0 16562427
1149 1 2597702
1150 1 15267729
1151 1 10530169
1152 0 16584246
1153 0 16581802
1154 0 16567239
1155 1 3602373
1156 1 7786701
1157 1 2638350
1158 0 16587331
1159 1 1380759
1160 1 8677242
1161 1 1813233
1162 0 16558650
1163 1 5435224
1164 0 16570046
1165 1 4284531
1166 0 16552980
1167 1 11385614
1168 0 16558936
1169 1 1393573
1170 0 16610536
1171 1 9492725
1172 1 11620922
1173 1 3319969
1174 0 16550687
1175 0 16598533
1176 1 1278164
1177 1 1544725
1178 1 16117180
1179 1 5049509
1180 1 212490
1181 1 6571251
1182 1 11404557
1183 1 5688162
1184 1 6019728
1185 0 16605911
1186 0 16556369
1187 0 16550233
1188 1 9712810
1189 1 718621
1190 1 11645446
1191 0 16592151
1192 0 16639114
1193 0 16610450
1194 1 6520932
1195 1 8705873
1196 0 16673445
1197 1 5305340
1198 1 2389457
1199 1 8844185
1200 0 16584553
1201 1 12406028
1202 1 11562376
1203 0 16567978
1204 0 16725955
1205 0 16565250
1206 1 14850217
1207 1 1865572
1208 1 3834487
1209 0 16586948
1210 1 10881729
1211 0 16563333
1212 1 11033051
1213 0 16554784
1214 0 16555486
1215 0 16583331
1216 0 16624116
1217 1 4111640
1218 1 3730015
1219 1 7289060
1220 1 9845579
1221 0 16605220
1222 1 3017438
1223 1 5889501
1224 0 16602698
1225 1 6093971
1226 1 10059049
1227 0 16609190
1228 1 10049194
1229 1 3884282
1230 0 16627836
1231 1 7458425
1232 0 16561506
1233 1 5846993
1234 0 16564661
1235 1 2767987
1236 1 9211871
1237 0 16602651
1238 0 16618803
1239 0 16608223
1240 0 16660885
1241 1 10242694
1242 1 10096871
1243 0 16589952
1244 1 658188
1245 1 642031
1246 1 11935162
1247 0 16550966
1248 0 16582293
1249 0 16570572
1250 0 16548781
1251 1 132767
1252 1 7170141
1253 1 9981692
1254 0 16552434
1255 1 967613
1256 1 14631403
1257 1 5408859
1258 0 16549146
1259 0 16554393
1260 1 6845033
1261 1 12827305
1262 1 10533839
1263 1 2420273
1264 0 16573569
1265 1 789932
1266 1 5459801
1267 0 16563553
1268 1 8963413
1269 1 10128200
1270 0 16597210
1271 1 3187547
1272 0 16601714
1273 0 16570716
1274 1 11258796
1275 1 2103846
1276 1 4979174
1277 1 9967610
1278 0 16576518
1279 0 16586904
1280 1 5126844
1281 1 5308661
1282 1 10503560
1283 1 1059424
1284 1 3702032
1285 1 6582150
1286 1 6382135
1287 1 9236679
1288 0 16549642
1289 1 3072471
1290 1 5317046
1291 1 3014716
1292 1 5886433
1293 0 16572211
1294 1 4173565
1295 1 14248839
1296 1 14710564
1297 0 16568850
1298 1 4314837
1299 0 16558620
1300 1 4180011
1301 1 15454654
1302 0 16647262
1303 0 16621793
1304 1 10057449
1305 1 5052036
1306 1 16162326
1307 1 6851104
1308 1 11686976
1309 0 16572365
1310 1 2796090
1311 0 16554510
1312 0 16577874
1313 0 16613353
1314 1 2084746
1315 0 16598070
1316 0 16578272
1317 0 16537043
1318 1 2483055
1319 0 16576939
1320 1 5004135
1321 0 16542157
1322 0 16593285
1323 1 8197392
1324 1 15841558
1325 1 15616357
1326 0 16611130
1327 1 7065448
1328 1 1624626
1329 1 11022332
1330 1 3835072
1331 1 13877254
1332 0 16557066
1333 1 2771721
1334 0 16567755
1335 1 3375799
1336 0 16565567
1337 0 16593413
1338 1 7925693
1339 0 16565269
1340 0 16556441
1341 0 16557306
1342 0 16580649
1343 1 584138
1344 0 16563801
1345 1 391218
1346 1 10900445
1347 0 16592309
1348 0 16590482
1349 0 16588266
1350 0 16589427
1351 1 14774551
1352 1 541130
1353 1 1093514
1354 1 6200411
1355 1 5944905
1356 0 16560165
1357 1 3067313
1358 0 16554588
1359 0 16600063
1360 1 7290067
1361 1 10254848
1362 1 3002253
1363 1 4360232
1364 1 10057294
1365 0 16611998
1366 0 16643512
1367 1 9956546
1368 1 1037095
1369 1 9394597
1370 0 16548730
1371 1 10571256
1372 0 16598403
1373 0 16599623
1374 0 16587643
1375 1 210890
1376 0 16552694
1377 1 10691302
1378 0 16579056
1379 1 5072684
1380 1 11181815
1381 1 7933936
1382 0 16595327
1383 1 2352785
1384 1 10504662
1385 1 1846221
1386 1 9317117
1387 1 16018878
1388 0 16662804
1389 1 14437336
1390 1 2063162
1391 1 5828443
1392 0 16565928
1393 1 5013766
1394 0 16588674
1395 1 3963890
1396 1 15132274
1397 1 10410521
1398 1 4102400
1399 1 11560005
1400 1 10711457
1401 1 8556505
1402 0 16549496
1403 0 16609066
1404 1 4622290
1405 1 1725574
1406 1 3197489
1407 1 3316797
1408 0 16552456
1409 0 16558343
1410 1 9965838
1411 0 16594450
1412 0 16553238
1413 0 16547930
1414 1 3376522
1415 1 5110081
1416 1 9346013
1417 0 16628365
1418 1 7508008
1419 1 12916921
1420 1 11307883
1421 0 16543769
1422 0 16558672
1423 0 16562645
1424 0 16555792
1425 0 16546939
1426 1 286101
1427 1 2095093
1428 1 10913304
1429 1 14061337
1430 1 3036094
1431 1 2239001
1432 1 3746567
1433 1 7420162
1434 1 5397163
1435 1 6998758
1436 1 41354
1437 1 7718449
1438 1 5884125
1439 1 12237671
1440 0 16571318
1441 1 2274801
1442 1 342551
1443 0 16576707
1444 1 13504557
1445 1 3066062
1446 0 16564918
1447 1 7160594
1448 1 9316466
1449 0 16587574
1450 1 8393053
1451 0 16621306
1452 0 16580648
1453 1 6891168
1454 0 16568063
1455 1 8233890
1456 0 16579923
1457 1 4344640
1458 0 16582691
1459 0 16657999
1460 1 1440592
1461 1 13550009
1462 1 16345042
1463 1 13449716
1464 1 7620360
1465 1 4983634
1466 1 3518432
1467 1 6649315
1468 0 16577317
1469 1 349529
1470 1 2441567
1471 1 4601922
1472 1 14519230
1473 0 16580122
1474 1 6309337
1475 1 8211220
1476 1 9154726
1477 1 10682332
1478 1 5166799
1479 1 15757491
1480 0 16577911
1481 1 12272932
1482 0 16556180
1483 1 1438265
1484 1 2902674
1485 0 16589829
1486 0 16560162
1487 1 4099992
1488 1 160264
1489 1 14373860
1490 1 7022238
1491 1 506563
1492 1 439475
1493 0 16620966
1494 1 9324237
1495 1 5567457
1496 1 4915767
1497 1 7811170
1498 1 4250178
1499 1 2799667
1500 1 1220256
1501 1 8602542
1502 1 1650106
1503 1 792557
1504 1 1994166
1505 1 7297511
1506 1 4549949
1507 1 5752042
1508 0 16587192
1509 0 16568863
1510 0 16561762
1511 1 8144449
1512 0 16587048
1513 1 6568640
1514 0 16673754
1515 1 5043970
1516 0 16571295
1517 1 5337147
1518 1 11215907
1519 0 16565741
1520 1 712831
1521 1 3786634
1522 1 2827179
1523 0 16593715
1524 0 16565978
1525 1 3782136
1526 1 14421886
1527 1 11587991
1528 1 3440769
1529 1 6111014
1530 1 7647199
1531 1 6907059
1532 1 2923325
1533 1 11794087
1534 1 3285289
1535 1 7638384
1536 0 16609518
1537 0 16654791
1538 1 2168406
1539 0 16577195
1540 0 16550716
1541 1 13109854
1542 1 8117519
1543 1 3537697
1544 1 1679119
1545 1 1630754
1546 1 9607793
1547 1 3519448
1548 1 3628514
1549 1 8946870
1550 1 8804926
1551 1 2782855
1552 0 16579153
1553 1 7590942
1554 0 16575413
1555 0 16590395
1556 1 296971
1557 1 3846997
1558 1 3834617
1559 1 832892
1560 1 7120856
1561 1 4203201
1562 1 391621
1563 0 16594057
1564 1 11901794
1565 0 16595684
1566 1 11854166
1567 1 13509415
1568 1 4243819
1569 1 2056939
1570 0 16558948
1571 1 1342036
1572 0 16564697
1573 1 7652187
1574 0 16577990
1575 1 5267864
1576 1 4983729
1577 1 1171337
1578 1 14163198
1579 0 16551915
1580 0 16577989
1581 1 1278607
1582 0 16600800
1583 0 16621228
1584 1 4891652
1585 1 5646616
1586 0 16572607
1587 1 3073128
1588 1 7922891
1589 1 1026091
1590 1 962651
1591 0 16570643
1592 1 424148
1593 1 7833023
1594 0 16565034
1595 1 5015503
1596 1 15141372
1597 1 6568412
1598 1 1999614
1599 1 7717686
1600 0 16549386
1601 1 7735129
1602 0 16558803
1603 1 2652154
1604 0 16570125
1605 1 1700414
1606 1 1016064
1607 0 16571098
1608 0 16547622
1609 1 10506707
1610 0 16548920
1611 1 4730876
1612 1 9597346
1613 1 14427266
1614 1 10457813
1615 1 2164359
1616 1 10379652
1617 0 16577149
1618 0 16566510
1619 1 1177421
1620 1 6806731
1621 1 2714928
1622 1 2838226
1623 0 16565139
1624 1 2561480
1625 0 16595496
1626 1 119952
1627 1 10827737
1628 1 8059303
1629 1 12237668
1630 0 16560287
1631 0 16601854
1632 1 7788631
1633 0 16574663
1634 0 16577019
1635 0 16559849
1636 1 10563262
1637 0 16574251
1638 1 14035289
1639 1 10326711
1640 0 16552780
1641 1 5795203
1642 1 6447240
1643 1 8881966
1644 0 16566720
1645 1 5534650
1646 1 3352234
1647 0 16550774
1648 0 16603949
1649 1 6747962
1650 1 3702893
1651 1 2325490
1652 1 10598664
1653 1 2535103
1654 1 9146520
1655 1 5797499
1656 1 2447388
1657 0 16604427
1658 1 9199163
1659 1 16248946
1660 0 16603547
1661 1 13372720
1662 1 2744992
1663 0 16595075
1664 1 543406
1665 1 7963856
1666 1 1080373
1667 1 417504
1668 1 3995708
1669 0 16621806
1670 0 16640422
1671 1 5407153
1672 1 1345054
1673 1 3767468
1674 1 5288830
1675 0 16626658
1676 1 1910181
1677 1 862781
1678 1 9848945
1679 0 16577887
1680 1 8184169
1681 0 16580093
1682 0 16572641
1683 0 16618459
1684 0 16589863
1685 0 16574069
1686 0 16611669
1687 1 5958751
1688 1 1730923
1689 0 16677590
1690 0 16645239
1691 0 16576962
1692 1 11451061
1693 1 2505834
1694 0 16646211
1695 1 7350312
1696 0 16554585
1697 1 11381745
1698 0 16577351
1699 1 5172409
1700 1 11636097
1701 1 12917485
1702 0 16632986
1703 1 1974399
1704 1 1634337
1705 1 5126466
1706 1 8076697
1707 1 405352
1708 1 4957914
1709 1 7954107
1710 1 5506159
1711 1 6377861
1712 0 16644173
1713 1 9835270
1714 0 16606486
1715 1 7416737
1716 1 4908325
1717 1 9034529
1718 1 5310274
1719 0 16620794
1720 0 16572650
1721 0 16560560
1722 1 5843445
1723 1 8932955
1724 1 6350469
1725 1 447615
1726 1 3318992
1727 1 663227
1728 1 7942491
1729 1 15415091
1730 1 3890798
1731 1 1139991
1732 1 5305285
1733 1 8139753
1734 1 5504569
1735 0 16555272
1736 1 3116693
1737 1 12789027
1738 1 15248718
1739 0 16553978
1740 1 16514964
1741 0 16551087
1742 0 16574959
1743 0 16558196
1744 1 3394475
1745 1 4413492
1746 1 3680698
1747 1 1888309
1748 1 4578603
1749 0 16585317
1750 1 1493468
1751 0 16556416
1752 1 3060254
1753 0 16648541
1754 1 5722476
1755 1 15715903
1756 1 2462470
1757 1 6911441
1758 1 13580007
1759 1 907697
1760 1 14000259
1761 0 16567072
1762 1 3402268
1763 1 781228
1764 0 16571894
1765 0 16526531
1766 0 16560209
1767 1 2840906
1768 1 1921121
1769 1 10455658
1770 0 16595183
1771 1 10841318
1772 1 5550328
1773 0 16608278
1774 1 11719195
1775 0 16550835
1776 0 16614980
1777 0 16566036
1778 1 5269855
1779 1 9177997
1780 0 16644922
1781 0 16579784
1782 0 16604853
1783 1 6106249
1784 1 977671
1785 0 16581627
1786 0 16572410
1787 0 16549172
1788 0 16568142
1789 1 4172578
1790 0 16615465
1791 1 7539071
1792 1 49754
1793 0 16584174
1794 0 16606784
1795 0 16570397
1796 0 16579313
1797 1 9357151
1798 1 288091
1799 0 16629022
1800 1 4130724
1801 0 16615238
1802 0 16593565
1803 1 8110226
1804 1 7413146
1805 1 12427937
1806 1 999046
1807 1 4983714
1808 1 4026761
1809 1 1773979
1810 1 6995368
1811 1 3420595
1812 1 13362665
1813 1 2067591
1814 1 318548
1815 1 948070
1816 0 16588985
1817 1 7507479
1818 0 16555986
1819 1 8293623
1820 0 16570365
1821 1 14756996
1822 0 16635581
1823 1 13365337
1824 1 5395013
1825 1 15716458
1826 1 4895914
1827 1 4397136
1828 0 16596228
1829 1 855480
1830 1 10438829
1831 1 2711345
1832 1 6577219
1833 1 14545651
1834 0 16618558
1835 0 16607916
1836 1 2746396
1837 1 9898312
1838 1 4166075
1839 1 5641035
1840 1 7598963
1841 1 10833493
1842 1 15956136
1843 0 16575066
1844 1 3451519
1845 1 12691399
1846 1 12100701
1847 0 16573511
1848 0 16637909
1849 0 16576660
1850 1 3202546
1851 1 9861509
1852 1 7389383
1853 0 16552444
1854 0 16576416
1855 1 8995152
1856 1 1798245
1857 1 5158198
1858 1 1073289
1859 1 2038643
1860 1 475799
1861 1 8806003
1862 1 8677512
1863 0 16606275
1864 1 4585401
1865 1 5116799
1866 0 16571541
1867 1 4954679
1868 0 16573714
1869 1 2150242
1870 0 16586600
1871 0 16576706
1872 1 11453338
1873 1 7610706
1874 1 2196852
1875 1 11507793
1876 1 5616676
1877 1 4169473
1878 0 16574670
1879 1 4890973
1880 1 10919708
1881 1 2006136
1882 1 9864439
1883 1 7734204
1884 1 4215834
1885 1 8142536
1886 1 14047676
1887 1 7729414
1888 1 10807022
1889 0 16648737
1890 1 5342127
1891 1 15753228
1892 1 9450188
1893 0 16592011
1894 0 16602143
1895 1 305939
1896 1 3315332
1897 1 3078423
1898 1 13700132
1899 0 16651692
1900 0 16543397
1901 1 7034982
1902 0 16591138
1903 1 3173524
1904 1 14766938
1905 0 16587432
1906 1 2454937
1907 1 15447766
1908 1 13399633
1909 0 16567459
1910 1 3596209
1911 0 16613904
1912 1 4456819
1913 1 5710282
1914 1 4481407
1915 1 2886387
1916 0 16623373
1917 1 2470518
1918 1 16172734
1919 0 16559557
1920 0 16589243
1921 1 2939289
1922 0 16635997
1923 1 1796785
1924 1 1198782
1925 1 4989006
1926 0 16555087
1927 0 16567621
1928 1 14567807
1929 0 16625528
1930 0 16683412
1931 1 643508
1932 1 3175008
1933 0 16594036
1934 1 13836835
1935 1 13120001
1936 1 60849
1937 1 1329376
1938 1 9677039
1939 1 10433850
1940 1 7043151
1941 1 803627
1942 0 16575071
1943 0 16652232
1944 1 14320288
1945 0 16560453
1946 1 4071846
1947 0 16573329
1948 0 16591240
1949 0 16584165
1950 1 16101403
1951 1 10058550
1952 0 16577035
1953 0 16569739
1954 1 3780812
1955 0 16633020
1956 1 4071028
1957 0 16610182
1958 0 16593145
1959 0 16627238
1960 0 16594374
1961 0 16579182
1962 0 16572186
1963 1 72416
1964 0 16620718
1965 1 171917
1966 1 8628554
1967 1 6275371
1968 0 16616805
1969 1 2702336
1970 0 16567419
1971 0 16564105
1972 1 14394789
1973 1 188146
1974 1 14081748
1975 0 16590233
1976 1 440273
1977 0 16639325
1978 1 255669
1979 1 13751849
1980 1 13486140
1981 0 16551416
1982 1 2036741
1983 0 16615017
1984 1 1631439
1985 1 11015074
1986 0 16581124
1987 1 3000967
1988 1 2783493
1989 1 13105122
1990 1 10055063
1991 1 1818686
1992 1 3744028
1993 1 6892532
1994 1 177961
1995 1 15397471
1996 1 8743214
1997 1 15547995
1998 1 10484851
1999 1 5820519
