0 1 8326052 4442
1 0 19718272 0
2 1 4550054 2985
3 0 19891185 0
4 0 19915996 0
5 0 19335953 0
6 1 4301309 1996
7 1 10006237 6516
8 0 20220738 0
9 1 14368004 9372
10 0 15400298 0
11 0 19476449 0
12 1 3969342 2581
13 0 15464382 0
14 0 15398808 0
15 1 14938462 7464
16 1 3261993 2128
17 0 20821190 0
18 0 22375546 0
19 0 20237320 0
20 0 19309344 0
21 0 20188639 0
22 0 15398863 0
23 0 19325670 0
24 1 6332576 4138
25 0 20490705 0
26 0 19781844 0
27 0 15432482 0
28 0 20383058 0
29 0 19905405 0
30 0 21503181 0
31 0 22534584 0
32 0 21252090 0
33 0 20032154 0
34 0 22215678 0
35 0 19985696 0
36 1 7879825 3119
37 0 16114431 0
38 0 21036199 0
39 0 22478843 0
40 0 20797682 0
41 0 20614807 0
42 0 15398774 0
43 0 15454469 0
44 0 22770964 0
45 0 21646910 0
46 0 17536394 0
47 0 22579800 0
48 0 22745084 0
49 0 16506872 0
50 1 8764963 5753
51 0 22866851 0
52 1 19582695 9836
53 0 19857438 0
54 0 19796799 0
55 0 19153690 0
56 0 22735936 0
57 1 9747420 6068
58 0 15391558 0
59 0 21590268 0
60 0 19718316 0
61 1 10909533 5242
62 0 18893155 0
63 0 18883003 0
64 0 19902283 0
65 0 19845433 0
66 0 19767528 0
67 0 19416535 0
68 0 19689538 0
69 0 19909496 0
70 1 10657368 7003
71 1 4484800 2952
72 0 22415333 0
73 0 16368979 0
74 0 22824088 0
75 0 22242985 0
76 0 20438819 0
77 0 20550371 0
78 0 20252089 0
79 0 22715611 0
80 0 22713672 0
81 0 22223510 0
82 0 22153981 0
83 0 15406560 0
84 0 19242673 0
85 0 19619339 0
86 0 18945414 0
87 0 19308044 0
88 0 21961940 0
89 0 20561731 0
90 0 22002155 0
91 0 21691075 0
92 0 22346196 0
93 0 20611727 0
94 1 10551619 6853
95 0 15408908 0
96 0 21423562 0
97 0 15497868 0
98 1 11807162 4081
99 0 19620387 0
100 0 20088087 0
101 0 22621556 0
102 0 22587502 0
103 0 20923910 0
104 1 14537542 9441
105 0 19898586 0
106 0 22675581 0
107 0 22752505 0
108 0 21231921 0
109 1 4027711 2496
110 1 1881265 1215
111 0 22754133 0
112 1 4161354 2265
113 0 22810707 0
114 1 3633277 2353
115 0 21846144 0
116 1 6037934 2706
117 1 1932429 1267
118 1 11958326 7340
119 1 14443068 6544
120 0 15472910 0
121 0 21659467 0
122 0 15410973 0
123 1 12257253 6804
124 0 20179045 0
125 0 21904106 0
126 0 22501388 0
127 0 15837700 0
128 1 18688222 9470
129 0 19243889 0
130 1 6337181 4164
131 0 16107321 0
132 0 19751540 0
133 0 22328163 0
134 0 15464000 0
135 0 22819524 0
136 1 9135634 6003
137 0 19943042 0
138 0 21826575 0
139 1 11614317 4692
140 0 19820062 0
141 0 20017857 0
142 1 16674625 8020
143 1 15425095 7274
144 0 19301798 0
145 1 799300 516
146 1 945650 613
147 1 729873 402
148 0 19532921 0
149 0 19786687 0
150 0 19908364 0
151 1 235817 152
152 0 18816915 0
153 0 19946094 0
154 0 19064825 0
155 1 1234874 470
156 1 20210643 8688
157 1 15428107 6239
158 1 14005024 8931
159 1 1757988 1140
160 0 20724784 0
161 0 18892892 0
162 0 18537671 0
163 0 15442461 0
164 0 19123910 0
165 1 8080700 4406
166 1 608609 396
167 1 1723550 1131
168 1 13180020 8614
169 1 9222331 4086
170 0 19154559 0
171 0 22352978 0
172 0 21417774 0
173 1 4025869 2654
174 1 8574067 5584
175 0 20848336 0
176 0 20401603 0
177 0 22427759 0
178 1 4951741 3223
179 0 21861198 0
180 0 17764286 0
181 1 15944534 8897
182 1 4005288 1904
183 0 20139697 0
184 0 22046172 0
185 0 21432808 0
186 0 19511596 0
187 0 16750029 0
188 0 15399512 0
189 0 18865996 0
190 0 22538730 0
191 0 19724920 0
192 0 19263109 0
193 0 18984298 0
194 0 15418917 0
195 0 18817212 0
196 0 15424044 0
197 0 19550034 0
198 0 18863202 0
199 0 20040200 0
200 0 21810505 0
201 0 15391981 0
202 1 3259690 2124
203 0 19137173 0
204 0 17064267 0
205 0 19752174 0
206 1 8403084 5004
207 0 19018598 0
208 0 16249822 0
209 0 19946566 0
210 1 6738083 4006
211 0 21252435 0
212 1 2726925 1775
213 0 20257957 0
214 1 10931140 5183
215 0 19927032 0
216 1 7399805 4809
217 0 20274068 0
218 1 9768594 6380
219 0 19040014 0
220 0 21148082 0
221 0 19743664 0
222 0 20799370 0
223 0 21642566 0
224 0 15399692 0
225 0 19580761 0
226 0 21037305 0
227 0 15406364 0
228 0 19728080 0
229 1 20529920 8807
230 0 15394653 0
231 0 15406788 0
232 0 19498291 0
233 0 16793500 0
234 1 4812128 3132
235 0 19114796 0
236 0 18693586 0
237 1 4601481 3011
238 1 4134747 2693
239 0 21528339 0
240 0 15406702 0
241 0 21338640 0
242 0 20089516 0
243 0 20011831 0
244 0 19158882 0
245 1 13838739 9013
246 0 19319224 0
247 0 19772851 0
248 0 21141705 0
249 0 19570446 0
250 0 19753395 0
251 0 15476982 0
252 0 21387932 0
253 0 22707060 0
254 1 9896081 6497
255 1 914589 289
256 0 20439561 0
257 1 6889214 4390
258 1 14703637 8175
259 0 21761453 0
260 0 22568127 0
261 0 21693078 0
262 1 6512347 4203
263 0 22630821 0
264 1 2404109 1580
265 1 11152761 6929
266 0 19198668 0
267 1 10065927 6599
268 0 15412643 0
269 1 4353550 2658
270 0 19393249 0
271 0 15426272 0
272 0 20611659 0
273 1 7714819 5031
274 0 19292641 0
275 0 19564942 0
276 0 20054014 0
277 0 19393055 0
278 1 1985343 971
279 1 1874161 1220
280 0 19175813 0
281 1 3023458 1970
282 0 22712246 0
283 0 21728315 0
284 0 22726859 0
285 0 21744098 0
286 0 15406758 0
287 0 16049597 0
288 0 21142316 0
289 0 22367113 0
290 1 2313369 1508
291 0 21257634 0
292 1 370440 241
293 0 20417354 0
294 0 20913942 0
295 0 22647594 0
296 0 22715000 0
297 0 22734534 0
298 1 6209173 4082
299 1 9619742 6284
300 1 6712580 4382
301 0 19307766 0
302 0 20036334 0
303 1 20644999 9979
304 1 12357333 8018
305 0 21583727 0
306 0 19519888 0
307 0 19766321 0
308 0 15433884 0
309 1 7413299 4260
310 0 18941973 0
311 0 18988340 0
312 0 15454168 0
313 0 18805687 0
314 0 19270295 0
315 0 20873750 0
316 0 20280719 0
317 0 19794695 0
318 0 19958061 0
319 0 19764240 0
320 0 18672697 0
321 0 21121313 0
322 1 13429392 8790
323 1 4598812 3017
324 1 4058003 1442
325 0 21280447 0
326 1 6969428 3641
327 0 19228998 0
328 0 19845462 0
329 0 15418547 0
330 0 20157380 0
331 0 19987428 0
332 0 19383685 0
333 0 19261767 0
334 1 18077525 9917
335 0 22397569 0
336 1 9720069 6347
337 0 20023332 0
338 0 18628461 0
339 0 19019926 0
340 1 6484265 2874
341 0 19035254 0
342 0 21408878 0
343 0 21220676 0
344 0 19928426 0
345 0 20474334 0
346 0 20031743 0
347 0 20646563 0
348 1 6980979 4555
349 0 20452872 0
350 0 19129353 0
351 0 19971533 0
352 0 19469634 0
353 0 19874014 0
354 0 19327004 0
355 1 1903744 1236
356 1 5806893 3766
357 1 165095 77
358 1 14544985 9354
359 1 12875006 6669
360 0 18996168 0
361 1 8890886 5797
362 1 1135326 735
363 1 4307643 2807
364 0 22277597 0
365 0 21157731 0
366 1 20482060 9392
367 0 19982734 0
368 0 20170592 0
369 1 1365621 677
370 0 19376371 0
371 1 12920454 7983
372 0 18215802 0
373 0 21454214 0
374 0 20151115 0
375 1 12012530 7124
376 0 19202552 0
377 1 12437036 6475
378 1 11472451 6905
379 1 5999600 3634
380 0 19471531 0
381 0 22107224 0
382 0 22617992 0
383 0 15495492 0
384 0 21646814 0
385 0 22676782 0
386 0 15455720 0
387 1 9880510 6445
388 0 19794422 0
389 0 18594153 0
390 0 19414475 0
391 1 17927713 9776
392 0 19252079 0
393 1 17147372 8747
394 0 21542874 0
395 0 21541613 0
396 1 9028446 5920
397 1 14355871 8490
398 0 19373544 0
399 0 19338740 0
400 1 17030311 7356
401 1 5844451 1919
402 0 22627985 0
403 0 22436265 0
404 0 19325381 0
405 1 12914194 8417
406 0 19514280 0
407 0 19349496 0
408 1 9191177 4452
409 1 7777820 5072
410 1 4674868 3052
411 1 5022381 2050
412 1 14769950 9649
413 0 19120824 0
414 0 19884151 0
415 0 18690589 0
416 0 22731031 0
417 1 19168020 9009
418 1 6075569 3989
419 1 4214287 2744
420 0 22241757 0
421 0 21652567 0
422 0 19680141 0
423 0 22466719 0
424 0 15423942 0
425 0 21404727 0
426 0 19837231 0
427 1 6221254 4076
428 0 20429721 0
429 0 19908868 0
430 0 19926300 0
431 0 20357196 0
432 1 6797155 4429
433 0 19238315 0
434 0 20311031 0
435 0 19812875 0
436 0 19424091 0
437 0 19449394 0
438 0 15409670 0
439 0 19101069 0
440 1 3030420 1983
441 0 22715589 0
442 1 2418977 1592
443 0 22668919 0
444 0 15438838 0
445 1 14723579 9584
446 0 19714669 0
447 0 20010413 0
448 0 19781645 0
449 1 11960624 7858
450 0 20840019 0
451 0 20366460 0
452 1 12633940 7794
453 1 3954676 2591
454 1 7982021 5248
455 0 19778492 0
456 0 16323930 0
457 0 22383455 0
458 1 7362705 4713
459 0 20763676 0
460 1 870540 562
461 0 22395976 0
462 1 6398590 4212
463 0 22809689 0
464 0 16388403 0
465 1 13437897 8432
466 1 341235 219
467 0 19564325 0
468 0 19960471 0
469 1 6889679 4469
470 0 21138605 0
471 0 20934353 0
472 0 15489123 0
473 0 20220744 0
474 1 10892742 7166
475 0 22674980 0
476 0 20726958 0
477 1 18413449 7811
478 0 19828268 0
479 0 19766742 0
480 1 4145393 1681
481 0 22395652 0
482 0 19297603 0
483 0 21657628 0
484 0 20925857 0
485 0 18189985 0
486 0 20049114 0
487 0 20443888 0
488 0 20341906 0
489 1 1735903 1133
490 0 20462690 0
491 0 19703842 0
492 0 15452795 0
493 0 21341916 0
494 0 19464295 0
495 0 21725332 0
496 1 6550812 4260
497 1 5939763 3897
498 0 20496049 0
499 1 14589987 6917
500 0 20330851 0
501 0 21264482 0
502 0 20044735 0
503 0 22808935 0
504 0 22573682 0
505 0 20901466 0
506 0 21999678 0
507 0 19461678 0
508 0 20497353 0
509 0 20040655 0
510 0 19505595 0
511 0 22616393 0
512 0 22393050 0
513 0 21707830 0
514 1 4967081 3189
515 1 13125286 7471
516 0 19666330 0
517 0 19642478 0
518 0 20021391 0
519 0 21366526 0
520 1 8090974 5300
521 1 1318943 755
522 0 15438203 0
523 0 19817627 0
524 1 13024061 8560
525 0 19100431 0
526 0 19758636 0
527 0 16032529 0
528 0 15419129 0
529 0 19840640 0
530 0 18915039 0
531 0 21914314 0
532 0 22840620 0
533 0 20885028 0
534 1 17153195 8576
535 0 20003556 0
536 1 517081 331
537 1 3238506 2126
538 0 19909455 0
539 0 22138636 0
540 1 12157261 7973
541 0 22861450 0
542 1 8832659 2869
543 1 15483492 7609
544 0 22358575 0
545 0 19172552 0
546 1 17900011 9096
547 0 20935840 0
548 1 16633524 7999
549 0 19248089 0
550 1 16191859 8467
551 0 21739761 0
552 0 20097172 0
553 0 22867936 0
554 0 21839705 0
555 1 8310693 5460
556 0 20080761 0
557 0 22434073 0
558 1 11978226 7858
559 1 14840139 9760
560 1 6904276 4529
561 1 1302206 420
562 0 21947677 0
563 1 351582 141
564 0 20958959 0
565 0 20758177 0
566 0 21332538 0
567 0 22841103 0
568 0 22158123 0
569 1 6893852 4537
570 0 21626321 0
571 0 20624326 0
572 1 11575971 7577
573 0 19488306 0
574 1 13461537 8862
575 1 11666187 4675
576 1 7908586 5192
577 0 16116978 0
578 0 21058586 0
579 0 19796741 0
580 0 15457551 0
581 0 19592782 0
582 1 2518208 1633
583 1 1679389 728
584 0 19604001 0
585 0 20735769 0
586 0 15421640 0
587 0 19722461 0
588 0 15462329 0
589 0 18645029 0
590 1 3473334 1851
591 0 18835892 0
592 1 1131116 735
593 0 19650182 0
594 0 19966453 0
595 0 21669203 0
596 1 533339 344
597 0 15465866 0
598 0 19371074 0
599 0 20551020 0
600 1 1685882 1085
601 1 11595611 7561
602 0 15928687 0
603 0 22572268 0
604 0 22077733 0
605 0 22716536 0
606 0 21366446 0
607 0 19713333 0
608 1 14256912 9284
609 1 5829706 3808
610 0 19059679 0
611 0 20060918 0
612 0 15405659 0
613 0 20195251 0
614 0 19206038 0
615 0 15436230 0
616 0 19610661 0
617 0 19651826 0
618 1 17023063 8810
619 0 22570800 0
620 1 6656009 4369
621 0 19317266 0
622 0 15485464 0
623 1 2974171 1959
624 1 11216257 7321
625 0 19297746 0
626 0 20301328 0
627 0 20978515 0
628 0 22305511 0
629 0 21453774 0
630 0 20049849 0
631 0 22714568 0
632 0 18705865 0
633 1 8984514 5838
634 0 20357186 0
635 0 19996393 0
636 0 20826260 0
637 0 20619232 0
638 0 15413523 0
639 0 16222566 0
640 1 6774445 4442
641 0 19566831 0
642 1 7051559 4632
643 0 19432401 0
644 1 14500447 8246
645 0 19838522 0
646 1 3535752 1353
647 1 15206728 9946
648 0 20628285 0
649 0 19168188 0
650 0 19520277 0
651 1 7555677 4915
652 0 19243014 0
653 1 15024308 7574
654 0 18986855 0
655 1 6397941 4155
656 0 19545093 0
657 0 18973084 0
658 0 20067574 0
659 0 20032181 0
660 0 22641735 0
661 0 21513872 0
662 1 10746100 3483
663 0 22852311 0
664 0 22042876 0
665 0 20591267 0
666 0 18534561 0
667 0 19806342 0
668 1 13806682 8982
669 0 19648774 0
670 1 16012292 7967
671 0 16889113 0
672 1 14554390 7706
673 1 2355416 1278
674 0 18862604 0
675 0 20004314 0
676 1 3441693 1777
677 0 19311037 0
678 0 21314105 0
679 0 15460908 0
680 1 2417074 1579
681 0 19357178 0
682 1 2248964 1465
683 1 7507261 4898
684 0 19774744 0
685 0 16530882 0
686 1 2662965 1735
687 1 7484053 3692
688 0 18791484 0
689 0 15408684 0
690 0 20442608 0
691 0 19723535 0
692 0 19730935 0
693 0 21142524 0
694 1 2798433 1147
695 1 5951896 3880
696 1 3455963 1682
697 1 9034887 4956
698 0 18893937 0
699 0 15435532 0
700 1 4030218 2618
701 1 1510596 982
702 1 3473411 2283
703 1 1957191 1277
704 0 19742207 0
705 0 19466732 0
706 1 9202753 5991
707 0 21554187 0
708 1 3272902 2153
709 0 20904844 0
710 0 15443341 0
711 0 21010884 0
712 0 20720513 0
713 1 9319360 6069
714 1 497694 232
715 0 19104684 0
716 0 18853771 0
717 0 19737836 0
718 1 10101278 5740
719 1 8594255 4634
720 0 19350645 0
721 0 19620668 0
722 1 6224798 4078
723 1 8823399 5745
724 1 7161423 4671
725 0 19317826 0
726 1 7761644 5057
727 0 19656966 0
728 0 20952860 0
729 0 19658117 0
730 1 12478739 6207
731 1 2570016 1666
732 0 19146708 0
733 0 20112364 0
734 1 2187450 1427
735 0 18790618 0
736 0 21789816 0
737 0 20120400 0
738 0 20750693 0
739 0 20816633 0
740 1 6189797 2636
741 0 22245475 0
742 0 22656125 0
743 0 22716129 0
744 0 21887580 0
745 1 8999178 5860
746 0 19887390 0
747 1 8276680 3508
748 1 8978394 5888
749 0 18504733 0
750 1 19307351 8070
751 1 2451780 1064
752 1 4679332 3051
753 0 22730812 0
754 0 21956300 0
755 0 22758678 0
756 1 16563687 6715
757 1 3097193 2036
758 0 21649154 0
759 1 5566599 3631
760 0 19050354 0
761 0 19515116 0
762 1 3158615 1166
763 0 21761464 0
764 1 9693445 6318
765 0 19661106 0
766 1 102044 57
767 0 19701649 0
768 1 5426314 3545
769 1 14714699 8025
770 0 19325572 0
771 0 19700199 0
772 0 19477563 0
773 0 20132424 0
774 0 22632318 0
775 1 297405 191
776 0 20321377 0
777 0 19370672 0
778 0 19055733 0
779 1 9446122 6133
780 0 19518534 0
781 1 9873600 6434
782 0 18884429 0
783 0 19381968 0
784 1 8959456 5839
785 1 515993 258
786 0 15445175 0
787 0 20266266 0
788 1 11578714 7548
789 0 15430185 0
790 0 20388398 0
791 0 20350800 0
792 0 19757904 0
793 0 15466350 0
794 0 20871561 0
795 0 15422568 0
796 0 19430237 0
797 0 22713845 0
798 1 6688523 3899
799 1 190032 121
800 0 22536523 0
801 1 9884872 6460
802 0 21208520 0
803 0 20305549 0
804 0 15459475 0
805 0 19646711 0
806 0 18730546 0
807 1 13258879 7660
808 0 17121021 0
809 0 20833729 0
810 1 6640482 4303
811 0 18988433 0
812 0 15541801 0
813 0 19520739 0
814 0 18981496 0
815 1 6496368 4230
816 0 19435792 0
817 1 2719067 1778
818 1 4922215 2713
819 0 19189431 0
820 0 19304976 0
821 1 15858641 7934
822 0 22145366 0
823 1 8380092 5455
824 0 18291815 0
825 1 3255915 1642
826 1 15477285 8600
827 0 19477161 0
828 0 18631218 0
829 0 19884641 0
830 0 21510756 0
831 0 18774950 0
832 0 19679848 0
833 1 18746349 8008
834 0 21668059 0
835 1 8837708 5759
836 1 4952615 3261
837 0 20864735 0
838 0 20592386 0
839 1 6633984 2810
840 1 5590188 3684
841 1 9089487 5974
842 0 20028304 0
843 0 15409730 0
844 0 20595293 0
845 0 19494809 0
846 0 19280655 0
847 0 19883153 0
848 0 18790888 0
849 0 19267679 0
850 1 7432148 2971
851 0 19074165 0
852 1 8177001 5369
853 0 19522110 0
854 0 15522141 0
855 0 22700863 0
856 0 21351176 0
857 0 20722576 0
858 0 22349300 0
859 0 22110661 0
860 0 21954409 0
861 1 15338890 7772
862 1 2620893 1704
863 0 19203783 0
864 0 21976827 0
865 0 20349345 0
866 0 18885364 0
867 1 13666597 7878
868 1 8776928 4400
869 1 2732284 1780
870 0 19022500 0
871 0 19366814 0
872 0 20281276 0
873 1 15451510 8777
874 0 18836083 0
875 1 8652165 5648
876 0 19508909 0
877 0 19022338 0
878 0 22548368 0
879 1 955493 374
880 0 20627456 0
881 0 21406172 0
882 1 65709 37
883 0 20212516 0
884 0 15406335 0
885 0 18594538 0
886 0 18676329 0
887 1 279369 165
888 1 4915874 2860
889 1 11542057 7608
890 1 1656732 1077
891 0 22620659 0
892 1 8824815 5752
893 1 2204717 1423
894 1 4574695 2976
895 0 17189838 0
896 0 19410929 0
897 0 19506902 0
898 0 19929553 0
899 1 12779757 8320
900 0 22345096 0
901 1 4921909 3206
902 0 20468180 0
903 0 18912007 0
904 0 19128609 0
905 0 15429346 0
906 1 431205 278
907 1 4863557 3194
908 1 4028827 2615
909 0 20328467 0
910 1 9189974 4630
911 0 19503868 0
912 1 11850656 7718
913 0 22823351 0
914 0 22836425 0
915 1 13288935 8588
916 1 4714109 3063
917 1 7852050 5106
918 0 19826611 0
919 0 19596860 0
920 0 19719010 0
921 0 21898417 0
922 0 20758881 0
923 0 22038371 0
924 0 20718182 0
925 0 21731176 0
926 0 21823788 0
927 0 21117569 0
928 0 21552412 0
929 0 19924609 0
930 1 7047835 4626
931 0 20491718 0
932 1 5690547 3705
933 1 9232665 5980
934 1 11955136 6208
935 0 20106554 0
936 1 5216357 3423
937 0 20771826 0
938 0 19414885 0
939 1 9882995 6479
940 1 1914558 1241
941 0 21979679 0
942 0 20994733 0
943 1 11916612 3920
944 0 22648936 0
945 1 5522255 3579
946 1 14438776 9388
947 0 19601108 0
948 0 20242183 0
949 0 18686182 0
950 0 20483709 0
951 0 21243263 0
952 1 13251144 8042
953 0 19135172 0
954 0 19371469 0
955 0 15410910 0
956 0 19237628 0
957 0 19897531 0
958 1 14844878 9692
959 0 18996757 0
960 1 6591392 4313
961 1 4476116 2929
962 1 1810565 1191
963 1 11020206 7261
964 1 2752148 1806
965 1 10086245 6617
966 0 15488943 0
967 1 9591934 6273
968 0 21545237 0
969 0 18178024 0
970 1 2117179 806
971 1 2054275 1341
972 0 20615415 0
973 1 11997069 7824
974 0 22699385 0
975 1 3389125 2222
976 0 20056934 0
977 0 20098958 0
978 0 19325237 0
979 0 20547001 0
980 0 15406690 0
981 0 18567498 0
982 0 18624204 0
983 0 21124315 0
984 1 88024 48
985 0 19323607 0
986 0 19362710 0
987 1 4391402 2864
988 0 19719157 0
989 1 6867321 2716
990 0 19771251 0
991 0 20462441 0
992 0 19732766 0
993 1 4494903 2395
994 1 11798119 7683
995 0 19444848 0
996 0 22376133 0
997 0 20570607 0
998 0 19021542 0
999 0 19524111 0
1000 0 17636935 0
1001 1 15727389 7269
1002 1 3125442 2059
1003 0 20112930 0
1004 0 19719949 0
1005 0 22403901 0
1006 1 3844825 2505
1007 1 9658174 6308
1008 1 11126341 6689
1009 0 16836856 0
1010 0 18628801 0
1011 0 20302710 0
1012 0 20587260 0
1013 0 19680162 0
1014 0 19593902 0
1015 0 19896204 0
1016 1 6728780 4428
1017 0 20763123 0
1018 0 20505823 0
1019 0 20462914 0
1020 0 20775103 0
1021 0 19851353 0
1022 1 2422472 1571
1023 0 22837063 0
1024 1 10252090 6729
1025 0 19193029 0
1026 0 20321398 0
1027 0 15420642 0
1028 0 20329717 0
1029 0 19727877 0
1030 1 4875813 2094
1031 0 19550003 0
1032 0 19215247 0
1033 0 19805984 0
1034 1 1168338 763
1035 0 22513660 0
1036 0 20240386 0
1037 0 15452225 0
1038 0 19896381 0
1039 0 22718136 0
1040 0 15451644 0
1041 1 904017 586
1042 0 21405055 0
1043 1 1462803 797
1044 0 20655988 0
1045 0 15479693 0
1046 0 20368942 0
1047 0 22465020 0
1048 0 20711813 0
1049 0 19761226 0
1050 1 12880723 5364
1051 1 14222373 9261
1052 1 4408124 1918
1053 1 6884381 4505
1054 1 14088051 6349
1055 0 21890400 0
1056 0 18487419 0
1057 0 19820833 0
1058 0 19600814 0
1059 0 18940478 0
1060 0 19209231 0
1061 1 14535668 9446
1062 0 19594130 0
1063 0 15432765 0
1064 0 19692478 0
1065 1 14894742 8832
1066 1 1739487 1145
1067 0 18757967 0
1068 1 10506547 6861
1069 0 19461211 0
1070 0 19496496 0
1071 0 20039433 0
1072 0 19723866 0
1073 0 22287771 0
1074 0 20996384 0
1075 0 21906011 0
1076 1 16318332 7470
1077 0 19663349 0
1078 0 15411852 0
1079 0 20178332 0
1080 0 21468520 0
1081 0 15429484 0
1082 1 1837086 1199
1083 0 20102621 0
1084 1 11479690 7448
1085 1 4358430 2843
1086 0 19397949 0
1087 0 18793870 0
1088 0 19969206 0
1089 0 15415099 0
1090 0 19737378 0
1091 0 19471943 0
1092 0 18611944 0
1093 0 19489955 0
1094 0 19200310 0
1095 1 11544511 7510
1096 0 19559618 0
1097 1 1745858 1009
1098 0 21566270 0
1099 0 20419234 0
1100 1 9109742 5901
1101 0 21839475 0
1102 0 20755664 0
1103 0 19325680 0
1104 0 15414050 0
1105 0 20091624 0
1106 0 19562372 0
1107 0 19111615 0
1108 0 15415900 0
1109 0 19767598 0
1110 0 22697374 0
1111 0 21001385 0
1112 0 19438646 0
1113 0 20247886 0
1114 1 4434801 2899
1115 0 18723228 0
1116 0 20987831 0
1117 0 22484040 0
1118 1 7366924 4052
1119 0 22722240 0
1120 0 21782084 0
1121 0 20244446 0
1122 0 15427215 0
1123 0 22738516 0
1124 1 16770547 6979
1125 0 20857507 0
1126 1 2366885 1518
1127 1 11806656 7605
1128 0 22766655 0
1129 1 6211658 4089
1130 0 20525936 0
1131 1 12988577 6501
1132 0 19129946 0
1133 1 455174 295
1134 1 11592581 7618
1135 0 19737369 0
1136 1 12325606 6801
1137 1 5580289 3534
1138 1 2945659 1914
1139 1 4158644 2704
1140 0 20473773 0
1141 0 18940566 0
1142 0 22416102 0
1143 0 18399108 0
1144 1 12120803 7887
1145 1 6901710 3577
1146 1 11099519 7288
1147 0 19149975 0
1148 1 8062705 4828
1149 0 19770848 0
1150 1 3904826 2551
1151 1 8761417 5743
1152 1 8306565 3756
1153 1 11946961 5965
1154 0 20149937 0
1155 0 22774188 0
1156 0 20437252 0
1157 0 15411256 0
1158 0 21239457 0
1159 0 20157604 0
1160 1 1981879 708
1161 0 20564137 0
1162 0 20759773 0
1163 1 15224611 7700
1164 1 8540208 5567
1165 1 3458438 1802
1166 1 14256189 6382
1167 0 20081861 0
1168 1 13247265 7775
1169 0 20984624 0
1170 0 19788402 0
1171 0 20415893 0
1172 1 7435167 4168
1173 1 15187887 9897
1174 0 19340170 0
1175 1 5208650 2898
1176 0 19628355 0
1177 0 22598358 0
1178 1 9147992 5999
1179 1 3544756 2297
1180 0 19799362 0
1181 1 1813844 1188
1182 0 19821370 0
1183 0 19690770 0
1184 1 3508348 1919
1185 0 15416197 0
1186 1 1786669 1158
1187 0 19235192 0
1188 0 19566619 0
1189 1 10493612 6897
1190 1 7509218 4862
1191 0 19165287 0
1192 1 5543857 3596
1193 0 22832163 0
1194 0 21636074 0
1195 0 19997361 0
1196 1 10627134 6998
1197 0 19028524 0
1198 0 19321466 0
1199 0 19424610 0
0 0 21566687 0
1 0 19684458 0
2 0 19409520 0
3 1 17749233 8538
4 1 5613047 2878
5 1 16369913 9643
6 0 19291142 0
7 0 20019637 0
8 1 926414 602
9 0 21912475 0
10 1 14427958 7484
11 0 19395778 0
12 1 2147397 1409
13 1 16514528 6604
14 0 19853278 0
15 0 20060424 0
16 0 19687894 0
17 0 19120342 0
18 0 19232341 0
19 0 19520481 0
20 0 21609887 0
21 0 20256883 0
22 1 1265689 696
23 0 15420892 0
24 0 15399869 0
25 1 1430416 932
26 1 13210037 8704
27 0 20261578 0
28 0 15416059 0
29 0 15511675 0
30 0 20469122 0
31 0 19352869 0
32 0 22372671 0
33 1 1632934 1073
34 0 19941300 0
35 0 15434074 0
36 0 19594118 0
37 1 1536594 996
38 0 19733646 0
39 1 13137837 8563
40 0 18962617 0
41 0 19867327 0
42 1 13342797 8689
43 1 9925043 5293
44 0 19167393 0
45 0 18845906 0
46 1 4315733 2818
47 0 16972546 0
48 0 18808460 0
49 0 22168761 0
50 1 8658532 5589
51 0 19459558 0
52 0 20820899 0
53 0 20864528 0
54 0 19694552 0
55 0 18525061 0
56 0 19287218 0
57 0 19977777 0
58 1 22246 7
59 0 21785429 0
60 0 19896653 0
61 1 7616319 4934
62 0 20268810 0
63 1 8563510 5185
64 1 10451586 6821
65 0 18920224 0
66 1 13440832 7086
67 0 19053105 0
68 0 20745875 0
69 0 19326426 0
70 0 19195251 0
71 1 11206917 7334
72 1 1956236 1273
73 0 19434750 0
74 1 7575588 4898
75 0 20083041 0
76 0 21869268 0
77 1 5770344 3768
78 0 19708807 0
79 0 19434434 0
80 0 18686483 0
81 0 20719352 0
82 0 15377164 0
83 0 19916384 0
84 0 21092841 0
85 0 20362807 0
86 0 19398530 0
87 1 9261397 5141
88 1 16405489 9070
89 0 19007944 0
90 0 19649773 0
91 1 17568115 9595
92 0 20190420 0
93 1 13422626 8749
94 0 15484170 0
95 0 15414380 0
96 1 10970141 5266
97 1 4763158 3112
98 0 18745420 0
99 0 19385478 0
100 0 20347019 0
101 0 19101722 0
102 0 19274434 0
103 0 19258083 0
104 0 22024345 0
105 0 21618881 0
106 0 19353950 0
107 0 20269096 0
108 0 15419233 0
109 0 19421925 0
110 1 7055676 4074
111 1 2957471 1926
112 0 19871462 0
113 1 842706 545
114 1 14334828 9340
115 0 19396373 0
116 0 19743301 0
117 0 15410876 0
118 0 20233944 0
119 0 21145505 0
120 0 15435874 0
121 1 2296315 1493
122 0 19694500 0
123 0 19035219 0
124 0 16779284 0
125 0 15421048 0
126 0 19065891 0
127 0 19329475 0
128 0 20168360 0
129 0 18457838 0
130 0 19717550 0
131 0 22661356 0
132 1 9440142 6145
133 1 15043940 9815
134 0 19104817 0
135 0 22280947 0
136 0 19233019 0
137 0 19003436 0
138 0 19585271 0
139 0 19869837 0
140 1 10599567 6951
141 0 21022352 0
142 0 15396775 0
143 0 20530499 0
144 0 15422697 0
145 0 18811630 0
146 0 19956080 0
147 1 6927038 4569
148 0 18791325 0
149 1 14457388 6678
150 1 10414780 6738
151 0 20416252 0
152 0 19639774 0
153 0 21067685 0
154 0 20808095 0
155 0 15395928 0
156 0 22116135 0
157 1 881310 574
158 0 19097821 0
159 0 19910245 0
160 0 20216599 0
161 0 22855673 0
162 0 22090184 0
163 0 19747959 0
164 1 3148076 2070
165 0 19183665 0
166 0 20476707 0
167 0 15418529 0
168 0 22261251 0
169 0 21671454 0
170 0 22801774 0
171 1 10441635 6865
172 0 20406777 0
173 0 20140890 0
174 1 9258029 6101
175 0 17448140 0
176 1 3325969 2186
177 0 21434874 0
178 1 9170824 5976
179 1 417343 261
180 1 8966404 4343
181 1 16095964 8779
182 0 15411079 0
183 0 15405726 0
184 1 14009502 7360
185 0 16489965 0
186 0 21828001 0
187 1 6694880 4379
188 1 113382 71
189 0 18812484 0
190 0 19194730 0
191 0 19703835 0
192 0 18804889 0
193 0 18424467 0
194 1 958019 624
195 0 22673625 0
196 0 20917662 0
197 0 15412707 0
198 0 19260000 0
199 0 19963108 0
200 0 15458440 0
201 0 20157889 0
202 1 526836 340
203 0 21904105 0
204 0 21848365 0
205 0 21826170 0
206 0 19913322 0
207 0 16804564 0
208 0 15400248 0
209 0 18722168 0
210 1 1213858 534
211 0 19503300 0
212 1 18206596 9614
213 0 22562105 0
214 0 21076944 0
215 0 20834521 0
216 0 20624858 0
217 0 20631684 0
218 0 20073956 0
219 1 22068273 9616
220 0 18625282 0
221 0 22433421 0
222 1 5925157 3883
223 0 19947755 0
224 1 295216 188
225 1 262334 169
226 0 19911323 0
227 0 19723761 0
228 0 19782938 0
229 1 2911333 1396
230 0 19050697 0
231 1 10319583 4337
232 1 10260315 6688
233 1 910750 576
234 0 18541982 0
235 0 20319088 0
236 1 4646796 3023
237 0 22277315 0
238 1 11606740 5920
239 1 514968 200
240 1 10065936 6567
241 1 11261280 7361
242 1 10365298 6763
243 0 19562864 0
244 0 19594340 0
245 0 19080280 0
246 0 15413062 0
247 1 13903001 9069
248 1 5124205 2527
249 0 19538986 0
250 1 7566635 4925
251 0 22456089 0
252 1 9042157 5904
253 0 19144062 0
254 0 22308003 0
255 0 20198669 0
256 1 1963536 1277
257 0 20020020 0
258 0 19254726 0
259 0 18904891 0
260 0 18983857 0
261 0 19556822 0
262 1 6680454 2816
263 0 21538270 0
264 1 6394321 4183
265 0 19070674 0
266 1 4658999 2146
267 1 4240770 2330
268 0 18429890 0
269 0 19704073 0
270 0 21699317 0
271 0 20953676 0
272 0 21880812 0
273 0 20410568 0
274 0 18557978 0
275 1 2948843 1924
276 1 5669714 3688
277 0 19619624 0
278 1 5590496 3647
279 0 19948984 0
280 0 15387040 0
281 0 18602315 0
282 0 21981230 0
283 0 21211465 0
284 0 15433571 0
285 0 20172927 0
286 0 17417993 0
287 0 19318477 0
288 1 6132694 2807
289 1 18468027 9634
290 0 15445180 0
291 1 211284 135
292 0 19419995 0
293 0 19666264 0
294 1 9411541 5247
295 1 15171158 8001
296 1 13089746 8615
297 1 4133625 2722
298 0 20393716 0
299 0 17158931 0
300 1 12164912 7939
301 1 16037656 9055
302 0 19558826 0
303 1 9389172 6086
304 0 20648548 0
305 0 20121156 0
306 1 13442337 8835
307 1 4945873 3230
308 0 18402163 0
309 0 19577783 0
310 0 19977479 0
311 0 19766473 0
312 1 3951748 1749
313 0 19758595 0
314 0 19472037 0
315 0 20159847 0
316 0 19498025 0
317 1 2897995 1911
318 1 10553858 6810
319 0 22487966 0
320 0 15401329 0
321 1 12618994 8232
322 0 15489887 0
323 1 11044426 7223
324 0 19881830 0
325 0 19469406 0
326 0 16338091 0
327 1 16525673 9176
328 1 6534345 4261
329 0 18949755 0
330 0 15466666 0
331 0 18544718 0
332 0 20317032 0
333 0 18296320 0
334 0 19541883 0
335 1 6170201 4045
336 0 21878286 0
337 0 19694091 0
338 0 22724800 0
339 0 19970953 0
340 0 16038040 0
341 1 4033275 2632
342 0 18825042 0
343 0 18820198 0
344 1 12440118 8103
345 0 22071207 0
346 0 20092102 0
347 1 7367253 4799
348 1 6085066 3952
349 0 21597562 0
350 1 4706798 3088
351 0 22560110 0
352 1 15269963 9944
353 0 20189872 0
354 1 2666525 1742
355 0 19857252 0
356 0 21542770 0
357 0 15425289 0
358 0 19707852 0
359 0 22040904 0
360 0 19964948 0
361 1 6188779 3072
362 0 19999188 0
363 1 7707348 5037
364 1 12647175 8258
365 0 21191139 0
366 0 19005180 0
367 0 20147346 0
368 0 22123962 0
369 0 21237820 0
370 1 5193245 3428
371 0 19664767 0
372 0 21401313 0
373 0 19855557 0
374 0 18624315 0
375 0 19189674 0
376 1 3134768 2030
377 1 4064603 1510
378 1 5570573 3195
379 0 19808917 0
380 0 18548561 0
381 1 13662501 8910
382 0 18923147 0
383 0 19313900 0
384 1 2218273 1121
385 1 7696406 4038
386 0 20748693 0
387 0 21117738 0
388 0 20020237 0
389 0 20065415 0
390 0 15932859 0
391 0 19634296 0
392 1 13629057 7221
393 0 19801770 0
394 0 21818621 0
395 0 19589583 0
396 1 11253555 5953
397 0 19208727 0
398 1 881091 574
399 0 18783898 0
400 0 19470175 0
401 0 20447875 0
402 1 11827493 7693
403 0 19828213 0
404 0 17715364 0
405 0 18883903 0
406 0 15411819 0
407 0 19093892 0
408 0 19501797 0
409 0 15409096 0
410 0 20101223 0
411 1 17853004 9404
412 0 18744634 0
413 1 5642768 3665
414 0 19319935 0
415 0 19759568 0
416 0 19720580 0
417 1 1243652 818
418 0 20782405 0
419 0 20869914 0
420 1 359549 130
421 0 19175035 0
422 0 19310135 0
423 1 16476849 9762
424 0 15417726 0
425 1 4425526 1910
426 1 13875592 7396
427 0 19430504 0
428 1 9600478 6266
429 0 22321987 0
430 0 19629564 0
431 0 19556478 0
432 1 9636449 4966
433 1 14802117 9663
434 1 8193543 3886
435 1 12722606 7284
436 0 18990234 0
437 0 20405669 0
438 0 19684650 0
439 0 20075759 0
440 0 20686279 0
441 0 15445689 0
442 0 21728210 0
443 0 20885493 0
444 1 6714684 3412
445 0 21310437 0
446 0 18900212 0
447 0 18905239 0
448 0 19091077 0
449 1 7108402 4688
450 0 22663534 0
451 0 15408628 0
452 0 21425592 0
453 0 22670627 0
454 0 21593533 0
455 0 21196738 0
456 0 20946541 0
457 0 15425272 0
458 0 19535246 0
459 0 19732656 0
460 0 19951013 0
461 1 3073518 1346
462 0 21483908 0
463 0 15425187 0
464 0 19427296 0
465 1 4273229 2786
466 1 15121262 7675
467 1 10450893 5315
468 0 18858968 0
469 0 18746432 0
470 1 5131038 3339
471 0 15442835 0
472 0 18792522 0
473 0 21063005 0
474 0 15395412 0
475 0 19517412 0
476 1 18448185 9371
477 0 15968981 0
478 0 18838619 0
479 0 19033404 0
480 0 19729456 0
481 0 19563722 0
482 1 4857688 3166
483 0 20105998 0
484 0 17008275 0
485 0 18924749 0
486 0 19184801 0
487 0 19041903 0
488 0 21904748 0
489 0 20866030 0
490 1 1380188 822
491 0 20326708 0
492 0 18868320 0
493 0 19057296 0
494 0 19028602 0
495 0 19138065 0
496 0 22694590 0
497 0 22098757 0
498 1 14853527 9790
499 1 13564912 6481
500 0 20041951 0
501 0 19437179 0
502 0 15432931 0
503 0 20324687 0
504 0 19803329 0
505 0 19010239 0
506 0 22242461 0
507 1 13370905 8712
508 1 3403259 2018
509 1 3876270 2536
510 1 11623416 7581
511 0 22697302 0
512 0 21821223 0
513 1 8936267 2974
514 0 22005500 0
515 1 5120617 3347
516 1 3666779 1681
517 1 2254286 1477
518 1 14921764 9772
519 0 19327634 0
520 0 19349540 0
521 0 15446216 0
522 1 8801360 5769
523 0 18790939 0
524 1 16723229 8458
525 1 8406915 4936
526 1 12938004 8413
527 0 19434718 0
528 0 19286165 0
529 1 12039502 7165
530 0 22192071 0
531 0 15404489 0
532 0 21848920 0
533 0 15401006 0
534 0 20187397 0
535 0 15405288 0
536 0 20513016 0
537 0 20800140 0
538 0 15409099 0
539 0 20272717 0
540 0 19733474 0
541 0 15398626 0
542 0 18804131 0
543 0 22279073 0
544 0 15403505 0
545 0 19290829 0
546 0 19824092 0
547 0 22793211 0
548 0 21691352 0
549 0 20646810 0
550 1 11317897 7336
551 0 22811815 0
552 0 22783926 0
553 0 22805431 0
554 1 8115069 5270
555 0 17835197 0
556 0 19396294 0
557 0 22773491 0
558 1 4592723 1885
559 1 10320037 6735
560 1 3530413 2315
561 0 20931455 0
562 0 19730496 0
563 0 16985214 0
564 0 19058774 0
565 0 18004645 0
566 1 2316328 1506
567 1 3931947 1923
568 0 19246653 0
569 0 19712130 0
570 0 19479838 0
571 1 13650549 8397
572 0 15548893 0
573 0 15422664 0
574 0 19441493 0
575 0 22760509 0
576 0 21408972 0
577 0 15421751 0
578 1 5489816 3594
579 1 17578738 8611
580 1 17098455 9827
581 0 19455753 0
582 0 16563471 0
583 0 15406113 0
584 0 21238205 0
585 0 20813762 0
586 1 4838184 3180
587 0 22364547 0
588 0 22402942 0
589 1 180865 107
590 1 12461247 8197
591 0 22725540 0
592 0 20094183 0
593 0 19520939 0
594 0 20004278 0
595 1 4818886 3162
596 0 19376983 0
597 0 15421895 0
598 1 3411271 1736
599 0 19069100 0
600 0 19410114 0
601 1 232060 143
602 0 20097741 0
603 1 646395 418
604 1 18709891 9652
605 0 19490193 0
606 1 6127943 3982
607 0 19479685 0
608 0 20876256 0
609 0 21174546 0
610 0 19693924 0
611 0 19496767 0
612 0 20385582 0
613 1 9274056 6037
614 0 19505463 0
615 0 19581537 0
616 0 19479042 0
617 0 20496390 0
618 0 19763683 0
619 0 19732431 0
620 1 17016992 8881
621 1 8098204 4052
622 0 18627986 0
623 0 15399935 0
624 0 19316924 0
625 0 15419282 0
626 1 14861234 9698
627 0 20053344 0
628 0 19382614 0
629 0 19419388 0
630 0 21899977 0
631 0 19242684 0
632 0 20052266 0
633 1 4828172 3149
634 0 18864470 0
635 0 22501061 0
636 0 22105187 0
637 0 20367374 0
638 1 9775347 6421
639 0 19443979 0
640 0 19981224 0
641 0 20082449 0
642 0 19386521 0
643 0 16155293 0
644 0 19044848 0
645 0 21195160 0
646 1 4811756 3133
647 0 20171473 0
648 0 19693765 0
649 0 20949700 0
650 1 6089864 3996
651 0 20382860 0
652 0 15405692 0
653 0 19159617 0
654 0 19752827 0
655 0 22474133 0
656 1 7851766 5156
657 0 15464442 0
658 0 19147069 0
659 0 22679218 0
660 1 6618245 4259
661 1 3939170 2591
662 0 19774988 0
663 0 15397868 0
664 1 7115572 4691
665 0 20310909 0
666 0 19246470 0
667 0 19151719 0
668 1 265431 138
669 1 2615199 1716
670 0 19004219 0
671 0 20744522 0
672 0 19835798 0
673 0 19724242 0
674 0 21408842 0
675 0 15379009 0
676 0 20918896 0
677 0 16000400 0
678 1 17012567 8512
679 0 20316781 0
680 0 19168607 0
681 0 15403470 0
682 0 22497626 0
683 0 15437976 0
684 0 20586563 0
685 0 22484571 0
686 0 22016883 0
687 0 21455434 0
688 0 22378193 0
689 0 18457479 0
690 0 21651427 0
691 0 18773055 0
692 0 21774045 0
693 0 21388580 0
694 0 15411454 0
695 0 17864743 0
696 1 18336846 9505
697 1 14354232 6710
698 0 19443718 0
699 0 15417023 0
700 0 22804995 0
701 0 15419386 0
702 0 22167820 0
703 1 8464621 5569
704 0 21427471 0
705 0 22045328 0
706 0 21329341 0
707 0 19571003 0
708 0 18251547 0
709 0 19451323 0
710 0 22797448 0
711 1 10085345 5891
712 0 21046306 0
713 0 19674994 0
714 1 17169488 8148
715 0 16017047 0
716 0 19458427 0
717 1 3548396 2330
718 0 19967020 0
719 0 16861830 0
720 0 20211871 0
721 1 16669951 9677
722 0 20089645 0
723 0 19645768 0
724 0 20157996 0
725 0 20311211 0
726 0 22664652 0
727 1 12021971 7905
728 0 19420217 0
729 0 15410869 0
730 1 11018804 6036
731 0 15422952 0
732 0 18265153 0
733 1 17354340 9913
734 1 9840568 5660
735 0 20642442 0
736 1 9601366 6289
737 0 19543615 0
738 0 15401142 0
739 1 6209680 3030
740 1 8863445 4345
741 0 19746469 0
742 0 19684839 0
743 1 6588476 4287
744 1 1522492 751
745 0 19754621 0
746 1 11238243 7338
747 0 18781467 0
748 0 19627417 0
749 0 18805997 0
750 0 18883520 0
751 0 20786455 0
752 1 15799512 9070
753 0 19147105 0
754 0 19455884 0
755 1 1287129 829
756 0 19911810 0
757 0 19402514 0
758 1 9450354 6174
759 0 18951621 0
760 0 19531274 0
761 0 15418468 0
762 1 2867150 1871
763 0 19524292 0
764 0 19281130 0
765 0 15393308 0
766 0 18854804 0
767 1 10746072 5683
768 0 18983070 0
769 1 11866875 7748
770 0 15415472 0
771 0 19675795 0
772 0 15890482 0
773 1 10033180 4941
774 1 15021358 9873
775 0 19211229 0
776 1 13610579 8901
777 0 20938671 0
778 0 20183014 0
779 0 20284391 0
780 0 18831927 0
781 0 22798811 0
782 0 17254537 0
783 0 21483000 0
784 0 20719443 0
785 0 20880060 0
786 0 20042422 0
787 0 20098047 0
788 0 15428336 0
789 0 19897795 0
790 1 14624005 6646
791 0 19751242 0
792 0 19203325 0
793 0 18756002 0
794 0 19116484 0
795 0 19316941 0
796 0 20352176 0
797 1 19170502 9923
798 0 19682530 0
799 0 15408141 0
800 1 10591217 6528
801 0 18605470 0
802 1 3821557 2433
803 0 20517393 0
804 0 19115117 0
805 1 2261106 1474
806 1 3533309 2334
807 0 18589125 0
808 1 544749 353
809 1 238798 154
810 1 7321124 3892
811 0 19283314 0
812 0 15412919 0
813 0 15423654 0
814 0 19906103 0
815 0 22471095 0
816 1 4020117 2626
817 0 16139547 0
818 1 15110662 9969
819 1 15994038 8401
820 0 19471359 0
821 1 9995438 6508
822 1 6075286 3954
823 1 10797585 7024
824 0 19915956 0
825 0 17668437 0
826 0 18832790 0
827 0 18350243 0
828 1 4793132 2733
829 0 18406151 0
830 0 19449185 0
831 1 11007831 7155
832 0 19462582 0
833 0 15439641 0
834 1 13979660 9058
835 0 19508477 0
836 0 20312652 0
837 1 9754685 6407
838 1 583996 375
839 0 20437007 0
840 1 11399991 7500
841 0 20537658 0
842 0 22641945 0
843 0 20240996 0
844 0 17097154 0
845 1 694179 447
846 0 20128288 0
847 0 19694649 0
848 1 4607790 3037
849 0 16464182 0
850 1 4280235 2297
851 0 20154916 0
852 0 20172404 0
853 0 15421134 0
854 0 20416194 0
855 0 19804958 0
856 1 8391838 5518
857 0 20383590 0
858 0 21264703 0
859 0 21960999 0
860 1 10890028 7084
861 1 16574207 7131
862 1 1868587 1227
863 0 20680104 0
864 0 21731010 0
865 1 4193823 2762
866 0 19692973 0
867 0 15403555 0
868 1 13578255 7544
869 0 19266719 0
870 1 8553366 5622
871 0 19162579 0
872 1 4361650 2826
873 0 19120346 0
874 1 1946296 1275
875 0 19030941 0
876 1 2460128 1608
877 0 21861700 0
878 1 3496774 2294
879 1 6317008 4101
880 0 22649227 0
881 1 6263170 3995
882 0 22580592 0
883 0 22790597 0
884 1 15557894 7587
885 0 21806297 0
886 0 21990680 0
887 1 14461882 9354
888 0 21425418 0
889 1 4973869 2568
890 0 19531098 0
891 0 20280926 0
892 1 1809859 1171
893 0 19332992 0
894 0 16676000 0
895 0 19376996 0
896 0 18402677 0
897 0 20907381 0
898 0 15402884 0
899 0 15414524 0
900 0 19997259 0
901 1 1834583 1194
902 1 17507287 9679
903 0 15430060 0
904 0 15481130 0
905 1 18303085 9543
906 1 3737365 1765
907 0 19213470 0
908 1 7322997 3396
909 0 19131892 0
910 0 21762835 0
911 0 22664356 0
912 0 19882098 0
913 0 22811500 0
914 1 7306166 4801
915 1 9483857 5991
916 0 19938097 0
917 0 19684161 0
918 0 20289739 0
919 0 15530151 0
920 0 19530970 0
921 0 22233397 0
922 0 16972006 0
923 0 20384439 0
924 0 20079419 0
925 0 17586319 0
926 0 20657861 0
927 0 20330251 0
928 1 13354524 6990
929 0 15406286 0
930 0 15421658 0
931 0 20599685 0
932 0 21898817 0
933 0 20646635 0
934 0 20136109 0
935 1 3441392 2245
936 0 19685276 0
937 0 19957275 0
938 1 7764534 3363
939 0 20081687 0
940 0 20839175 0
941 0 20451097 0
942 1 10956692 4817
943 0 21224026 0
944 1 4980991 2179
945 0 20399987 0
946 0 20620817 0
947 0 20693672 0
948 1 8549702 3989
949 0 19145890 0
950 0 22303522 0
951 1 18561079 9713
952 1 6527947 3036
953 1 15156699 9969
954 0 20035841 0
955 0 19377278 0
956 0 19030731 0
957 0 21097695 0
958 1 13495901 8871
959 0 22714458 0
960 0 16553453 0
961 0 21282738 0
962 0 15417528 0
963 0 20191332 0
964 0 19887435 0
965 0 19899029 0
966 0 17735084 0
967 0 15413339 0
968 1 3716043 2445
969 0 19530259 0
970 0 15426185 0
971 1 4516733 2973
972 1 18303846 7924
973 0 19936869 0
974 1 2866927 1876
975 0 20246158 0
976 0 18976836 0
977 1 7486489 4928
978 0 20087200 0
979 0 20316989 0
980 0 19833323 0
981 0 21774579 0
982 0 20920089 0
983 0 19696117 0
984 1 5145589 3369
985 1 12856158 8444
986 0 19635982 0
987 1 13393397 8844
988 1 2733057 1797
989 0 20912681 0
990 0 21640278 0
991 1 5466964 3100
992 1 629181 412
993 0 19877989 0
994 1 18520289 9244
995 0 21107627 0
996 0 19049777 0
997 1 728494 477
998 0 21128240 0
999 1 5041504 3282
1000 0 22332499 0
1001 0 19661321 0
1002 1 11067364 7283
1003 0 16164387 0
1004 0 20715620 0
1005 1 8226905 5370
1006 0 19308192 0
1007 0 22672590 0
1008 0 15401691 0
1009 1 4623316 1594
1010 0 15445925 0
1011 1 9833121 3463
1012 0 15407622 0
1013 0 20129703 0
1014 0 20439684 0
1015 1 9633734 4409
1016 0 19292761 0
1017 0 19558184 0
1018 1 6629077 4326
1019 0 19617890 0
1020 0 20125347 0
1021 0 20045158 0
1022 0 22692570 0
1023 1 6391636 4222
1024 1 1298842 848
1025 1 89482 56
1026 0 20479678 0
1027 0 15429991 0
1028 0 19938443 0
1029 0 19908815 0
1030 1 14503106 9454
1031 0 19419280 0
1032 0 20098174 0
1033 0 22355190 0
1034 1 7826354 2967
1035 0 19628717 0
1036 1 3557843 1945
1037 0 18869170 0
1038 1 11914727 7758
1039 1 10990234 7167
1040 0 19109354 0
1041 0 18824537 0
1042 1 9807726 6371
1043 1 51183 30
1044 1 13149221 5302
1045 1 7101578 3965
1046 0 15428264 0
1047 0 20227335 0
1048 1 11465358 7557
1049 0 19542931 0
1050 1 8278333 5402
1051 1 12657780 7333
1052 1 9261280 5065
1053 1 10934829 7134
1054 0 19330471 0
1055 1 6603396 4353
1056 1 5204460 2493
1057 0 20473670 0
1058 0 19054874 0
1059 0 18849698 0
1060 0 19393357 0
1061 0 19216973 0
1062 0 19469712 0
1063 1 13713084 8983
1064 1 3731382 2130
1065 1 17454559 8334
1066 0 19271876 0
1067 0 19430339 0
1068 1 17109624 9683
1069 1 9564487 6243
1070 0 20494993 0
1071 0 19600301 0
1072 0 22709878 0
1073 1 12499758 4266
1074 0 18727102 0
1075 1 14435530 8385
1076 0 20730339 0
1077 1 13066186 5687
1078 0 18861092 0
1079 0 20805398 0
1080 0 22139536 0
1081 0 22666274 0
1082 0 20666668 0
1083 1 7035200 3293
1084 0 15446888 0
1085 0 21253298 0
1086 0 21473440 0
1087 0 20628360 0
1088 0 21280425 0
1089 0 20933620 0
1090 0 21360268 0
1091 0 15434629 0
1092 0 19657085 0
1093 0 19162801 0
1094 0 18448431 0
1095 0 19108850 0
1096 1 7031074 4621
1097 0 20640940 0
1098 0 19012128 0
1099 0 22571358 0
1100 0 20732838 0
1101 0 21079921 0
1102 0 21028132 0
1103 0 15380363 0
1104 0 19609719 0
1105 1 4130240 2703
1106 0 19162726 0
1107 0 20222896 0
1108 1 6726169 4388
1109 0 20943543 0
1110 0 19100818 0
1111 1 4382303 2749
1112 0 22473390 0
1113 0 20761783 0
1114 0 19580452 0
1115 0 19216834 0
1116 0 15398229 0
1117 1 10030913 6543
1118 1 969942 638
1119 0 15421530 0
1120 0 19998431 0
1121 1 10242041 4479
1122 0 22375336 0
1123 1 3148508 2032
1124 0 18927407 0
1125 1 8743731 3451
1126 0 20386341 0
1127 1 11088603 5736
1128 0 21938018 0
1129 0 22650752 0
1130 1 14469532 9460
1131 1 9352328 6111
1132 0 22640014 0
1133 1 18529156 7210
1134 1 15060354 9910
1135 0 22408551 0
1136 0 22546817 0
1137 1 2772491 1804
1138 1 2471801 1623
1139 0 18998795 0
1140 0 20353102 0
1141 0 19840891 0
1142 0 19034588 0
1143 1 2185125 1420
1144 0 18746419 0
1145 0 19450869 0
1146 0 18858057 0
1147 1 7632483 4167
1148 0 19301331 0
1149 1 10668803 7019
1150 0 22687722 0
1151 0 22810603 0
1152 1 2863601 1771
1153 1 14643560 9046
1154 0 19693175 0
1155 0 19568819 0
1156 1 12242225 5523
1157 0 20006986 0
1158 0 16917890 0
1159 1 1325669 428
1160 0 20287888 0
1161 0 19333725 0
1162 0 19092215 0
1163 0 20613735 0
1164 0 18991124 0
1165 1 6246700 4070
1166 0 20675669 0
1167 1 6535368 4297
1168 0 19699424 0
1169 1 16992483 9302
1170 0 19024708 0
1171 1 15749029 7502
1172 0 19471752 0
1173 1 12834715 8435
1174 0 21160863 0
1175 0 22798683 0
1176 0 19001671 0
1177 1 14822351 9742
1178 0 22782918 0
1179 0 22549241 0
1180 0 21895365 0
1181 0 20461361 0
1182 0 19924791 0
1183 0 22810558 0
1184 1 8203428 5310
1185 0 21140562 0
1186 0 19514150 0
1187 1 15093650 9934
1188 0 19532435 0
1189 0 20106171 0
1190 0 15407214 0
1191 0 15381022 0
1192 1 5673913 3738
1193 1 8542904 4149
1194 0 19540439 0
1195 0 19284905 0
1196 0 21968514 0
1197 0 19813373 0
1198 1 13158305 5935
1199 0 18581464 0
0 0 19633256 0
1 1 2397283 1088
2 0 18712911 0
3 0 15397950 0
4 0 18831058 0
5 1 2389732 1462
6 0 19063436 0
7 0 19863683 0
8 0 19251768 0
9 1 9952581 6094
10 0 21948487 0
11 0 17151126 0
12 1 7642178 4989
13 0 20829539 0
14 0 19851510 0
15 0 20875647 0
16 0 21179564 0
17 0 22736089 0
18 1 10238501 6752
19 1 2662871 881
20 0 20005776 0
21 0 20577342 0
22 1 9181162 3984
23 0 21880569 0
24 0 20625396 0
25 0 20249731 0
26 0 21074879 0
27 1 5015137 2785
28 0 19734962 0
29 0 16372647 0
30 1 4231213 2779
31 0 19510698 0
32 1 4836491 3181
33 0 19629408 0
34 0 20046055 0
35 0 22635003 0
36 0 19290622 0
37 0 22127479 0
38 0 21982903 0
39 1 8599661 4010
40 0 22563063 0
41 0 22781025 0
42 0 22775047 0
43 0 19843412 0
44 0 19764239 0
45 0 19784904 0
46 1 6431426 4220
47 0 21518024 0
48 1 11850538 7806
49 0 15393436 0
50 1 14772625 6141
51 1 13129819 8655
52 0 19076477 0
53 1 1043710 674
54 1 11285296 5930
55 0 19016238 0
56 1 12091233 6364
57 0 19779468 0
58 1 2043788 1190
59 1 8506084 5565
60 1 863034 510
61 0 19629494 0
62 1 6297344 4117
63 0 20529272 0
64 1 662320 427
65 0 20745587 0
66 0 20077640 0
67 0 19776396 0
68 1 15803268 9302
69 1 7369160 4820
70 0 19600611 0
71 0 19917201 0
72 0 19410034 0
73 0 19291285 0
74 0 19869224 0
75 0 18476749 0
76 1 1694409 1113
77 0 19708516 0
78 1 6091307 3977
79 0 18638557 0
80 0 17945614 0
81 1 7682306 5016
82 1 4785215 3127
83 0 19187936 0
84 0 22173637 0
85 0 20578047 0
86 1 6458793 4204
87 0 22672100 0
88 1 3703414 2412
89 0 15402240 0
90 0 22669934 0
91 0 15404126 0
92 0 17677764 0
93 0 20095769 0
94 0 19996772 0
95 1 13849042 9031
96 1 706566 305
97 0 19268068 0
98 0 22300652 0
99 1 5808158 3794
100 0 15477641 0
101 0 19754288 0
102 0 21129452 0
103 0 20177649 0
104 0 18905267 0
105 0 19645590 0
106 1 10180418 6663
107 0 15822537 0
108 0 15381114 0
109 1 3207709 2088
110 1 10925039 4940
111 1 3824297 2494
112 0 18885729 0
113 0 22482661 0
114 0 22681063 0
115 1 4842493 3189
116 1 3233573 1623
117 0 20744151 0
118 0 19465304 0
119 0 19631946 0
120 0 18873268 0
121 0 22252238 0
122 0 20955044 0
123 0 19659052 0
124 1 259239 159
125 1 17738301 9885
126 0 22438251 0
127 0 15375737 0
128 0 19431260 0
129 0 20243891 0
130 0 19306818 0
131 0 22043454 0
132 1 11094032 7243
133 0 19945052 0
134 0 22627988 0
135 0 15390124 0
136 0 20720248 0
137 0 19738142 0
138 0 19021450 0
139 0 19302831 0
140 0 20048548 0
141 0 15370343 0
142 0 19058627 0
143 0 20410545 0
144 1 3964328 2606
145 0 19603004 0
146 1 10590040 6974
147 1 5035600 2381
148 0 20224091 0
149 0 22583386 0
150 0 22775890 0
151 0 21915802 0
152 0 19724501 0
153 0 15422987 0
154 0 18960125 0
155 0 21153272 0
156 0 20027502 0
157 1 364455 160
158 0 15416685 0
159 1 279254 181
160 0 19278650 0
161 0 20730147 0
162 0 16221358 0
163 0 20929349 0
164 1 6256460 4073
165 0 19656711 0
166 0 22693021 0
167 0 21525234 0
168 0 15384655 0
169 0 19550004 0
170 0 19463481 0
171 1 10603609 6917
172 1 11293849 6010
173 0 19075041 0
174 1 11893558 7784
175 0 19173949 0
176 0 22116933 0
177 0 21222920 0
178 1 584139 315
179 1 2501383 1645
180 1 9169664 6034
181 0 21343543 0
182 0 19342436 0
183 0 19570760 0
184 0 22704572 0
185 0 21374707 0
186 0 20242170 0
187 0 15455275 0
188 0 19547143 0
189 0 19253481 0
190 0 19251712 0
191 1 3897104 1522
192 0 22187655 0
193 1 3527185 2308
194 0 19897914 0
195 0 20346719 0
196 0 18661755 0
197 0 19751243 0
198 0 16875579 0
199 0 19737584 0
200 1 5852070 3813
201 1 3158054 2052
202 0 22242242 0
203 0 20720227 0
204 0 15362185 0
205 0 19379575 0
206 0 18884473 0
207 1 12571463 8231
208 0 19293418 0
209 1 4279881 2791
210 1 2207634 1431
211 0 19431579 0
212 0 19258780 0
213 0 15386959 0
214 0 19191419 0
215 0 21698211 0
216 0 19439871 0
217 1 14279109 9329
218 0 22666545 0
219 0 15373412 0
220 1 8026329 4078
221 0 19274186 0
222 1 4429260 2919
223 0 19063098 0
224 0 19458218 0
225 0 15452574 0
226 0 19139355 0
227 1 14938377 9843
228 0 19022372 0
229 1 7081996 4663
230 0 15379026 0
231 0 19195266 0
232 0 15401122 0
233 0 16091441 0
234 0 20916339 0
235 1 1953879 632
236 0 20392854 0
237 0 15439253 0
238 0 19697309 0
239 0 19891908 0
240 0 20070522 0
241 1 4729126 3100
242 0 19082797 0
243 1 1927303 1258
244 1 5243735 2438
245 0 18733587 0
246 1 3079653 1488
247 0 19319897 0
248 1 10041668 5427
249 0 19505707 0
250 0 19093308 0
251 1 11787749 7724
252 0 22658589 0
253 1 15942694 8480
254 0 22622381 0
255 0 21222321 0
256 1 10527270 4477
257 1 6547726 4255
258 0 19851546 0
259 1 14265706 9309
260 1 14151033 9244
261 0 17621183 0
262 0 20415069 0
263 0 20219632 0
264 0 19688966 0
265 1 12490940 8165
266 0 19531483 0
267 0 19704304 0
268 1 5208675 3408
269 0 20375436 0
270 0 19558713 0
271 1 543261 352
272 0 21381179 0
273 1 530787 341
274 1 2934148 1916
275 0 20103935 0
276 0 19465056 0
277 1 4802031 3137
278 0 18896387 0
279 0 19328722 0
280 0 18923174 0
281 0 18953004 0
282 0 19068003 0
283 0 18803980 0
284 1 3740191 2444
285 0 19508662 0
286 0 15383437 0
287 0 19308036 0
288 0 19899288 0
289 0 19950899 0
290 0 19717611 0
291 0 19386151 0
292 0 22768910 0
293 0 22659899 0
294 0 18429502 0
295 0 20980869 0
296 0 22582822 0
297 1 12660676 8320
298 0 20739732 0
299 0 19736993 0
300 0 15401688 0
301 0 19664723 0
302 0 18996670 0
303 0 19192082 0
304 1 1245146 819
305 0 19169499 0
306 1 8103052 4371
307 0 15385555 0
308 0 18943043 0
309 1 12871179 6986
310 0 19158809 0
311 0 19876643 0
312 0 19456991 0
313 0 19365862 0
314 0 19181698 0
315 0 19078935 0
316 0 22708005 0
317 1 3456056 2230
318 1 13044291 5503
319 0 19610758 0
320 1 95185 56
321 0 19440637 0
322 1 11380949 7405
323 1 13495100 7707
324 1 12047002 7873
325 1 11331571 7455
326 1 9207128 6056
327 0 15408508 0
328 0 21839322 0
329 1 8905137 5814
330 0 19798701 0
331 0 22161914 0
332 0 15449085 0
333 0 19830451 0
334 1 5899262 3858
335 0 19146904 0
336 0 20102013 0
337 0 19556177 0
338 0 21765031 0
339 1 179015 113
340 1 12939891 6477
341 0 19511730 0
342 1 634610 407
343 0 19346299 0
344 0 19374994 0
345 0 18705647 0
346 1 1584638 1032
347 0 20135259 0
348 0 19285097 0
349 0 19547621 0
350 0 19903483 0
351 0 15450343 0
352 1 1199503 779
353 0 18787791 0
354 0 19009367 0
355 1 2455898 1603
356 0 21400655 0
357 0 15380808 0
358 1 9355843 4430
359 0 19600660 0
360 1 3126988 2034
361 0 21186798 0
362 0 22354787 0
363 1 6550899 2157
364 1 5058202 3338
365 1 14581375 7520
366 0 18842159 0
367 0 19349525 0
368 1 422314 270
369 0 20255073 0
370 1 11140020 6310
371 0 21597612 0
372 1 6572518 4325
373 1 3912142 2571
374 0 20821228 0
375 0 15396632 0
376 1 9471377 6240
377 0 19864916 0
378 1 8784538 5778
379 0 20042869 0
380 1 347847 196
381 1 6164118 4059
382 0 19695002 0
383 0 19619605 0
384 0 18816045 0
385 0 19276154 0
386 1 12240778 8025
387 0 15690586 0
388 0 19323548 0
389 0 19651385 0
390 1 12756453 8197
391 1 4381256 2760
392 0 20461660 0
393 1 5071253 3339
394 0 19126694 0
395 0 22235451 0
396 0 22246901 0
397 1 6692994 3861
398 0 19342405 0
399 0 22773296 0
400 0 22326694 0
401 1 5538911 3611
402 0 17260892 0
403 0 20558331 0
404 1 12913077 4209
405 1 14223823 9343
406 0 21084437 0
407 0 22211351 0
408 0 19166546 0
409 1 18084096 9497
410 1 9608982 4277
411 0 19725836 0
412 0 22440298 0
413 0 22189835 0
414 1 7728699 5001
415 1 12168085 7078
416 0 17234697 0
417 0 22201567 0
418 1 1608416 763
419 0 19581732 0
420 0 20030622 0
421 0 19424948 0
422 0 19378883 0
423 0 21914865 0
424 1 9597496 6243
425 1 14234197 7660
426 0 18831407 0
427 0 15435321 0
428 1 13776076 6747
429 1 15403213 8130
430 0 22384715 0
431 0 21349969 0
432 0 22769161 0
433 0 22207887 0
434 1 11847350 5947
435 0 19269988 0
436 0 19953935 0
437 0 15408295 0
438 1 4937722 3248
439 0 19496236 0
440 0 22528527 0
441 0 21974357 0
442 0 20148237 0
443 1 815146 528
444 0 20493437 0
445 1 2426167 1588
446 0 20175989 0
447 1 19596269 9996
448 1 6344193 2748
449 0 20951302 0
450 1 10310921 5646
451 0 19419502 0
452 0 18845546 0
453 1 8637404 4666
454 0 20259996 0
455 1 9168929 5999
456 0 19543543 0
457 1 12728927 8317
458 0 20835350 0
459 1 16210549 8867
460 0 19743632 0
461 1 2530048 1657
462 1 2133342 1393
463 1 877688 577
464 0 15418186 0
465 0 19819525 0
466 1 12030400 6619
467 0 19035941 0
468 0 21148093 0
469 0 20520459 0
470 0 20254154 0
471 0 15402935 0
472 0 20710352 0
473 0 15394204 0
474 1 13693875 6754
475 0 19373707 0
476 0 19077680 0
477 0 18751029 0
478 0 19910968 0
479 0 18341619 0
480 0 19262811 0
481 1 11246081 5718
482 0 15394195 0
483 0 19623935 0
484 1 703949 449
485 1 14709470 8714
486 0 15392726 0
487 1 13086936 8553
488 0 18691539 0
489 0 19551646 0
490 1 1827571 1151
491 1 10474899 6701
492 1 9267024 6049
493 1 11668424 7617
494 1 16445345 8755
495 1 14656565 7000
496 1 10052170 4966
497 0 18856782 0
498 1 21228501 9027
499 0 22621739 0
500 1 1849446 1204
501 0 17363344 0
502 1 7059081 4676
503 0 20439583 0
504 1 12074788 7876
505 0 20358047 0
506 0 15393002 0
507 1 14338615 7057
508 1 12510193 8219
509 1 8023328 5283
510 0 15390837 0
511 0 22806292 0
512 1 1249429 820
513 0 21372641 0
514 1 5857595 3850
515 0 19513259 0
516 1 4638156 3038
517 0 19977403 0
518 1 12913093 7172
519 1 11600463 5780
520 1 7978635 5246
521 0 19026898 0
522 0 20945386 0
523 0 20605151 0
524 0 19214534 0
525 0 19398076 0
526 1 11185713 5065
527 0 20559390 0
528 1 3294668 2162
529 1 13843007 6565
530 1 14090979 9266
531 0 19541642 0
532 1 4735138 2622
533 0 19661835 0
534 0 15448486 0
535 0 20443131 0
536 0 20509871 0
537 0 15432165 0
538 0 19856092 0
539 0 20571430 0
540 0 19574949 0
541 0 20221425 0
542 1 1130600 726
543 0 19278219 0
544 0 19469613 0
545 1 9153344 4849
546 0 19355485 0
547 0 19329211 0
548 1 10615242 5652
549 1 2641330 1734
550 1 4035416 2649
551 0 19198907 0
552 0 19140284 0
553 1 11720618 6354
554 1 7021724 3877
555 1 4412424 2897
556 0 19008113 0
557 1 3084805 1378
558 0 22422195 0
559 1 3861470 2529
560 0 19956609 0
561 1 9782985 6444
562 0 19745275 0
563 1 5597189 3109
564 0 15406298 0
565 0 18972295 0
566 0 21774429 0
567 0 22217162 0
568 0 21002386 0
569 0 21477809 0
570 0 21375254 0
571 0 21384423 0
572 0 19963815 0
573 0 21690016 0
574 0 20638891 0
575 1 6537350 4305
576 0 19652370 0
577 0 20511914 0
578 0 18915557 0
579 0 18907158 0
580 1 4722885 3067
581 0 19241063 0
582 0 19050662 0
583 0 18589372 0
584 1 602813 391
585 0 19059090 0
586 0 22177715 0
587 0 20607866 0
588 1 900896 369
589 0 19374766 0
590 0 19551166 0
591 0 20758531 0
592 0 15392516 0
593 0 20298258 0
594 0 21652916 0
595 0 19396287 0
596 1 939953 608
597 0 18682336 0
598 0 18781057 0
599 0 22838849 0
600 0 20845726 0
601 1 2653837 1738
602 0 20699052 0
603 0 21254302 0
604 1 1190869 766
605 0 22856115 0
606 1 12841322 8434
607 0 19530980 0
608 0 19085308 0
609 0 19654188 0
610 1 12779520 6564
611 0 20055630 0
612 0 19736996 0
613 0 19576303 0
614 0 18789973 0
615 0 18798624 0
616 0 15441766 0
617 1 5552829 3035
618 0 18950154 0
619 1 12211669 8027
620 1 4699356 3086
621 1 1167900 518
622 0 16485031 0
623 0 19307873 0
624 0 15394682 0
625 0 18855124 0
626 0 20123576 0
627 0 19216728 0
628 0 19358761 0
629 1 3391912 2231
630 1 10255914 6759
631 0 15402236 0
632 1 17979273 9357
633 0 21096492 0
634 0 19761047 0
635 1 11271085 7072
636 0 22081660 0
637 0 22761075 0
638 0 21383405 0
639 1 14274773 8115
640 0 19209968 0
641 0 19928564 0
642 1 18830030 9661
643 1 13672487 7811
644 0 20210231 0
645 0 15399646 0
646 0 18995720 0
647 0 22362387 0
648 1 17236835 6904
649 0 15451165 0
650 0 15377019 0
651 1 2856804 1881
652 0 18924661 0
653 0 22057879 0
654 1 1513059 990
655 0 21681153 0
656 0 22155958 0
657 0 15453638 0
658 0 20986784 0
659 0 15383133 0
660 0 19610663 0
661 0 21036665 0
662 1 14383562 6841
663 0 19821905 0
664 1 4759158 3125
665 1 7585505 4909
666 1 3601649 2373
667 0 22401587 0
668 0 22803163 0
669 1 12809235 7855
670 0 15415955 0
671 0 19666561 0
672 0 19233907 0
673 0 19553472 0
674 1 12242063 6135
675 1 205698 133
676 0 19775853 0
677 0 16021635 0
678 0 19335026 0
679 0 18796348 0
680 0 17565204 0
681 1 14789776 7377
682 0 15379643 0
683 0 19398205 0
684 1 3941956 2593
685 0 20926042 0
686 0 19178282 0
687 0 19858043 0
688 0 20735337 0
689 0 20743435 0
690 1 1210319 792
691 0 20292717 0
692 0 21210434 0
693 1 1715764 1128
694 0 19858527 0
695 1 14108717 9100
696 0 22848195 0
697 0 22428011 0
698 0 20420001 0
699 0 21060376 0
700 0 15398076 0
701 0 22787566 0
702 0 22632411 0
703 0 15371473 0
704 0 20077086 0
705 1 15560182 7646
706 0 19381153 0
707 1 6756239 2901
708 0 21115201 0
709 0 22613781 0
710 0 15380184 0
711 1 1904770 1240
712 0 15435759 0
713 1 4297749 2809
714 0 20431234 0
715 1 1080183 697
716 0 21537040 0
717 0 19872221 0
718 0 20432837 0
719 0 19464405 0
720 0 20145686 0
721 1 5995277 2894
722 0 18858227 0
723 1 9752020 6350
724 0 19368874 0
725 0 22615258 0
726 0 15384450 0
727 0 21481544 0
728 1 5409520 3570
729 0 21057765 0
730 1 4796239 3092
731 0 19641504 0
732 0 21267764 0
733 0 20532451 0
734 1 9922831 6485
735 0 19404337 0
736 0 19725749 0
737 1 10562945 6908
738 0 18867746 0
739 0 19008475 0
740 0 19574198 0
741 0 18894945 0
742 0 19024854 0
743 0 19838936 0
744 1 10766359 7033
745 1 2514531 1644
746 0 22602217 0
747 0 15394951 0
748 1 12441544 4531
749 1 4479968 2710
750 0 19033820 0
751 1 4609151 2885
752 1 13567964 8958
753 0 18744757 0
754 1 1708114 1090
755 0 22704719 0
756 1 2939616 1910
757 0 19020839 0
758 0 18616984 0
759 0 21707539 0
760 1 5027133 3227
761 0 20277758 0
762 0 19853280 0
763 0 19671273 0
764 1 562399 368
765 0 19651042 0
766 0 15415768 0
767 1 8617627 3558
768 0 20804175 0
769 1 6835711 4486
770 1 5406967 3518
771 0 19563736 0
772 0 21698041 0
773 0 21347297 0
774 0 18752727 0
775 1 8555426 4984
776 0 15489076 0
777 0 19635165 0
778 0 20349542 0
779 0 20403448 0
780 1 15101834 9870
781 1 2465793 1617
782 0 15373797 0
783 0 19622729 0
784 0 15394408 0
785 0 18835850 0
786 0 19844245 0
787 0 19252347 0
788 0 19810762 0
789 1 11391214 5754
790 1 9971418 5229
791 0 19140454 0
792 0 22628369 0
793 1 12684265 8253
794 0 20669557 0
795 1 7070571 4661
796 0 19408474 0
797 0 18793520 0
798 0 20552156 0
799 0 15407679 0
800 0 19030248 0
801 0 19873583 0
802 0 21422181 0
803 0 21010993 0
804 0 21872541 0
805 1 14739895 4796
806 0 21815303 0
807 0 17728865 0
808 1 14872007 9818
809 0 21741645 0
810 1 8703770 3776
811 0 16944156 0
812 0 21349458 0
813 0 21669705 0
814 0 17350472 0
815 1 4940188 3215
816 1 6638592 3964
817 1 2819210 1781
818 0 15375937 0
819 1 12212471 6122
820 0 15438646 0
821 0 15505231 0
822 0 20171446 0
823 1 10086161 6586
824 0 22430300 0
825 1 12011377 7905
826 1 6404101 4172
827 0 19302559 0
828 0 19209660 0
829 0 15381529 0
830 0 18988230 0
831 0 19002861 0
832 0 19028668 0
833 0 18804257 0
834 0 21428415 0
835 1 14284632 6610
836 1 2379308 1529
837 0 21245172 0
838 0 18413469 0
839 1 3128609 2022
840 0 22248003 0
841 1 4987127 3296
842 0 15412414 0
843 1 5525020 3612
844 1 708529 285
845 0 20397438 0
846 0 18705714 0
847 1 1387822 905
848 0 19220849 0
849 1 9224759 4455
850 0 19705358 0
851 0 19887179 0
852 0 19781715 0
853 0 19143445 0
854 0 19788092 0
855 0 19122693 0
856 0 18868888 0
857 1 4234705 1965
858 1 5991378 3934
859 0 19616495 0
860 1 8138268 4997
861 0 19549664 0
862 1 3231672 2125
863 0 22679902 0
864 0 20710313 0
865 0 15377497 0
866 1 13930879 7101
867 1 5117955 3346
868 1 5525875 3618
869 1 17705128 9772
870 0 22095278 0
871 0 19811282 0
872 1 9618933 6083
873 0 15449764 0
874 0 19854105 0
875 0 19432197 0
876 0 19753881 0
877 0 15396912 0
878 1 14869114 7605
879 0 20237074 0
880 0 22286773 0
881 0 19540766 0
882 0 21254017 0
883 0 19342851 0
884 1 756919 496
885 0 19965523 0
886 1 19550077 9790
887 0 22668892 0
888 0 20659363 0
889 0 21290009 0
890 0 20650905 0
891 1 8404414 3910
892 0 19424373 0
893 1 7655934 3510
894 0 19338586 0
895 0 19213265 0
896 0 21277324 0
897 1 515054 326
898 0 19781815 0
899 0 19854451 0
900 0 15426964 0
901 0 15419107 0
902 0 19910636 0
903 0 19124180 0
904 0 19810947 0
905 0 18921906 0
906 0 19446516 0
907 1 14869247 9740
908 0 19867890 0
909 0 19673740 0
910 0 18622078 0
911 0 19717267 0
912 1 22307011 9944
913 0 19487993 0
914 0 15384459 0
915 1 1176928 772
916 1 5321468 3480
917 1 4295790 2829
918 0 19481156 0
919 0 20956045 0
920 0 19746577 0
921 0 21167759 0
922 0 20058240 0
923 0 18914860 0
924 1 6385329 3703
925 0 19287034 0
926 1 11476046 7472
927 0 22737577 0
928 1 17104713 8042
929 0 19117916 0
930 0 15406279 0
931 1 2714562 1762
932 0 18957575 0
933 1 3053388 1998
934 0 19539097 0
935 0 15393480 0
936 1 3930370 1736
937 0 19356880 0
938 1 3378627 1980
939 0 19692089 0
940 1 16573797 9769
941 0 21230896 0
942 0 20672482 0
943 0 19649434 0
944 0 18795706 0
945 0 15445832 0
946 1 4715074 3098
947 0 22695437 0
948 1 5462647 3557
949 0 21127029 0
950 0 21413504 0
951 0 19466650 0
952 1 13425916 8749
953 0 17424843 0
954 0 15365268 0
955 0 19546305 0
956 1 7584836 4994
957 1 1149328 606
958 0 20909396 0
959 0 20462159 0
960 0 22315640 0
961 1 1744709 1143
962 1 3862403 2528
963 0 19239271 0
964 0 19645557 0
965 0 20970937 0
966 0 20428016 0
967 0 19835091 0
968 1 7075441 4654
969 1 5909082 3196
970 1 476545 309
971 0 22296179 0
972 0 22788293 0
973 0 22801889 0
974 0 15397258 0
975 0 22806271 0
976 0 22801162 0
977 0 22659981 0
978 0 19784627 0
979 1 12583655 6124
980 1 12209855 8001
981 1 8641220 4172
982 0 18964351 0
983 1 10550437 6946
984 0 20789460 0
985 1 16089388 6801
986 0 22777913 0
987 0 15445360 0
988 1 11476872 7552
989 0 22307498 0
990 0 20339648 0
991 1 8791311 5782
992 1 9722333 6393
993 0 19328393 0
994 1 8769016 5764
995 1 7010024 4558
996 0 20777853 0
997 0 19996739 0
998 0 15384385 0
999 0 15429773 0
1000 0 19985034 0
1001 0 20231645 0
1002 0 15437173 0
1003 0 20323515 0
1004 1 13520412 7598
1005 0 19974495 0
1006 0 20473849 0
1007 1 8864913 5762
1008 1 5036121 3315
1009 0 20328549 0
1010 0 15446511 0
1011 0 21421304 0
1012 1 1876258 1231
1013 1 1888744 1037
1014 1 18080318 9604
1015 0 19277722 0
1016 0 20920191 0
1017 1 1362083 893
1018 1 17287164 9616
1019 0 19568550 0
1020 0 19745019 0
1021 0 19538482 0
1022 0 19766107 0
1023 1 6858574 3299
1024 1 13471923 8514
1025 0 15399305 0
1026 0 22309938 0
1027 0 15412409 0
1028 0 19546064 0
1029 0 20986133 0
1030 0 21284765 0
1031 0 20466629 0
1032 0 22652421 0
1033 1 12640781 8312
1034 0 20295713 0
1035 0 20008785 0
1036 0 16345588 0
1037 0 15395444 0
1038 0 22839631 0
1039 0 21634617 0
1040 1 3662939 2404
1041 1 12745563 8400
1042 0 19580513 0
1043 0 18540839 0
1044 1 9158989 5957
1045 1 3219565 2106
1046 0 20555900 0
1047 0 15388455 0
1048 1 10185078 5985
1049 0 21453631 0
1050 0 22795798 0
1051 1 14599134 8884
1052 1 5405401 2829
1053 0 19287102 0
1054 0 19204972 0
1055 0 19427064 0
1056 1 13796950 8441
1057 1 9899903 5163
1058 0 21484557 0
1059 1 2685570 1764
1060 0 19324419 0
1061 0 19432159 0
1062 0 22238367 0
1063 0 17047977 0
1064 0 19570404 0
1065 0 19913104 0
1066 0 19344890 0
1067 0 22805648 0
1068 1 7625833 4953
1069 1 820890 533
1070 1 8611890 5665
1071 1 7600139 4695
1072 0 19688972 0
1073 1 3434786 2239
1074 0 21828097 0
1075 1 16752479 8566
1076 0 19660325 0
1077 0 20942784 0
1078 0 21409779 0
1079 1 14087623 6493
1080 0 20276026 0
1081 0 22485492 0
1082 0 19100872 0
1083 0 20514587 0
1084 0 19650901 0
1085 0 15400930 0
1086 1 3595090 2346
1087 0 19057948 0
1088 0 21672513 0
1089 0 15554446 0
1090 0 20470522 0
1091 0 19612158 0
1092 0 15440181 0
1093 0 19815098 0
1094 0 19321547 0
1095 1 1833626 933
1096 1 8220462 4568
1097 0 15511349 0
1098 1 14899994 9706
1099 0 15419684 0
1100 1 968569 488
1101 0 19057511 0
1102 1 10127491 5256
1103 0 19102909 0
1104 1 3847935 2516
1105 1 19893147 9767
1106 0 16180527 0
1107 0 18927238 0
1108 0 18799876 0
1109 0 20364003 0
1110 0 15409802 0
1111 0 19220915 0
1112 0 15467280 0
1113 0 19441575 0
1114 1 1820743 1182
1115 1 8969026 5841
1116 0 18988042 0
1117 0 19143016 0
1118 0 20012483 0
1119 0 19060230 0
1120 0 19419311 0
1121 1 17832504 9247
1122 1 3732876 1549
1123 0 22419406 0
1124 0 20823695 0
1125 0 21964194 0
1126 1 18201179 8743
1127 0 17380210 0
1128 1 6641904 4344
1129 0 20475256 0
1130 0 20594970 0
1131 1 10444672 6772
1132 0 21541268 0
1133 1 16542983 7684
1134 1 4726118 3082
1135 0 20175519 0
1136 0 22440921 0
1137 1 8841031 5774
1138 0 19772288 0
1139 1 6657189 3730
1140 0 22701318 0
1141 0 20498346 0
1142 0 16632747 0
1143 0 20948001 0
1144 0 19774105 0
1145 0 19225686 0
1146 0 15382404 0
1147 0 15375498 0
1148 0 21229516 0
1149 0 20140660 0
1150 0 15399272 0
1151 0 15389999 0
1152 0 18513111 0
1153 0 19395199 0
1154 0 19451328 0
1155 0 15481214 0
1156 0 20890142 0
1157 0 19597878 0
1158 1 5223776 3429
1159 0 19274517 0
1160 0 20588701 0
1161 0 20180099 0
1162 1 17643011 9195
1163 1 665919 436
1164 1 11954277 7880
1165 0 19345768 0
1166 1 2836907 1845
1167 0 19097747 0
1168 0 21722176 0
1169 1 10973379 7123
1170 1 561304 368
1171 0 19754331 0
1172 1 2737438 1354
1173 0 20540093 0
1174 1 5348136 2794
1175 0 19586312 0
1176 0 19525261 0
1177 1 4573513 3003
1178 0 19600535 0
1179 0 20019953 0
1180 1 8401058 5540
1181 1 6335869 3807
1182 0 19006095 0
1183 0 19542845 0
1184 0 19883745 0
1185 0 18926851 0
1186 0 19382104 0
1187 1 3278216 1419
1188 0 19278825 0
1189 0 19069542 0
1190 0 19637603 0
1191 1 15068192 9834
1192 0 19695917 0
1193 0 19216971 0
1194 1 3648457 1538
1195 0 20110487 0
1196 0 15966896 0
1197 0 19741648 0
1198 0 19128191 0
1199 1 1324526 857
0 0 18999119 0
1 0 20689297 0
2 0 19185629 0
3 1 13941317 9105
4 0 20554494 0
5 0 19416092 0
6 1 4404898 2856
7 1 1107424 717
8 1 891359 500
9 0 18759052 0
10 0 19675665 0
11 0 20182487 0
12 1 3891768 1926
13 1 7246882 4731
14 0 18628381 0
15 0 21813848 0
16 0 21605817 0
17 1 13632990 6762
18 0 20060300 0
19 1 1067949 700
20 0 18774268 0
21 0 22002209 0
22 0 19717880 0
23 0 19118500 0
24 0 19746663 0
25 0 19638587 0
26 0 19057342 0
27 1 7764585 5109
28 0 20149414 0
29 0 22036584 0
30 1 1890700 788
31 0 20070887 0
32 0 18102210 0
33 0 20238471 0
34 0 15442179 0
35 0 21975972 0
36 1 13856900 9108
37 0 19933390 0
38 0 15402299 0
39 0 15443611 0
40 0 19542215 0
41 0 15415653 0
42 0 19051061 0
43 1 18250686 9721
44 0 19327846 0
45 1 3212667 2098
46 0 19450884 0
47 0 22160529 0
48 1 90012 25
49 1 1260772 736
50 0 19662357 0
51 0 15483071 0
52 0 15441845 0
53 0 19050266 0
54 0 20527266 0
55 0 20057407 0
56 0 22096986 0
57 1 11227214 7376
58 0 15512642 0
59 0 18987721 0
60 0 19220910 0
61 0 22749814 0
62 0 22708349 0
63 0 19223092 0
64 0 21225962 0
65 1 1560021 794
66 0 22690667 0
67 0 20411538 0
68 1 2346605 1532
69 0 21557168 0
70 0 22333952 0
71 0 22590379 0
72 0 21739065 0
73 0 15416573 0
74 1 9380281 6125
75 0 20066750 0
76 0 19288598 0
77 0 19238991 0
78 0 20176346 0
79 1 1014478 641
80 1 7506291 4146
81 0 22542499 0
82 0 21744792 0
83 0 15414482 0
84 0 20318146 0
85 1 15020660 9910
86 1 13190714 8028
87 0 19198246 0
88 1 7784544 3920
89 0 15447297 0
90 0 20316352 0
91 0 20189977 0
92 1 6867998 3286
93 0 19277982 0
94 1 7745445 4882
95 1 647896 426
96 1 4714161 3092
97 1 5344429 3202
98 0 19260971 0
99 0 22454927 0
100 0 15443629 0
101 1 8283826 4152
102 0 19682475 0
103 0 20385036 0
104 1 14480929 7130
105 0 22497646 0
106 0 22515283 0
107 0 20981448 0
108 1 3153819 1519
109 0 15423023 0
110 1 2192828 1431
111 0 20043236 0
112 0 20628322 0
113 0 19680647 0
114 0 20300354 0
115 0 19368233 0
116 0 19728507 0
117 0 19742628 0
118 0 18967902 0
119 0 19102420 0
120 1 12284116 5525
121 0 20279056 0
122 0 15396680 0
123 0 19085393 0
124 0 20490744 0
125 1 8334757 4738
126 0 22495058 0
127 0 15444643 0
128 0 20501245 0
129 1 2592594 1694
130 1 1001993 653
131 0 19785264 0
132 1 2022047 1109
133 0 19520666 0
134 0 22093052 0
135 0 20877266 0
136 0 21814004 0
137 0 20766682 0
138 0 19439036 0
139 1 645085 407
140 0 22353648 0
141 0 19661525 0
142 1 14603163 9113
143 1 17384711 9535
144 0 20327229 0
145 0 19119994 0
146 1 1018898 663
147 1 12606847 8212
148 1 2638593 1317
149 0 20060039 0
150 1 10614745 6936
151 1 3863199 2542
152 1 564981 365
153 0 20025112 0
154 1 8580986 5642
155 0 21701524 0
156 1 8640884 5631
157 0 15401463 0
158 0 20107594 0
159 0 22636735 0
160 1 1617461 1053
161 0 21178512 0
162 0 20311532 0
163 0 19705008 0
164 0 19880234 0
165 1 5955785 3351
166 1 2598741 1701
167 0 15856428 0
168 0 19119915 0
169 1 11390390 7463
170 0 18873118 0
171 0 19211886 0
172 0 20025361 0
173 0 15438780 0
174 1 1012103 467
175 0 19321505 0
176 0 19581694 0
177 0 20916161 0
178 1 449745 193
179 0 19954858 0
180 0 18613667 0
181 1 15319884 7992
182 0 19411874 0
183 0 18759648 0
184 0 18928270 0
185 0 19775781 0
186 0 20118163 0
187 0 20086719 0
188 0 19882114 0
189 0 19415350 0
190 1 8315689 4531
191 1 10870100 7099
192 0 22374359 0
193 0 21998357 0
194 0 22695877 0
195 0 15484118 0
196 1 8334665 2750
197 0 21570249 0
198 0 15411907 0
199 1 10457382 4435
200 0 19928007 0
201 0 20694724 0
202 0 20184289 0
203 1 5896133 2511
204 0 19596568 0
205 1 6105615 3244
206 1 18867642 8034
207 0 15503821 0
208 0 19629493 0
209 0 21206405 0
210 0 15507078 0
211 1 12344174 7884
212 0 15438066 0
213 0 22454402 0
214 1 8485902 5529
215 0 20724702 0
216 1 3758184 2474
217 0 22593274 0
218 0 22692163 0
219 1 10047590 6566
220 0 22695904 0
221 0 15453669 0
222 0 22654637 0
223 1 14046659 9286
224 1 8246053 3795
225 0 15514478 0
226 0 20620091 0
227 0 15443351 0
228 1 15077311 8180
229 1 16125328 7201
230 0 19282217 0
231 1 10933471 5829
232 0 18685120 0
233 0 18635057 0
234 0 15397736 0
235 1 12648768 7579
236 0 20244978 0
237 0 19638894 0
238 1 10063752 6533
239 1 11334631 7416
240 0 21227188 0
241 1 4631882 1850
242 0 19210442 0
243 1 11159808 7343
244 0 15446332 0
245 0 20025606 0
246 0 19445561 0
247 1 6759782 3394
248 1 3164169 2068
249 1 106409 67
250 1 4934786 2801
251 1 6593495 4103
252 0 19232638 0
253 1 914647 593
254 0 18954805 0
255 1 10432159 6868
256 0 20673654 0
257 0 19739321 0
258 0 19595602 0
259 1 10102500 5594
260 0 18392207 0
261 0 15447808 0
262 1 12522453 8179
263 0 20701740 0
264 0 18709164 0
265 0 19333495 0
266 1 1620110 1054
267 0 20463985 0
268 1 3845248 2502
269 0 20254365 0
270 1 10065062 6603
271 0 22136153 0
272 0 15428700 0
273 1 3304570 2133
274 0 19988184 0
275 0 15415796 0
276 1 14427100 6855
277 0 19496471 0
278 0 19195950 0
279 1 5852457 3262
280 1 15648022 9329
281 0 19277718 0
282 0 19631849 0
283 0 20616653 0
284 0 18974029 0
285 0 22502302 0
286 1 5249804 3410
287 0 20855060 0
288 0 20479308 0
289 1 2545548 1120
290 0 20279599 0
291 1 1680692 1095
292 0 20321480 0
293 0 22010667 0
294 0 20892577 0
295 0 19715232 0
296 1 16835606 8695
297 0 19481882 0
298 0 15427037 0
299 0 19865056 0
300 0 22137885 0
301 1 4297273 2827
302 0 20334244 0
303 0 18678930 0
304 1 5612179 3423
305 1 10755049 7044
306 1 6439561 4203
307 0 20009333 0
308 0 15423904 0
309 0 19992177 0
310 0 20474092 0
311 0 20182021 0
312 1 5764033 2550
313 0 20307289 0
314 1 10105201 6595
315 1 16074112 6194
316 0 19771734 0
317 0 15470386 0
318 0 19865053 0
319 1 9779751 4650
320 0 15431368 0
321 1 247480 148
322 0 19594495 0
323 1 6881093 3103
324 0 19498720 0
325 0 18793194 0
326 0 18784163 0
327 0 19311713 0
328 0 19093019 0
329 0 19695037 0
330 0 19385913 0
331 1 3482492 2013
332 0 19745090 0
333 1 14452512 9424
334 0 20852960 0
335 0 21547005 0
336 0 20386176 0
337 0 21443658 0
338 0 15403221 0
339 0 19647647 0
340 0 22415920 0
341 1 11396440 7458
342 0 20553267 0
343 0 19211199 0
344 0 19054885 0
345 0 15495204 0
346 1 10832051 7074
347 0 19500404 0
348 1 18612106 7287
349 1 9815669 6403
350 1 8775040 5723
351 1 11428731 7478
352 0 19891681 0
353 0 19371666 0
354 0 15437871 0
355 1 1566206 704
356 0 18963541 0
357 0 15438675 0
358 0 20035474 0
359 1 2106903 1385
360 0 22155842 0
361 0 21100874 0
362 1 11427218 5914
363 1 7661983 3997
364 0 18884618 0
365 0 21032558 0
366 1 5028847 3282
367 1 15752338 7726
368 0 19103869 0
369 0 15427812 0
370 1 15191658 6802
371 0 19488894 0
372 0 22719255 0
373 1 5524892 3602
374 1 6639614 4343
375 0 20197803 0
376 0 21081842 0
377 0 15420723 0
378 1 4233328 2779
379 1 17750099 8605
380 1 8539838 5582
381 0 15416825 0
382 1 15106244 9828
383 0 19877369 0
384 1 18788981 9906
385 0 19550875 0
386 0 19323670 0
387 0 19872689 0
388 0 18880828 0
389 1 14620401 9476
390 0 20936935 0
391 0 20067849 0
392 0 20108017 0
393 0 19009874 0
394 1 12475927 6489
395 0 22130816 0
396 0 20122618 0
397 1 18916568 9206
398 1 9456610 5431
399 0 20495918 0
400 0 18621066 0
401 0 19594032 0
402 0 22114484 0
403 0 19847646 0
404 0 19128916 0
405 0 19946268 0
406 0 18537296 0
407 1 6068568 3648
408 0 19738369 0
409 1 12419713 8114
410 0 22675215 0
411 0 22679604 0
412 0 21841477 0
413 0 15413544 0
414 1 8801492 5750
415 1 2312980 1518
416 1 14127077 8416
417 0 18743304 0
418 0 19780264 0
419 0 19310561 0
420 0 20641046 0
421 1 504593 298
422 1 10388227 6793
423 0 15426880 0
424 1 12648817 8257
425 0 15465591 0
426 0 18807121 0
427 0 19600996 0
428 0 19673252 0
429 0 20364970 0
430 1 12342842 8002
431 0 15430292 0
432 1 9881237 6083
433 0 19256211 0
434 0 18395588 0
435 0 19975481 0
436 1 7682359 5041
437 0 19727330 0
438 0 18893159 0
439 0 20855306 0
440 0 15458641 0
441 0 20248098 0
442 0 20826513 0
443 0 19092546 0
444 1 12031545 7876
445 0 21042874 0
446 0 15412081 0
447 1 15485738 7606
448 0 19664635 0
449 0 20672691 0
450 0 19709650 0
451 0 18678577 0
452 1 3607606 1823
453 0 20346828 0
454 0 20100253 0
455 0 21888600 0
456 0 15445690 0
457 0 20049214 0
458 1 13300127 8674
459 1 1941711 795
460 1 18419689 9276
461 0 18895686 0
462 1 2621144 1725
463 0 19453513 0
464 1 10737693 7015
465 0 15486794 0
466 1 8662351 5663
467 1 4978510 3046
468 1 11878217 7770
469 0 18920200 0
470 0 20557379 0
471 1 11302582 7443
472 1 16184357 7690
473 0 19661160 0
474 0 22302461 0
475 0 21050224 0
476 0 22660282 0
477 0 15405887 0
478 0 20565367 0
479 0 19786866 0
480 1 3541898 1602
481 0 22567304 0
482 0 22282275 0
483 1 13373442 8745
484 1 1325192 861
485 1 2109234 1376
486 1 3861470 2523
487 0 19237632 0
488 1 2437456 1602
489 0 18945364 0
490 1 5082846 3293
491 0 18630508 0
492 0 15420207 0
493 0 15425434 0
494 0 19719029 0
495 0 20014427 0
496 0 19881412 0
497 0 19831734 0
498 0 19680850 0
499 0 19111227 0
500 0 20191016 0
501 1 13124680 8532
502 0 19404683 0
503 0 19700487 0
504 0 19190796 0
505 0 18753292 0
506 1 3688705 2392
507 0 19224256 0
508 1 1061310 696
509 0 19787372 0
510 0 22500569 0
511 1 15088359 9795
512 0 19964276 0
513 0 19596883 0
514 0 18943028 0
515 0 19527905 0
516 0 18663310 0
517 0 20388877 0
518 0 15444772 0
519 0 20251128 0
520 0 18794159 0
521 0 15485165 0
522 0 19769572 0
523 1 6638253 4370
524 0 19438285 0
525 0 19822644 0
526 0 18829289 0
527 0 15436351 0
528 0 20837824 0
529 0 19234257 0
530 0 19391271 0
531 1 8047957 5229
532 0 19893329 0
533 0 15415137 0
534 0 20164565 0
535 1 1734067 1137
536 0 15471836 0
537 0 19306584 0
538 0 19417124 0
539 0 20293989 0
540 0 22570109 0
541 1 11036764 6807
542 0 19420552 0
543 1 15366325 8129
544 0 19676758 0
545 1 9301023 6078
546 0 21691817 0
547 0 20951553 0
548 0 19011916 0
549 0 15429067 0
550 1 12183580 6048
551 1 5545346 2644
552 1 15559869 8615
553 0 19315531 0
554 0 15475446 0
555 1 14256098 7280
556 0 20036376 0
557 1 10571414 5701
558 0 20284377 0
559 0 19291457 0
560 0 19559328 0
561 0 21030045 0
562 0 19138224 0
563 0 19021411 0
564 0 19977774 0
565 0 15420925 0
566 1 7894284 5118
567 0 19988035 0
568 0 20339053 0
569 1 9114255 4725
570 1 12366170 5985
571 0 19616426 0
572 0 15411015 0
573 0 19069544 0
574 0 19159867 0
575 0 20129034 0
576 1 9682021 3948
577 0 20895050 0
578 1 2727284 1787
579 0 19188738 0
580 1 8489080 3728
581 1 16640737 8414
582 0 21156663 0
583 0 20375497 0
584 1 13268266 8671
585 1 4536050 2808
586 0 19127719 0
587 1 6323887 2579
588 0 20213173 0
589 0 18396161 0
590 0 15399984 0
591 0 20135734 0
592 0 22413792 0
593 0 15420522 0
594 1 7933474 5166
595 0 19830967 0
596 0 18746720 0
597 1 9235882 4757
598 0 20544800 0
599 0 20275268 0
600 1 7250331 3142
601 0 20110095 0
602 0 15467177 0
603 0 18682416 0
604 0 15452873 0
605 0 19207029 0
606 1 5060396 3317
607 1 14808366 9657
608 0 20420503 0
609 1 15305111 9913
610 1 5909185 3845
611 0 19521464 0
612 0 19277992 0
613 0 19799774 0
614 0 18976647 0
615 1 9678728 6347
616 1 7931817 5132
617 1 1241441 807
618 1 12594362 8212
619 0 20536353 0
620 1 10815461 7094
621 0 20561570 0
622 0 20243638 0
623 0 20938529 0
624 0 18998965 0
625 0 20982869 0
626 0 20694219 0
627 0 19943788 0
628 1 3471284 2202
629 0 20480204 0
630 1 3349103 2187
631 1 14725802 9606
632 1 552964 358
633 0 21074636 0
634 1 7221258 4000
635 0 20986991 0
636 0 21137876 0
637 0 20389063 0
638 0 20609703 0
639 0 18975424 0
640 0 19800674 0
641 1 12133397 7903
642 0 22504306 0
643 0 20900225 0
644 0 15486136 0
645 1 2015471 1319
646 0 20608438 0
647 0 15444790 0
648 1 6313423 3091
649 1 17355987 9892
650 0 18488232 0
651 0 19102458 0
652 1 10444141 5455
653 0 20594527 0
654 0 19916424 0
655 0 19831289 0
656 0 20330984 0
657 0 20328900 0
658 0 15424481 0
659 0 19837319 0
660 0 22575217 0
661 0 20389785 0
662 1 4291052 2714
663 0 19262769 0
664 0 15435385 0
665 1 6176575 4037
666 0 19157914 0
667 0 20001017 0
668 0 22714885 0
669 0 22251706 0
670 0 21782415 0
671 0 21372207 0
672 0 21411713 0
673 0 21900403 0
674 0 15408741 0
675 1 5775578 2979
676 1 8547499 5582
677 0 21016755 0
678 1 1628182 1055
679 1 6744290 4439
680 0 22665425 0
681 0 21883773 0
682 0 20799588 0
683 1 1828555 799
684 1 1124035 740
685 1 706509 459
686 1 1688989 1101
687 1 6764109 4225
688 0 15503330 0
689 0 19353951 0
690 0 19764280 0
691 0 15404542 0
692 1 3621239 2292
693 1 3267276 1321
694 0 15411847 0
695 0 19944817 0
696 0 22292657 0
697 0 19230649 0
698 1 11364147 7468
699 0 18750573 0
700 0 19787125 0
701 0 19677480 0
702 0 15430473 0
703 1 6911210 3754
704 0 21880581 0
705 1 501115 327
706 1 22424371 9876
707 0 22504669 0
708 0 22688049 0
709 0 15435167 0
710 0 21052333 0
711 1 11152887 7333
712 1 729559 473
713 0 21615907 0
714 0 22715071 0
715 0 20585569 0
716 1 3831585 1990
717 0 19838849 0
718 0 19565275 0
719 0 20090961 0
720 0 20037906 0
721 0 20113077 0
722 0 19371704 0
723 1 12365869 8124
724 1 3906911 1944
725 0 18007600 0
726 0 21904767 0
727 0 15416018 0
728 0 21218599 0
729 0 15429830 0
730 0 20485200 0
731 0 22573008 0
732 1 3600601 2368
733 0 20496476 0
734 1 4771428 3138
735 0 18883598 0
736 0 19039669 0
737 0 15419855 0
738 0 19297331 0
739 0 15419151 0
740 0 20864241 0
741 0 19341244 0
742 1 1367017 610
743 0 20143881 0
744 0 19051543 0
745 0 15431599 0
746 1 17246417 9787
747 0 18790077 0
748 0 20759891 0
749 1 11670465 7601
750 1 5844552 3825
751 1 10868600 5549
752 1 4953673 3250
753 0 19714505 0
754 0 15404448 0
755 0 22843053 0
756 1 6400113 4200
757 0 20376862 0
758 1 1372148 899
759 1 1074157 704
760 0 20464193 0
761 0 18262263 0
762 0 19522756 0
763 1 9085024 5980
764 1 3938696 2085
765 0 15420914 0
766 0 21331517 0
767 0 22854573 0
768 0 19603985 0
769 0 15443926 0
770 0 19676066 0
771 1 3193661 1440
772 1 2431912 1580
773 0 19533170 0
774 0 19638133 0
775 0 19976199 0
776 0 20100678 0
777 1 7927966 4090
778 1 1147205 741
779 1 5762695 3759
780 0 18747034 0
781 0 19207789 0
782 0 15432861 0
783 0 15429946 0
784 0 19056934 0
785 0 19546270 0
786 0 19425755 0
787 0 19460515 0
788 0 18974738 0
789 1 2294408 1199
790 0 19392019 0
791 1 7177439 3753
792 1 6902917 4490
793 0 19304425 0
794 1 1745467 1144
795 1 16342762 9540
796 1 4949812 3255
797 0 22331038 0
798 0 15427076 0
799 0 15428343 0
800 0 15429439 0
801 0 21383542 0
802 0 15416939 0
803 0 19324008 0
804 0 15432024 0
805 0 18782916 0
806 0 20045847 0
807 0 19938098 0
808 0 19240616 0
809 0 19688695 0
810 0 18736532 0
811 0 22473979 0
812 0 20444796 0
813 1 870220 567
814 1 4946422 1955
815 0 21849276 0
816 1 4783605 3120
817 0 19550441 0
818 0 19538748 0
819 0 19513842 0
820 1 17763057 8258
821 0 21263238 0
822 1 4459422 2909
823 0 19330367 0
824 1 700296 459
825 1 8108779 5292
826 0 20088886 0
827 0 19383609 0
828 1 9880836 6446
829 0 19638285 0
830 1 1460419 948
831 0 20588291 0
832 0 15413216 0
833 1 10407144 4840
834 0 18862641 0
835 0 19355477 0
836 1 7231039 4244
837 0 20113888 0
838 0 20442838 0
839 0 20316342 0
840 1 4980022 3259
841 1 19065787 7583
842 0 22604916 0
843 0 20061695 0
844 0 19185964 0
845 1 7694972 5021
846 0 22688464 0
847 0 20163745 0
848 0 19063188 0
849 0 19308089 0
850 0 19839823 0
851 0 20609616 0
852 1 90750 24
853 0 21366666 0
854 0 19981702 0
855 1 6275549 4052
856 0 15542086 0
857 1 7230355 4729
858 0 19439446 0
859 0 20042966 0
860 1 2282955 1326
861 0 18814398 0
862 0 22678733 0
863 1 2478101 1616
864 0 15490804 0
865 0 19601580 0
866 1 7784271 5084
867 0 22789512 0
868 0 22820212 0
869 0 22776034 0
870 0 15408538 0
871 0 20296695 0
872 1 10791460 7130
873 1 11136107 6430
874 0 21662975 0
875 0 22616690 0
876 0 21394436 0
877 1 8437248 5508
878 0 19877768 0
879 0 19171452 0
880 1 8872413 4637
881 0 20375938 0
882 1 9139711 5269
883 0 18860325 0
884 0 19828379 0
885 0 20394022 0
886 0 15442344 0
887 0 19258786 0
888 0 19281305 0
889 0 19845390 0
890 1 679848 311
891 0 19000543 0
892 1 2732767 1776
893 1 14006238 9130
894 1 4560394 2954
895 0 15446426 0
896 0 20168601 0
897 0 19630394 0
898 0 20311480 0
899 0 19442157 0
900 1 285786 182
901 1 1490541 532
902 0 20292035 0
903 1 2460546 1619
904 0 20255714 0
905 1 11484588 7488
906 0 19130614 0
907 0 19974238 0
908 0 15409844 0
909 0 19483312 0
910 0 21057224 0
911 1 13925637 9160
912 0 22625357 0
913 1 4595589 3009
914 1 3929321 2567
915 1 4082891 2687
916 1 880626 286
917 1 8972069 5845
918 1 7531441 4915
919 0 22055382 0
920 0 20692313 0
921 1 155601 96
922 0 21440620 0
923 0 20373851 0
924 0 15437894 0
925 0 19711984 0
926 0 15424030 0
927 0 21719148 0
928 1 14140016 9255
929 1 4985245 2276
930 0 19853837 0
931 0 15431137 0
932 1 14522512 9402
933 0 22833637 0
934 0 21461426 0
935 1 8369350 5436
936 0 19971139 0
937 1 2560398 1662
938 1 8007399 5208
939 0 22526563 0
940 0 21319454 0
941 0 15402862 0
942 1 5475301 3570
943 0 19289331 0
944 1 15032590 7889
945 1 933878 611
946 0 20589315 0
947 1 11156051 5754
948 0 19540416 0
949 0 22686913 0
950 1 21081336 9479
951 0 22591495 0
952 1 458637 285
953 0 21040674 0
954 0 22146710 0
955 1 1959308 945
956 0 20955357 0
957 0 18859843 0
958 0 20216323 0
959 0 19373294 0
960 0 19575747 0
961 0 15399394 0
962 0 19245018 0
963 0 19588421 0
964 1 9599800 6321
965 0 20213467 0
966 1 2315189 1511
967 0 19117672 0
968 0 15408420 0
969 1 14184768 9265
970 0 20692872 0
971 0 19330062 0
972 0 18928889 0
973 0 19426119 0
974 1 7892883 5156
975 1 8622906 5528
976 0 19849372 0
977 0 20463992 0
978 0 15441794 0
979 0 19374946 0
980 0 20614367 0
981 0 19067520 0
982 0 18858405 0
983 1 5738418 3748
984 0 19087527 0
985 1 14080630 9190
986 0 19452358 0
987 1 5777608 3766
988 0 18632646 0
989 0 20158294 0
990 0 21660679 0
991 0 21494060 0
992 0 21619760 0
993 1 851483 549
994 1 14754733 6644
995 0 15434911 0
996 0 20370134 0
997 0 20931379 0
998 0 18821854 0
999 0 21020781 0
1000 0 15415947 0
1001 0 19474288 0
1002 0 15478275 0
1003 1 7736423 2539
1004 0 19381478 0
1005 0 20123732 0
1006 0 21509723 0
1007 0 15416741 0
1008 0 20793546 0
1009 1 5996461 3901
1010 1 4225644 2049
1011 0 15477457 0
1012 0 19922285 0
1013 0 19326005 0
1014 1 8524442 5565
1015 1 7788101 3841
1016 1 8679306 5103
1017 0 18821583 0
1018 1 5716047 3754
1019 0 19010901 0
1020 0 21666136 0
1021 0 15424261 0
1022 0 19754110 0
1023 1 13421630 8676
1024 0 20511786 0
1025 1 18872117 9512
1026 0 19571132 0
1027 0 19369103 0
1028 0 15436938 0
1029 0 15430678 0
1030 0 15416280 0
1031 0 19636596 0
1032 1 18968446 9476
1033 0 20513126 0
1034 0 19193086 0
1035 0 19323031 0
1036 0 19358069 0
1037 0 21777474 0
1038 1 6161946 4054
1039 1 4137551 2642
1040 0 22517097 0
1041 0 21971595 0
1042 0 20449122 0
1043 0 22444252 0
1044 0 19075766 0
1045 0 19005453 0
1046 0 20282304 0
1047 1 1792760 1169
1048 1 4968741 2930
1049 1 18156163 8525
1050 1 3544432 2317
1051 0 21804108 0
1052 0 20105639 0
1053 0 19305352 0
1054 0 20088468 0
1055 0 20155013 0
1056 1 7663710 3602
1057 1 21064 10
1058 1 4461563 2672
1059 1 3957211 2182
1060 0 19418466 0
1061 0 19383993 0
1062 0 19089576 0
1063 0 15402473 0
1064 1 507235 249
1065 0 15420667 0
1066 1 2722160 1364
1067 0 20162692 0
1068 1 11939964 6058
1069 0 15412476 0
1070 0 20039284 0
1071 0 15422795 0
1072 0 19318880 0
1073 0 20215984 0
1074 0 19790886 0
1075 1 10099236 6624
1076 1 7074217 3408
1077 0 19363889 0
1078 0 21755171 0
1079 1 18072238 8974
1080 0 18731905 0
1081 0 19950488 0
1082 1 3575634 2321
1083 0 19590139 0
1084 1 8623585 5615
1085 0 19779139 0
1086 0 19468912 0
1087 0 15432280 0
1088 0 20113694 0
1089 0 19360345 0
1090 0 20187575 0
1091 0 19288381 0
1092 1 1781393 1153
1093 0 18971586 0
1094 0 19536379 0
1095 0 20190095 0
1096 0 21203993 0
1097 1 13445856 4430
1098 1 15827826 7165
1099 0 21461303 0
1100 1 8137797 5317
1101 0 21116797 0
1102 0 15457758 0
1103 1 5687725 3452
1104 1 12009223 7387
1105 1 11864980 6827
1106 1 8098348 4801
1107 0 19077744 0
1108 0 19602071 0
1109 0 21560325 0
1110 0 20451171 0
1111 0 19483124 0
1112 0 15435567 0
1113 0 22573739 0
1114 1 10807919 6444
1115 1 3092161 1943
1116 0 21486777 0
1117 0 19548857 0
1118 0 22158088 0
1119 1 13703610 8575
1120 0 20616665 0
1121 1 10820208 7119
1122 0 19976885 0
1123 1 1738903 965
1124 0 19064766 0
1125 0 19725715 0
1126 0 15409297 0
1127 0 22805014 0
1128 0 15425471 0
1129 0 20236992 0
1130 1 3681721 1733
1131 1 8523387 5593
1132 0 21088023 0
1133 0 22009698 0
1134 0 22473403 0
1135 0 21870047 0
1136 1 7383966 4864
1137 1 8125988 5349
1138 0 22767927 0
1139 1 18512333 8792
1140 1 948073 567
1141 0 22519450 0
1142 1 1918704 937
1143 0 21964617 0
1144 1 15024227 9879
1145 0 21228028 0
1146 1 837620 540
1147 0 18898652 0
1148 0 15433383 0
1149 0 20603307 0
1150 1 7743543 3879
1151 0 18744345 0
1152 0 18692309 0
1153 0 19004979 0
1154 1 17396210 9457
1155 1 3713818 2411
1156 0 20613103 0
1157 0 22369047 0
1158 1 4369318 1440
1159 0 20759009 0
1160 0 20471862 0
1161 1 16782007 9636
1162 1 9884684 4976
1163 1 3618274 2357
1164 1 1743017 1134
1165 1 14329593 9349
1166 0 20134250 0
1167 0 19430649 0
1168 1 11482443 7485
1169 1 13756424 7810
1170 0 19426597 0
1171 0 21579545 0
1172 1 13928725 9036
1173 0 22223253 0
1174 0 15407747 0
1175 1 2443615 1192
1176 0 20391310 0
1177 0 15479850 0
1178 0 19726004 0
1179 0 22052960 0
1180 0 21932496 0
1181 0 22163505 0
1182 0 20339009 0
1183 0 20142564 0
1184 0 19367872 0
1185 0 19301036 0
1186 0 20441553 0
1187 0 19450561 0
1188 1 2312114 856
1189 1 5364632 3506
1190 0 20055983 0
1191 0 22706456 0
1192 0 21278057 0
1193 0 21482196 0
1194 0 21523393 0
1195 0 22358848 0
1196 0 18081698 0
1197 0 21061206 0
1198 0 20451110 0
1199 0 22606465 0
