0 1 12469312 8086
1 0 19946422 0
2 0 22186784 0
3 1 16508336 9348
4 0 22010182 0
5 0 21154238 0
6 0 19989699 0
7 0 20134975 0
8 0 15399785 0
9 1 3839437 2416
10 0 19188594 0
11 1 3765596 2037
12 0 19803660 0
13 0 19132313 0
14 0 19515386 0
15 0 19887198 0
16 0 20263925 0
17 0 22508407 0
18 0 19939589 0
19 0 19093849 0
20 0 20953341 0
21 1 8263099 5417
22 0 20104051 0
23 1 10041578 6093
24 1 6904397 3086
25 0 19957181 0
26 0 21548682 0
27 1 5298197 1792
28 1 11533097 7567
29 0 20090760 0
30 0 21348649 0
31 1 8382961 5520
32 0 21611006 0
33 0 21154529 0
34 0 20894688 0
35 0 20265584 0
36 0 19858074 0
37 0 19414941 0
38 0 20130117 0
39 1 5633702 3661
40 1 493269 290
41 0 20778606 0
42 0 21601574 0
43 1 6377609 4142
44 1 9066304 4625
45 1 7940916 5220
46 1 5645389 3702
47 1 6719170 4413
48 1 12874131 8462
49 0 19818112 0
50 0 15824518 0
51 0 20843991 0
52 0 22749954 0
53 0 20857604 0
54 0 20281701 0
55 0 19282659 0
56 1 6819291 4482
57 0 19210208 0
58 1 15403119 8112
59 0 19189267 0
60 0 15428315 0
61 1 5221739 2350
62 0 19441929 0
63 0 19322028 0
64 1 14509409 9482
65 1 15044236 9901
66 0 18835347 0
67 0 20379047 0
68 1 11929718 7733
69 0 20572028 0
70 0 20048097 0
71 0 22386488 0
72 1 11528872 7567
73 0 22409065 0
74 0 15458932 0
75 1 14917568 9814
76 1 802422 362
77 0 19866581 0
78 1 1570143 561
79 0 19245438 0
80 0 21079589 0
81 0 20637141 0
82 0 19060408 0
83 1 10943108 7178
84 0 20948046 0
85 0 22506530 0
86 0 19863650 0
87 0 19716481 0
88 0 19420547 0
89 1 752207 486
90 0 19748555 0
91 0 21246358 0
92 0 19137537 0
93 0 21707246 0
94 1 10701314 4438
95 0 21236334 0
96 1 6260315 4107
97 1 11076320 7179
98 0 22534466 0
99 0 19474697 0
100 0 16511012 0
101 0 21918209 0
102 0 18565237 0
103 1 2944483 1897
104 0 18647713 0
105 0 18908278 0
106 1 14897272 8356
107 0 19522400 0
108 0 18951199 0
109 0 19767544 0
110 1 255120 145
111 1 2727692 1777
112 1 5345863 2396
113 0 20471828 0
114 0 20142682 0
115 0 19750988 0
116 1 5395880 3518
117 1 7657056 5033
118 0 20650186 0
119 0 22461560 0
120 0 17850419 0
121 0 22695763 0
122 0 21641427 0
123 0 20980838 0
124 0 20811167 0
125 0 20960505 0
126 0 16703920 0
127 1 9954718 6487
128 1 15869864 7977
129 1 9214310 5997
130 1 7778249 3517
131 0 19262737 0
132 0 19116885 0
133 0 22708977 0
134 0 16389211 0
135 0 21388022 0
136 0 19111609 0
137 1 9560743 6225
138 0 20076398 0
139 0 21684429 0
140 0 19484798 0
141 0 19826203 0
142 1 6105738 3991
143 0 19373901 0
144 0 18149538 0
145 0 19284490 0
146 0 15415538 0
147 0 20041944 0
148 1 10548550 6910
149 0 20284153 0
150 1 5787606 2862
151 0 21520312 0
152 0 19852831 0
153 0 22348443 0
154 0 19939673 0
155 0 19545831 0
156 1 14317910 6906
157 0 19552360 0
158 0 16071362 0
159 1 6565432 3009
160 0 19806094 0
161 1 11759848 7731
162 0 15462837 0
163 0 19752509 0
164 0 19860784 0
165 0 19832151 0
166 0 20352261 0
167 1 1270401 825
168 1 2082209 691
169 0 19722535 0
170 0 20053395 0
171 0 19916301 0
172 0 19880745 0
173 0 17770612 0
174 0 15409816 0
175 0 21502354 0
176 0 20165306 0
177 0 19208467 0
178 0 20581091 0
179 0 15423745 0
180 1 6229541 4052
181 0 19630306 0
182 0 19686812 0
183 0 20323878 0
184 0 18564783 0
185 1 5785260 3003
186 0 22762963 0
187 0 18699457 0
188 1 14594788 9509
189 0 19395845 0
190 1 758760 490
191 0 21435472 0
192 0 18980603 0
193 0 15421082 0
194 0 18910141 0
195 0 20145271 0
196 0 21819051 0
197 0 20029695 0
198 0 20916986 0
199 0 20663026 0
200 0 21023728 0
201 0 20817140 0
202 0 19616245 0
203 0 15419073 0
204 0 19991223 0
205 0 21270114 0
206 0 21377005 0
207 0 20637569 0
208 1 5908237 3793
209 0 20032544 0
210 0 18560081 0
211 0 19766526 0
212 1 7803041 3381
213 0 19095835 0
214 0 19112900 0
215 1 4059509 2665
216 0 19521204 0
217 0 19817878 0
218 1 8132108 5203
219 0 20265823 0
220 0 19158385 0
221 0 18885418 0
222 0 19644668 0
223 0 19451841 0
224 0 20181285 0
225 0 21540315 0
226 1 588069 270
227 0 22111858 0
228 0 19659439 0
229 0 19554914 0
230 0 19204007 0
231 0 15443715 0
232 1 13546198 6070
233 0 19361056 0
234 0 22693042 0
235 0 22344114 0
236 0 15439895 0
237 0 19621055 0
238 0 22297712 0
239 1 2691784 1752
240 1 3323462 2145
241 0 19213330 0
242 0 22359560 0
243 0 20841126 0
244 1 254646 160
245 1 4397237 2874
246 0 19551377 0
247 0 18567813 0
248 0 21861822 0
249 1 16255885 9525
250 0 18986799 0
251 0 19683290 0
252 0 22378455 0
253 1 7471347 4863
254 0 16741813 0
255 0 19563919 0
256 1 10634883 5133
257 0 18613259 0
258 0 18714111 0
259 0 19973711 0
260 0 15418499 0
261 0 19531764 0
262 1 9545698 5705
263 0 19475509 0
264 0 19311339 0
265 0 19056067 0
266 1 12715061 8244
267 0 20569289 0
268 0 16607389 0
269 0 19789356 0
270 0 18713281 0
271 0 20265335 0
272 0 22080969 0
273 0 21786072 0
274 0 17567190 0
275 0 22666808 0
276 1 11432144 5932
277 0 19643538 0
278 1 11187932 7291
279 1 8009430 3509
280 0 20635684 0
281 1 1105040 726
282 0 20645982 0
283 0 20634037 0
284 1 13027978 5452
285 0 19318222 0
286 1 3052261 1520
287 0 19883297 0
288 1 6508252 2775
289 0 20332280 0
290 1 4293298 2811
291 1 6743218 4423
292 0 22681642 0
293 0 21887899 0
294 0 20253158 0
295 0 22103386 0
296 1 7178402 4741
297 0 19728952 0
298 0 20192627 0
299 0 22303775 0
300 0 20670067 0
301 1 14901001 9651
302 0 19296620 0
303 0 19111968 0
304 0 18564935 0
305 0 20780872 0
306 0 20760205 0
307 0 19252638 0
308 0 20496852 0
309 0 21062213 0
310 0 15462097 0
311 0 19380283 0
312 0 15433194 0
313 0 19402295 0
314 0 20393160 0
315 0 15446222 0
316 1 11769105 7731
317 1 6238835 4072
318 0 19607993 0
319 1 8787965 4609
320 0 20000046 0
321 0 19729075 0
322 0 19485004 0
323 0 19031592 0
324 0 18899258 0
325 1 3143816 1818
326 1 14795954 6627
327 0 19698783 0
328 0 18908393 0
329 0 16144508 0
330 1 11766677 7735
331 1 11490699 6093
332 0 18808009 0
333 0 20857228 0
334 1 20211675 8265
335 0 15412180 0
336 0 19176830 0
337 0 21495469 0
338 0 20790788 0
339 0 19934165 0
340 1 18526632 9869
341 0 15429956 0
342 0 18483063 0
343 1 17429714 9198
344 0 20181301 0
345 0 19275540 0
346 0 15420689 0
347 1 7168314 4709
348 0 19942733 0
349 0 22218466 0
350 0 22349611 0
351 0 22617175 0
352 0 18915702 0
353 0 21950559 0
354 0 20298947 0
355 0 19363974 0
356 1 10789455 7101
357 0 20563647 0
358 1 7194841 3361
359 1 8640164 5663
360 1 1854014 742
361 0 19938328 0
362 0 19618770 0
363 1 10920105 7017
364 0 18687135 0
365 0 21021080 0
366 0 15401599 0
367 1 3897640 2561
368 0 19540261 0
369 1 14990169 8453
370 1 323389 210
371 1 14750152 9686
372 0 22840095 0
373 0 21282812 0
374 0 20224490 0
375 1 4770495 3134
376 0 19727323 0
377 0 22765691 0
378 1 9834981 5808
379 0 22141279 0
380 0 15409179 0
381 0 22729895 0
382 1 10843586 6545
383 0 15448508 0
384 0 20880328 0
385 1 14886378 9773
386 0 21463034 0
387 0 22744345 0
388 0 19774945 0
389 0 22049606 0
390 0 17824171 0
391 0 19699187 0
392 0 19948754 0
393 0 22838218 0
394 1 10646228 6996
395 0 20492042 0
396 0 21397679 0
397 1 2907637 1910
398 1 17097320 7563
399 0 20264654 0
400 0 19686837 0
401 0 19673229 0
402 1 8296067 4437
403 1 13537184 7252
404 0 19561447 0
405 0 19131995 0
406 1 3885691 2555
407 0 19820057 0
408 1 4961614 2646
409 0 18997617 0
410 0 15425057 0
411 1 10486622 6880
412 1 153059 98
413 0 19917536 0
414 0 19800501 0
415 0 22843806 0
416 0 19300894 0
417 0 22387021 0
418 0 22314104 0
419 1 12302766 7575
420 0 18907781 0
421 1 10175508 5781
422 0 19331118 0
423 0 19586964 0
424 0 20565204 0
425 0 15466324 0
426 1 10044990 6565
427 1 4481460 2924
428 1 7110719 4641
429 0 21124479 0
430 0 19592806 0
431 1 1936025 1253
432 1 15553243 5826
433 0 22691112 0
434 0 20918509 0
435 0 22135769 0
436 0 20409686 0
437 0 20787553 0
438 0 19674935 0
439 1 845082 538
440 0 22023915 0
441 0 20455957 0
442 1 5442952 2510
443 0 19350567 0
444 0 19557465 0
445 1 1854119 839
446 1 9852401 5099
447 0 18734382 0
448 0 22523602 0
449 0 19947341 0
450 1 14664579 9555
451 0 15443846 0
452 1 1848642 1198
453 0 18720347 0
454 1 45965 27
455 0 19491036 0
456 0 20531275 0
457 1 11331980 5372
458 1 2589994 1673
459 0 19582841 0
460 0 19645075 0
461 0 19457039 0
462 0 15461082 0
463 1 4289493 2795
464 0 18729340 0
465 0 19448415 0
466 0 19609707 0
467 1 7577207 3752
468 0 19662387 0
469 1 116727 71
470 0 22742444 0
471 0 21467336 0
472 0 22470337 0
473 0 21066307 0
474 0 15406698 0
475 0 20159700 0
476 1 5030861 2565
477 0 19944426 0
478 0 18927058 0
479 0 18823781 0
480 0 19038908 0
481 0 15411634 0
482 0 22763025 0
483 0 22833864 0
484 0 19831440 0
485 1 11302236 7310
486 0 22829914 0
487 0 15472446 0
488 1 9808252 6452
489 0 19583809 0
490 1 4209537 2762
491 1 5197559 3420
492 0 22149424 0
493 0 19933012 0
494 0 15414232 0
495 0 15461726 0
496 1 4314090 2753
497 0 19190080 0
498 1 12059215 7088
499 0 19107216 0
500 0 21684319 0
501 1 9109234 3687
502 0 20287101 0
503 0 18724899 0
504 1 7430354 4873
505 0 20686333 0
506 1 2142738 1396
507 0 19966302 0
508 0 16073890 0
509 0 15424095 0
510 1 10229693 6724
511 1 10347889 6802
512 1 16587021 9629
513 1 7710062 4504
514 0 19082514 0
515 1 17158063 9980
516 1 16443324 6637
517 1 17317221 8178
518 0 18694384 0
519 0 20697000 0
520 0 19248328 0
521 0 20126672 0
522 0 20328701 0
523 0 22211525 0
524 0 21105093 0
525 0 21345140 0
526 0 20033977 0
527 0 18951288 0
528 0 22099764 0
529 0 22666686 0
530 0 21859573 0
531 0 15451758 0
532 0 22646883 0
533 0 19310742 0
534 1 7910289 3873
535 0 15424506 0
536 1 10667873 6802
537 0 20592138 0
538 0 15425907 0
539 0 19401123 0
540 0 19836837 0
541 1 16273650 8011
542 0 16016037 0
543 1 12469687 8189
544 1 3150216 2039
545 0 22853415 0
546 0 19472236 0
547 0 18979969 0
548 0 19162747 0
549 0 17791266 0
550 1 12530454 8174
551 0 19735533 0
552 0 22623415 0
553 0 22698347 0
554 0 22733831 0
555 0 22711181 0
556 0 22678773 0
557 0 20354103 0
558 0 17415245 0
559 0 15402870 0
560 0 19696111 0
561 1 5309031 2782
562 0 18849116 0
563 1 616547 390
564 0 20540567 0
565 0 19917736 0
566 0 19285311 0
567 0 19999231 0
568 0 19194515 0
569 0 18885121 0
570 1 6324172 3098
571 0 19510980 0
572 1 10983532 7124
573 0 20329349 0
574 1 17477674 9694
575 1 15130286 8892
576 0 15410700 0
577 1 15986666 7328
578 0 19644745 0
579 1 7061232 3292
580 0 19742739 0
581 0 15495924 0
582 0 19382081 0
583 0 15434872 0
584 0 19544344 0
585 1 10766268 5582
586 0 20191073 0
587 0 21564415 0
588 0 15461593 0
589 1 9678000 6059
590 1 11929891 5980
591 1 6634799 3513
592 0 19513611 0
593 0 19211029 0
594 1 10138805 6608
595 1 6214965 4040
596 0 19948265 0
597 0 15482019 0
598 0 19734094 0
599 0 19388230 0
600 0 18586291 0
601 1 17370635 9131
602 1 10121416 6607
603 1 2160490 1414
604 1 10497823 6894
605 1 8609813 5617
606 1 13504420 7335
607 0 18958127 0
608 0 18787273 0
609 0 21077884 0
610 0 20451557 0
611 0 19816467 0
612 0 19400168 0
613 0 15438877 0
614 0 18993907 0
615 0 21562084 0
616 0 19685262 0
617 0 19189599 0
618 0 18822209 0
619 0 19882112 0
620 0 20581050 0
621 0 20459851 0
622 0 19812358 0
623 0 15397157 0
624 0 18972619 0
625 0 19677958 0
626 0 18517608 0
627 0 22519146 0
628 0 22107222 0
629 0 20509451 0
630 0 20568244 0
631 1 927856 299
632 0 22447887 0
633 0 20210619 0
634 1 1357215 881
635 0 19328854 0
636 0 22742392 0
637 0 20348225 0
638 1 12748655 8362
639 0 19405732 0
640 1 1607073 1053
641 1 9158755 6020
642 0 18826299 0
643 1 41789 9
644 0 17265941 0
645 0 20124376 0
646 0 22677177 0
647 0 18855712 0
648 1 9088699 5973
649 1 9611804 6313
650 1 9990285 6561
651 0 18536128 0
652 0 22754497 0
653 0 21919548 0
654 1 10806305 7099
655 0 19948737 0
656 0 18905917 0
657 0 22172609 0
658 1 5407270 3495
659 0 20458878 0
660 0 19282001 0
661 0 21566720 0
662 0 15412171 0
663 1 13651795 8981
664 1 15585847 9558
665 1 3959019 2600
666 0 20854356 0
667 1 6581478 2171
668 0 20939194 0
669 1 6991248 3435
670 0 18988371 0
671 0 15409800 0
672 1 498456 320
673 0 21041259 0
674 0 19817866 0
675 0 20820932 0
676 0 21148765 0
677 1 12716752 8355
678 1 15186613 9283
679 0 19589314 0
680 0 20467447 0
681 0 20508193 0
682 1 5800349 3757
683 0 15425220 0
684 0 21757650 0
685 1 13229397 7693
686 1 349067 226
687 0 19340860 0
688 1 13295086 8743
689 1 4658215 3060
690 0 21287504 0
691 0 20872505 0
692 1 6196548 4075
693 1 18209316 6929
694 0 18544778 0
695 1 5397387 1752
696 0 20634727 0
697 0 22264825 0
698 0 15478508 0
699 0 21095669 0
700 1 18793803 8265
701 1 10316423 4029
702 1 2921022 1909
703 0 19408095 0
704 0 19773801 0
705 1 7601488 4936
706 0 17737784 0
707 1 5291489 3472
708 0 20446897 0
709 0 21729351 0
710 0 22847372 0
711 0 21926808 0
712 0 21745188 0
713 1 15507817 9426
714 0 15401835 0
715 0 20656515 0
716 0 16330538 0
717 0 19790516 0
718 0 20977146 0
719 1 3023871 1987
720 1 1224795 530
721 0 18745787 0
722 0 19577738 0
723 1 9021555 3975
724 1 6782995 3203
725 0 20300904 0
726 0 20148354 0
727 0 22804403 0
728 1 5749693 2584
729 0 22157468 0
730 1 5592598 3677
731 0 21751606 0
732 0 19191462 0
733 1 9343561 5742
734 0 20397050 0
735 0 20192430 0
736 0 19751848 0
737 1 9199133 4695
738 0 19328396 0
739 0 20083481 0
740 1 9845553 6466
741 1 580025 381
742 0 19725170 0
743 1 1632119 1052
744 1 1138922 743
745 0 19370754 0
746 1 15674075 7219
747 0 20425279 0
748 1 2059501 1343
749 0 21135070 0
750 0 20927137 0
751 0 21446265 0
752 1 14926810 9774
753 1 1497282 483
754 1 12897736 7996
755 0 20883867 0
756 0 15414544 0
757 1 1081935 696
758 0 19616678 0
759 0 22601547 0
760 1 8904733 5768
761 0 19366179 0
762 1 6728823 4408
763 1 2823690 1527
764 0 19454180 0
765 0 19283188 0
766 0 20440088 0
767 0 19633833 0
768 0 19230239 0
769 1 15925536 9315
770 0 19237080 0
771 0 22843168 0
772 0 19866377 0
773 1 12053384 7906
774 1 15318945 5890
775 0 19548529 0
776 0 21276845 0
777 0 18818101 0
778 0 20234209 0
779 1 10791268 6225
780 1 13307218 8628
781 0 22843253 0
782 0 22770979 0
783 1 582652 379
784 0 22762572 0
785 1 15343234 9878
786 1 14316607 9423
787 0 19737407 0
788 0 19931143 0
789 0 20212012 0
790 0 22016401 0
791 1 4039814 2188
792 1 14065962 6728
793 0 20011209 0
794 0 20047393 0
795 1 11780997 7741
796 1 8332623 3224
797 0 22846394 0
798 0 22745605 0
799 0 22840575 0
800 0 22850025 0
801 1 9364306 6073
802 1 3524060 2298
803 1 7494359 3245
804 0 20320555 0
805 1 2824739 1709
806 0 18974473 0
807 0 15428035 0
808 0 22621433 0
809 0 19535305 0
810 0 20685383 0
811 1 10711098 3477
812 0 22839604 0
813 1 790164 504
814 0 19908877 0
815 1 2396288 1226
816 1 5552219 3624
817 0 18679357 0
818 0 19726370 0
819 1 2450157 1599
820 0 19438021 0
821 0 15417607 0
822 1 10927406 6926
823 0 19353817 0
824 1 14388568 7126
825 1 2066192 1336
826 0 19414216 0
827 1 9233584 5995
828 0 19275768 0
829 0 19429428 0
830 0 19657040 0
831 0 15413882 0
832 0 18814756 0
833 0 22024479 0
834 0 19559182 0
835 0 18736586 0
836 0 19373966 0
837 0 20063607 0
838 0 22037166 0
839 0 19386197 0
840 0 19624282 0
841 1 3773796 2456
842 0 19226422 0
843 1 11101721 7213
844 1 12280788 7997
845 1 454876 294
846 1 11992710 7826
847 1 5391531 2710
848 0 18671129 0
849 1 2416589 1588
850 0 22705606 0
851 1 6808779 2240
852 0 19871264 0
853 1 17786248 9944
854 0 19790514 0
855 0 22700861 0
856 0 19511799 0
857 0 15489381 0
858 0 18602389 0
859 0 19718128 0
860 0 18557779 0
861 0 19469332 0
862 0 20217740 0
863 0 19854227 0
864 1 2533230 1644
865 1 3526170 2295
866 0 19048266 0
867 1 6328104 3387
868 0 18852158 0
869 0 20376353 0
870 1 282844 181
871 0 21852855 0
872 0 15398008 0
873 0 19733306 0
874 0 15436268 0
875 0 19140200 0
876 0 21667678 0
877 0 19700709 0
878 1 292489 185
879 0 15417395 0
880 1 1597658 1037
881 1 6181775 3205
882 0 21287953 0
883 0 15624055 0
884 1 7020958 4583
885 1 631687 328
886 0 20436064 0
887 0 20187154 0
888 1 14788596 9614
889 1 1816921 1166
890 1 1329800 870
891 0 15429113 0
892 0 19235997 0
893 1 6523605 4253
894 1 9674339 6353
895 0 22634358 0
896 1 9666175 6293
897 1 7083524 4616
898 0 20502562 0
899 1 14091990 6360
900 0 19121162 0
901 1 2085630 1362
902 0 16039238 0
903 1 2369069 1545
904 0 15413633 0
905 0 18831299 0
906 0 15484835 0
907 1 647996 384
908 0 19276996 0
909 1 3870402 2557
910 0 18980996 0
911 0 18912807 0
912 0 20005495 0
913 0 19641653 0
914 0 15453845 0
915 0 18955552 0
916 0 18868925 0
917 0 18954486 0
918 0 19360313 0
919 0 19237162 0
920 0 19172698 0
921 1 3014464 1166
922 0 19814987 0
923 1 13216150 8718
924 1 286338 170
925 0 19345607 0
926 0 17455936 0
927 0 19886388 0
928 0 19815410 0
929 0 18894881 0
930 1 15293151 6511
931 0 18823647 0
932 1 3314711 2161
933 1 12656724 7614
934 1 3150988 2055
935 0 15438394 0
936 0 20213160 0
937 0 22016064 0
938 1 51052 28
939 0 20649375 0
940 0 19822796 0
941 1 1781473 585
942 0 22663120 0
943 0 15395944 0
944 0 20771074 0
945 0 21267891 0
946 0 22568393 0
947 1 17939075 9759
948 1 29860 17
949 1 11489038 7494
950 0 20170102 0
951 0 20098548 0
952 0 22659045 0
953 1 19285018 8195
954 1 19574786 9700
955 0 19274899 0
956 0 16446037 0
957 0 15438677 0
958 0 15420078 0
959 0 19650375 0
960 1 4424755 2908
961 1 16826512 6714
962 0 15406941 0
963 1 7657107 4876
964 1 4331830 2797
965 0 19240874 0
966 0 22821418 0
967 0 21820979 0
968 0 21157125 0
969 1 4607168 3030
970 1 628180 404
971 0 20107540 0
972 0 19913601 0
973 0 19776989 0
974 0 19772287 0
975 1 13136430 6031
976 1 1599585 1049
977 1 4481108 2192
978 1 5504047 3622
979 1 2363559 1553
980 0 19442202 0
981 0 15409855 0
982 0 19484305 0
983 1 6108637 3311
984 1 7347839 4814
985 0 19225922 0
986 0 20000196 0
987 1 14954241 7659
988 0 21069678 0
989 0 19365462 0
990 0 19906130 0
991 0 19999588 0
992 0 22479562 0
993 1 12623992 6762
994 0 19980345 0
995 0 18749805 0
996 0 19480684 0
997 0 21943869 0
998 0 19177547 0
999 1 13730481 9023
1000 0 19785480 0
1001 0 22206349 0
1002 0 22491790 0
1003 0 19574953 0
1004 0 20457581 0
1005 0 20304090 0
1006 0 19352506 0
1007 0 20033045 0
1008 0 19366564 0
1009 0 20513211 0
1010 0 15424973 0
1011 0 18995617 0
1012 0 22848851 0
1013 0 22062538 0
1014 0 22643839 0
1015 1 5852297 3843
1016 1 2481612 1627
1017 0 22814931 0
1018 0 19334601 0
1019 0 19802561 0
1020 0 18751318 0
1021 0 19654158 0
1022 0 19720753 0
1023 1 7995012 5192
1024 0 19817310 0
1025 0 19802181 0
1026 1 813495 534
1027 0 19699331 0
1028 0 15412013 0
1029 0 19401235 0
1030 0 20749294 0
1031 1 2238127 1301
1032 0 20214989 0
1033 0 20426422 0
1034 0 21386035 0
1035 0 18893932 0
1036 1 15701332 5856
1037 0 21191124 0
1038 0 19002498 0
1039 0 19593156 0
1040 0 18700407 0
1041 0 22577664 0
1042 0 21630769 0
1043 0 15499282 0
1044 0 20222494 0
1045 1 7349722 4185
1046 0 19243804 0
1047 0 19314140 0
1048 0 18742430 0
1049 1 3017514 1964
1050 0 19322782 0
1051 1 9555264 6289
1052 1 8016407 4367
1053 1 8937441 5706
1054 0 22274751 0
1055 0 21538857 0
1056 0 19409796 0
1057 0 20074405 0
1058 0 15444296 0
1059 1 4390286 1754
1060 1 9952771 6470
1061 0 18827238 0
1062 0 18719803 0
1063 0 20595624 0
1064 1 10710359 6974
1065 0 20193883 0
1066 0 19387181 0
1067 1 6980249 4573
1068 1 14047829 9224
1069 0 21831927 0
1070 1 7215351 4679
1071 0 15470039 0
1072 0 19176095 0
1073 0 20366363 0
1074 1 970371 624
1075 0 19328377 0
1076 1 5857856 3508
1077 1 22385 12
1078 1 11774593 7642
1079 1 14908889 6731
1080 0 19160924 0
1081 1 13388974 6784
1082 0 15430165 0
1083 0 21868641 0
1084 1 12765318 8155
1085 1 8412825 3633
1086 1 12063693 7820
1087 1 4607361 2503
1088 0 20479121 0
1089 0 16886801 0
1090 1 14510900 9547
1091 1 2385456 1130
1092 1 11358112 7473
1093 1 3506240 2308
1094 0 19393795 0
1095 0 20177802 0
1096 0 19221972 0
1097 1 4501584 2680
1098 1 16936289 8713
1099 0 22844518 0
1100 0 22284683 0
1101 0 18917053 0
1102 1 2793898 1830
1103 1 9664692 5005
1104 0 19151773 0
1105 0 19469582 0
1106 0 18914028 0
1107 1 12896109 8470
1108 0 19654099 0
1109 1 10381546 6828
1110 0 19015974 0
1111 0 15426833 0
1112 1 12146513 7983
1113 0 20508022 0
1114 1 1537510 1010
1115 0 20936639 0
1116 0 15408625 0
1117 0 20987287 0
1118 0 20254004 0
1119 0 22704221 0
1120 1 4449882 2894
1121 1 4990333 2736
1122 0 20110693 0
1123 0 20116352 0
1124 0 22822961 0
1125 1 3771280 2439
1126 0 20486506 0
1127 0 20345966 0
1128 0 15452943 0
1129 1 15572865 7481
1130 0 19118969 0
1131 0 20163509 0
1132 1 226916 141
1133 1 5834824 3213
1134 1 15741821 8118
1135 1 8666058 4441
1136 0 18698150 0
1137 0 19535500 0
1138 1 7887206 5153
1139 0 21745294 0
1140 1 7361170 4781
1141 0 21658071 0
1142 0 20574573 0
1143 1 14814785 9718
1144 1 205377 63
1145 0 19816905 0
1146 1 1950887 1027
1147 1 14008728 6852
1148 0 19155865 0
1149 0 19240460 0
1150 0 20011023 0
1151 0 19663805 0
1152 1 14057816 9136
1153 0 19759374 0
1154 0 19695029 0
1155 0 19406277 0
1156 0 19779871 0
1157 0 20764391 0
1158 0 21813807 0
1159 0 18036959 0
1160 0 19155402 0
1161 1 781247 368
1162 0 19996150 0
1163 0 18890031 0
1164 0 19501612 0
1165 0 19325205 0
1166 1 6291028 4105
1167 0 22330878 0
1168 0 21633270 0
1169 0 19493878 0
1170 0 17064802 0
1171 1 13227624 7132
1172 0 18937703 0
1173 1 16349005 9136
1174 1 8246718 5370
1175 0 18839334 0
1176 0 19550912 0
1177 1 11220024 7306
1178 0 19794029 0
1179 0 15409794 0
1180 1 3825859 2499
1181 0 18945034 0
1182 1 13968725 9101
1183 0 19176477 0
1184 0 18657147 0
1185 0 18728395 0
1186 0 15426521 0
1187 1 8113164 5352
1188 1 4990208 3295
1189 0 19849356 0
1190 0 21233289 0
1191 1 1148227 750
1192 0 21841662 0
1193 0 19783877 0
1194 1 3396356 2224
1195 0 20986363 0
1196 0 22102343 0
1197 0 22223996 0
1198 0 20192457 0
1199 1 17214468 9445
0 0 19711085 0
1 0 19845782 0
2 0 18698004 0
3 1 17851443 8947
4 0 21197825 0
5 1 10924720 5800
6 1 17899508 6855
7 0 19773545 0
8 0 19907410 0
9 0 18963474 0
10 0 19735026 0
11 1 1598501 537
12 1 9302229 4816
13 1 15298273 5289
14 1 11239133 4464
15 0 22427533 0
16 0 15892804 0
17 0 22615154 0
18 0 22742024 0
19 0 20998869 0
20 1 10471771 6896
21 0 22550788 0
22 0 18440293 0
23 0 21684705 0
24 0 21031459 0
25 0 20091617 0
26 0 15475155 0
27 1 9700279 6342
28 1 2472804 1610
29 0 19918758 0
30 0 19299169 0
31 0 19573338 0
32 0 19522236 0
33 0 19739823 0
34 0 22667042 0
35 0 19525727 0
36 0 18958977 0
37 0 22215494 0
38 0 20124999 0
39 0 20938598 0
40 0 19438218 0
41 0 20129676 0
42 1 14839559 9685
43 0 19412987 0
44 0 22079702 0
45 0 20299175 0
46 0 19160722 0
47 0 22601463 0
48 0 22698868 0
49 1 4844111 3159
50 0 21702945 0
51 0 20699283 0
52 0 22435116 0
53 0 20601908 0
54 1 12051632 7845
55 1 17550833 9515
56 0 19055973 0
57 0 19773574 0
58 0 21894279 0
59 0 20191747 0
60 0 20308153 0
61 0 19968122 0
62 0 20136582 0
63 0 19043019 0
64 0 19412666 0
65 1 9565762 6234
66 0 19018198 0
67 0 19066995 0
68 1 13042361 8594
69 0 15437986 0
70 1 8068979 3839
71 1 3671883 2393
72 0 17177310 0
73 0 20054559 0
74 0 19496197 0
75 0 18850440 0
76 1 531877 341
77 1 1177467 464
78 0 19644199 0
79 1 2579604 1295
80 1 6586383 4289
81 1 6182443 3854
82 1 494246 324
83 0 19313927 0
84 0 22216183 0
85 1 12898509 8455
86 0 20294878 0
87 0 20236931 0
88 0 19212867 0
89 1 3452395 1923
90 0 20615603 0
91 0 19483202 0
92 0 19046767 0
93 0 15442914 0
94 0 19438459 0
95 0 18733544 0
96 0 19335111 0
97 1 11615110 6872
98 0 22583507 0
99 0 22693339 0
100 0 18109151 0
101 0 20478047 0
102 0 20755821 0
103 0 21210062 0
104 1 10801812 5483
105 0 19259261 0
106 0 19166944 0
107 0 19599334 0
108 0 18794663 0
109 0 20836410 0
110 1 15408716 7491
111 0 18655230 0
112 0 19556382 0
113 0 17747694 0
114 1 505571 324
115 1 2564505 1685
116 0 19891865 0
117 0 21528825 0
118 0 15495258 0
119 0 20805343 0
120 0 19821482 0
121 1 14928098 9713
122 0 20046293 0
123 0 20115588 0
124 0 20209887 0
125 0 19404961 0
126 0 15442706 0
127 0 19803529 0
128 1 4998265 3244
129 0 20798244 0
130 0 15444678 0
131 1 13445832 7191
132 1 3035156 1955
133 0 19554940 0
134 0 18891231 0
135 0 19222090 0
136 0 20519580 0
137 0 19231914 0
138 0 19133497 0
139 0 16250813 0
140 0 18921061 0
141 1 1179631 597
142 0 18928456 0
143 0 19217726 0
144 0 15474533 0
145 0 19905320 0
146 0 20078432 0
147 0 21395899 0
148 1 6914701 3812
149 0 18954311 0
150 1 9457622 6205
151 1 1874651 849
152 1 2524591 1661
153 0 19267341 0
154 0 20265665 0
155 0 19476314 0
156 0 20744898 0
157 1 8717543 5734
158 0 19309147 0
159 0 19752072 0
160 0 20396772 0
161 0 22434891 0
162 0 15462057 0
163 1 43887 26
164 0 20673875 0
165 1 3380068 2215
166 0 19795170 0
167 0 20722436 0
168 1 12935870 8493
169 0 20618641 0
170 0 15456528 0
171 0 20220862 0
172 0 20680157 0
173 0 15477857 0
174 0 19579439 0
175 1 6314151 4110
176 0 22735805 0
177 0 18782308 0
178 0 15416662 0
179 0 19231436 0
180 0 22435837 0
181 0 21149268 0
182 0 15426379 0
183 1 12827496 7923
184 0 19758242 0
185 0 22724113 0
186 1 403545 258
187 0 22846580 0
188 0 22628472 0
189 0 22243593 0
190 0 22795531 0
191 0 15426290 0
192 0 19403723 0
193 0 21555924 0
194 0 21827746 0
195 0 20639731 0
196 1 6939334 4541
197 0 18884234 0
198 0 22416793 0
199 1 13567644 8833
200 0 19361547 0
201 0 22207225 0
202 1 1146114 750
203 0 20324851 0
204 1 3412227 1932
205 0 19722777 0
206 0 19130136 0
207 1 4371671 2850
208 1 5360736 3497
209 0 18616242 0
210 0 22633719 0
211 0 22722879 0
212 0 15456240 0
213 0 21548915 0
214 0 20264374 0
215 0 21294560 0
216 1 4679919 3047
217 1 764324 492
218 1 2836806 1855
219 0 22693118 0
220 0 22709052 0
221 1 14411147 6827
222 1 3353778 2185
223 0 18818836 0
224 0 22730261 0
225 0 21228536 0
226 0 20289242 0
227 0 19626581 0
228 1 12928934 8385
229 1 17031399 8690
230 1 7092687 3060
231 0 19703286 0
232 0 19478757 0
233 0 19526190 0
234 1 9374433 5075
235 0 20556527 0
236 0 15419614 0
237 0 18588427 0
238 0 20802222 0
239 0 20562601 0
240 0 20938394 0
241 0 21933779 0
242 1 13424449 8712
243 0 19251659 0
244 1 9245862 6018
245 0 15529128 0
246 0 18631392 0
247 0 19782846 0
248 0 19057144 0
249 0 19208412 0
250 0 19836697 0
251 0 18962655 0
252 1 9844284 5994
253 1 6296970 4112
254 1 1923405 1243
255 0 18873272 0
256 1 2055073 1350
257 0 22731231 0
258 0 15452487 0
259 0 20024968 0
260 0 19259166 0
261 0 20348902 0
262 1 11869170 7812
263 0 18640325 0
264 0 15495555 0
265 0 19496085 0
266 1 13520505 8798
267 1 9767687 5676
268 0 15507186 0
269 1 9920336 5772
270 0 19552577 0
271 0 22518890 0
272 1 16695998 9584
273 0 19184439 0
274 1 4658904 2407
275 1 16813613 9278
276 0 20755962 0
277 0 19856649 0
278 0 19423499 0
279 0 19383536 0
280 1 1129779 742
281 0 19936900 0
282 0 19062599 0
283 0 19619045 0
284 0 20339561 0
285 1 9960671 6540
286 0 19761746 0
287 1 11937558 7761
288 0 15417809 0
289 0 18789689 0
290 1 8619505 5600
291 0 19536075 0
292 1 831965 542
293 0 22692632 0
294 0 20674879 0
295 0 15769046 0
296 1 12365714 8096
297 1 1606071 935
298 0 19039537 0
299 0 18792785 0
300 0 15431072 0
301 1 7622550 3947
302 0 19424338 0
303 1 10844687 7139
304 0 21059101 0
305 1 679692 292
306 0 19213560 0
307 0 19249101 0
308 0 19502554 0
309 1 2482693 1616
310 1 5201591 2658
311 0 20575696 0
312 1 14875841 9053
313 1 6131167 4003
314 0 20120079 0
315 0 19404803 0
316 0 19305691 0
317 0 20268332 0
318 0 22622299 0
319 1 1968635 1061
320 0 17236913 0
321 1 144732 92
322 0 22317893 0
323 1 15292687 9935
324 1 14790125 9637
325 0 20652303 0
326 0 18759969 0
327 0 19337955 0
328 1 11224801 5772
329 0 18647336 0
330 0 20370108 0
331 0 20571969 0
332 1 9448344 6163
333 0 20393070 0
334 0 15429902 0
335 0 19641014 0
336 0 19252281 0
337 1 13809885 7235
338 0 15523504 0
339 0 19065943 0
340 0 15430909 0
341 0 19970446 0
342 1 5567786 3677
343 0 19614870 0
344 0 18913058 0
345 0 18926889 0
346 0 19198144 0
347 0 19715254 0
348 0 19084407 0
349 0 19856573 0
350 0 20618188 0
351 0 19990094 0
352 0 15430471 0
353 0 19398476 0
354 1 5511961 3205
355 1 10162828 6627
356 0 22501462 0
357 0 21425933 0
358 1 7396155 4873
359 0 22719312 0
360 0 21191385 0
361 0 20178305 0
362 1 7626581 4106
363 1 7655148 4915
364 0 21841250 0
365 1 4137418 2721
366 0 20896761 0
367 1 18706944 8236
368 0 15418506 0
369 1 14171786 9324
370 0 15437196 0
371 1 2087258 980
372 0 20696712 0
373 0 22650522 0
374 0 15442607 0
375 1 16366934 8710
376 1 1148925 745
377 0 15420146 0
378 0 21113010 0
379 1 12325925 8064
380 1 8132732 5298
381 1 12531577 8242
382 0 20546633 0
383 0 20131693 0
384 1 5629299 3709
385 0 21259524 0
386 1 2392402 1523
387 0 19707110 0
388 0 18356866 0
389 1 15721399 7939
390 1 11997022 7828
391 0 18864011 0
392 0 19160374 0
393 1 14185419 9304
394 1 10002527 5314
395 0 18583716 0
396 0 22255475 0
397 0 20993686 0
398 0 20273341 0
399 1 9522527 6189
400 0 21481468 0
401 0 19598718 0
402 1 5019291 2301
403 0 16379646 0
404 0 19365831 0
405 1 5279742 3435
406 0 19322298 0
407 0 15504964 0
408 1 14789224 7927
409 0 18989243 0
410 0 19067358 0
411 0 19100713 0
412 1 14567552 7359
413 1 5515619 3022
414 0 19054248 0
415 0 19197466 0
416 1 1331894 514
417 1 2102214 1368
418 0 21097756 0
419 1 8585199 4246
420 1 11496620 7535
421 0 19495268 0
422 0 19739700 0
423 0 20184820 0
424 1 1407839 916
425 0 19824292 0
426 0 21521918 0
427 0 21591074 0
428 0 15448425 0
429 0 19306761 0
430 0 21995988 0
431 0 20292591 0
432 0 15433112 0
433 0 20084276 0
434 0 22185134 0
435 0 21561772 0
436 1 8836393 5812
437 0 21816388 0
438 0 19964183 0
439 0 19689568 0
440 0 19491148 0
441 1 5596256 2394
442 0 20869659 0
443 0 15437883 0
444 0 15592213 0
445 0 19655138 0
446 0 20119755 0
447 0 22618234 0
448 1 13237792 5234
449 0 19776474 0
450 0 19934788 0
451 0 15439626 0
452 0 20001920 0
453 0 19540394 0
454 0 19897537 0
455 1 8121376 4150
456 1 7851780 4190
457 0 21954643 0
458 0 15435343 0
459 0 20788146 0
460 0 15441352 0
461 0 15513882 0
462 0 19294266 0
463 0 19127363 0
464 0 20127411 0
465 1 12994173 8417
466 1 3352575 2200
467 0 21366935 0
468 0 20623844 0
469 0 22828585 0
470 0 22069324 0
471 1 17429529 8990
472 0 21172575 0
473 0 22776543 0
474 0 18236140 0
475 0 21696789 0
476 0 20863663 0
477 1 2416699 846
478 0 16965568 0
479 0 22809644 0
480 0 22670089 0
481 0 15456973 0
482 0 22854664 0
483 0 22870375 0
484 1 17163148 6875
485 0 20722956 0
486 0 22561083 0
487 0 22878603 0
488 0 21535213 0
489 0 21680074 0
490 0 20714626 0
491 0 19759715 0
492 0 15513321 0
493 0 21309200 0
494 0 18697737 0
495 0 19291492 0
496 1 14440928 6606
497 1 6941574 3595
498 1 7577858 4942
499 0 20356068 0
500 0 19412907 0
501 0 19776266 0
502 0 19536596 0
503 0 15456883 0
504 0 19524226 0
505 0 19720580 0
506 0 19773575 0
507 1 10889494 7155
508 1 10440886 6876
509 0 21796163 0
510 0 20173542 0
511 0 20196497 0
512 0 20335354 0
513 0 19771584 0
514 1 11393096 7502
515 1 6895776 4542
516 1 10712515 7037
517 1 10989546 7235
518 1 13898724 7060
519 0 19353217 0
520 0 19774232 0
521 0 20343482 0
522 1 7270896 4779
523 1 6042670 3904
524 0 22171186 0
525 1 6791285 4448
526 0 22373442 0
527 0 19183776 0
528 0 19069437 0
529 0 21520012 0
530 0 20155643 0
531 0 21865754 0
532 1 1022745 327
533 0 20569503 0
534 0 19600231 0
535 0 19139667 0
536 1 16499967 7697
537 0 15428810 0
538 0 19842442 0
539 0 18994396 0
540 1 12257298 7947
541 1 7268249 3916
542 0 18959409 0
543 1 43006 24
544 0 20273387 0
545 0 20418502 0
546 0 22857273 0
547 0 22117698 0
548 0 22821674 0
549 1 8831132 2918
550 0 22667432 0
551 1 14392880 9457
552 0 20393727 0
553 0 20631611 0
554 1 12220881 6574
555 0 19542236 0
556 0 20449106 0
557 0 21600429 0
558 1 13167361 5901
559 1 11636247 7651
560 1 10842408 7145
561 0 15420113 0
562 1 6517864 4290
563 0 19198450 0
564 1 14851905 9764
565 0 15423221 0
566 0 19900148 0
567 0 19577751 0
568 0 19613891 0
569 0 19847646 0
570 1 13480318 8855
571 1 638835 394
572 0 22832884 0
573 0 21546460 0
574 0 15417447 0
575 1 8922514 4431
576 0 18777271 0
577 0 20222077 0
578 1 2891833 1897
579 1 7799770 5076
580 1 3502035 2220
581 0 19648736 0
582 1 15125609 9793
583 1 8559295 5346
584 0 18977299 0
585 0 22621543 0
586 1 9530046 6262
587 1 853764 284
588 0 20672464 0
589 1 6348238 3289
590 1 7412106 4873
591 0 22689813 0
592 0 19519998 0
593 0 19212596 0
594 0 20318490 0
595 0 19449082 0
596 0 15433003 0
597 0 19328140 0
598 0 20004244 0
599 0 18869355 0
600 0 15424362 0
601 1 15676315 8126
602 0 19030503 0
603 1 429708 278
604 0 20014664 0
605 0 15429746 0
606 1 364381 232
607 0 15439711 0
608 0 19088533 0
609 0 19474137 0
610 0 19090442 0
611 0 22266312 0
612 0 22670504 0
613 1 768447 498
614 0 22548274 0
615 0 22246104 0
616 1 8147407 5291
617 0 19533051 0
618 0 19641445 0
619 1 8913277 4936
620 0 19781677 0
621 1 1063725 693
622 1 15575934 8488
623 1 17548929 6838
624 0 20132313 0
625 1 197423 125
626 0 21318172 0
627 0 20041683 0
628 0 19406185 0
629 0 17141893 0
630 1 745123 402
631 0 19562102 0
632 0 19664083 0
633 0 20036500 0
634 0 19409725 0
635 0 20087127 0
636 1 6255919 2786
637 1 9883352 6451
638 0 19166107 0
639 0 22252147 0
640 0 19630549 0
641 0 22077040 0
642 0 22062297 0
643 0 20830800 0
644 0 19762846 0
645 0 19161554 0
646 0 19350338 0
647 1 368100 237
648 1 12916674 8448
649 0 20088800 0
650 0 20727097 0
651 0 20177927 0
652 0 19404597 0
653 0 19705151 0
654 0 18894989 0
655 0 20327211 0
656 0 19217579 0
657 0 19341817 0
658 1 7284556 4750
659 1 1764968 888
660 0 18673035 0
661 0 19508737 0
662 0 19450557 0
663 0 19566380 0
664 0 19549204 0
665 0 21252492 0
666 1 17158636 9563
667 0 19392684 0
668 0 21247097 0
669 0 19319911 0
670 0 21446024 0
671 0 22830045 0
672 0 22613926 0
673 0 17987794 0
674 0 21780576 0
675 1 4287324 2818
676 0 22823725 0
677 1 4501662 2955
678 1 3847637 2519
679 0 19452676 0
680 0 22692844 0
681 1 10655216 7013
682 0 19531144 0
683 0 21336504 0
684 1 3270279 2120
685 1 10130026 5795
686 0 19224932 0
687 0 21522561 0
688 0 21130478 0
689 0 21833662 0
690 1 7150331 4702
691 1 1796556 1085
692 1 4683200 3040
693 1 11683461 7605
694 1 12348357 8109
695 0 22762888 0
696 0 21546814 0
697 0 20199591 0
698 0 20365820 0
699 1 9973281 4300
700 0 19276807 0
701 1 14440200 9485
702 1 14495947 9419
703 1 6784113 4464
704 1 11359426 7472
705 0 19723343 0
706 0 20524071 0
707 1 14025377 9077
708 1 11549210 7454
709 0 20210074 0
710 0 22840276 0
711 0 15419960 0
712 1 10955789 7198
713 0 20117776 0
714 1 8022968 5208
715 0 20727002 0
716 1 11162430 7318
717 0 15452977 0
718 1 4180709 1377
719 0 19513016 0
720 0 22679841 0
721 1 4800597 2785
722 0 15427915 0
723 1 14134698 9205
724 1 11369676 6200
725 1 12654558 6858
726 0 19213472 0
727 0 18977988 0
728 0 15423488 0
729 1 6054499 3964
730 0 16986363 0
731 0 19772391 0
732 1 15181850 9921
733 0 20364691 0
734 1 19414246 9583
735 1 9071914 4249
736 0 19684875 0
737 0 20992298 0
738 0 19348621 0
739 0 22218669 0
740 1 4773387 3108
741 0 21054146 0
742 1 14731536 9600
743 0 22191752 0
744 1 12094456 7933
745 0 22401117 0
746 0 20624356 0
747 0 16687295 0
748 1 3595716 1835
749 0 19560284 0
750 0 20519415 0
751 0 16781973 0
752 0 19326271 0
753 0 20271808 0
754 0 20978193 0
755 0 21487016 0
756 0 22377474 0
757 0 20027053 0
758 0 22308765 0
759 0 20446252 0
760 1 16490082 8604
761 0 19915785 0
762 1 10119893 6584
763 0 18997313 0
764 0 22274496 0
765 0 20285872 0
766 0 15433758 0
767 0 18736850 0
768 0 19767456 0
769 1 9628497 5342
770 1 4971608 2618
771 0 19009604 0
772 0 19522007 0
773 0 18835375 0
774 0 17044661 0
775 0 19439500 0
776 0 19117758 0
777 0 19078846 0
778 0 15452209 0
779 0 19058632 0
780 0 20110114 0
781 1 13043453 6544
782 0 18974612 0
783 0 19727756 0
784 0 19222699 0
785 0 19450932 0
786 1 3645837 2379
787 1 5748259 3753
788 1 15778550 8136
789 0 20124324 0
790 0 18817959 0
791 1 17455872 8647
792 1 10438956 5693
793 0 19692918 0
794 0 15432324 0
795 1 9325485 5702
796 1 11771297 5854
797 0 19747807 0
798 0 15454700 0
799 0 19345715 0
800 0 20109559 0
801 0 19600847 0
802 0 20099339 0
803 0 19625454 0
804 0 19774545 0
805 0 22404311 0
806 1 10824177 7029
807 1 2466061 806
808 0 20573354 0
809 0 19209493 0
810 0 21188475 0
811 0 20116838 0
812 0 19553949 0
813 0 15451644 0
814 0 19234711 0
815 0 19318430 0
816 1 2713358 1772
817 0 19446582 0
818 1 16497598 7558
819 0 22033377 0
820 0 21213587 0
821 0 20774234 0
822 1 8982257 3865
823 0 20524347 0
824 0 16212503 0
825 0 19550181 0
826 0 21676067 0
827 1 5405270 3524
828 0 19803186 0
829 1 15936020 7463
830 1 13686097 6996
831 0 19853803 0
832 0 22155454 0
833 1 14423230 9405
834 0 20734947 0
835 0 21617016 0
836 0 19688030 0
837 1 1420283 926
838 0 17899622 0
839 0 19512220 0
840 0 20162207 0
841 0 18027782 0
842 0 19923040 0
843 0 20588705 0
844 0 20619884 0
845 0 20077944 0
846 0 21569846 0
847 1 5578917 3628
848 0 21201131 0
849 0 15419799 0
850 1 10541222 5579
851 0 19303072 0
852 0 19484758 0
853 1 12482089 8117
854 0 20745282 0
855 0 15497634 0
856 1 7201087 3149
857 1 5724361 3747
858 0 19417565 0
859 0 19599108 0
860 0 21615447 0
861 0 15444478 0
862 0 20103793 0
863 0 19236052 0
864 1 10576962 4899
865 1 9970182 5254
866 0 15462771 0
867 0 19893332 0
868 0 22121742 0
869 1 14316148 9349
870 0 19994658 0
871 1 13818438 6668
872 1 18047628 6905
873 0 15468790 0
874 0 17039962 0
875 0 15423159 0
876 0 15408651 0
877 0 22620021 0
878 1 7996728 5191
879 1 18944474 7721
880 0 22821564 0
881 1 2602657 1707
882 0 15657380 0
883 0 21018569 0
884 0 21336323 0
885 1 11623364 7547
886 0 20597207 0
887 1 2582619 1697
888 1 11345440 7379
889 0 15441914 0
890 0 19949884 0
891 0 19602308 0
892 0 20845295 0
893 0 15464372 0
894 0 19091244 0
895 1 14240798 9350
896 0 20936623 0
897 1 3478223 1433
898 0 18884829 0
899 0 15436263 0
900 0 19348457 0
901 0 19927830 0
902 0 22824967 0
903 0 15450633 0
904 0 21854672 0
905 0 19199483 0
906 0 21783354 0
907 0 21150813 0
908 1 6340448 4106
909 1 8805624 5690
910 0 19591107 0
911 0 19178928 0
912 1 15205543 7446
913 1 11406242 7402
914 0 20605557 0
915 0 20794405 0
916 0 19772624 0
917 0 20081923 0
918 0 19796288 0
919 0 22631355 0
920 1 14121437 9278
921 0 19322718 0
922 1 5233776 3427
923 0 21892140 0
924 0 20758347 0
925 0 19783314 0
926 1 15781397 9260
927 0 20349726 0
928 1 19982649 8905
929 0 20007098 0
930 1 1725614 1115
931 1 5636030 3512
932 1 5017936 2523
933 0 19521391 0
934 0 19059600 0
935 1 8919153 5777
936 0 18592976 0
937 1 1977977 1280
938 1 11192935 7297
939 0 19413035 0
940 0 21103242 0
941 0 19179671 0
942 0 22157454 0
943 0 20919556 0
944 0 20204749 0
945 1 6425533 4191
946 0 19766783 0
947 0 20109715 0
948 0 22461309 0
949 0 19912128 0
950 0 18210934 0
951 0 22624834 0
952 1 135521 79
953 0 22685871 0
954 1 1656905 541
955 0 15491101 0
956 0 21767763 0
957 0 20041792 0
958 0 15462568 0
959 0 20544103 0
960 0 22492130 0
961 1 4851687 3155
962 0 15470634 0
963 0 19385656 0
964 0 19108677 0
965 0 17238931 0
966 0 19276374 0
967 1 13275456 8652
968 1 11242164 7311
969 0 19609927 0
970 1 9823192 5288
971 1 11584530 6247
972 1 7309934 4644
973 1 1162189 696
974 0 19969248 0
975 1 5735176 3742
976 0 19897849 0
977 1 14832730 5530
978 0 19951174 0
979 1 17653362 8363
980 0 19783961 0
981 0 19677167 0
982 0 15425264 0
983 1 2520878 1577
984 1 20705962 9987
985 1 4476673 2912
986 0 21703012 0
987 0 22705105 0
988 1 4398239 2886
989 0 20773081 0
990 0 18467620 0
991 0 19543491 0
992 1 18520472 9923
993 0 20648369 0
994 0 22726035 0
995 0 21704946 0
996 0 17623999 0
997 0 20588841 0
998 1 8655653 5629
999 1 13123984 8623
1000 0 19697370 0
1001 0 19506402 0
1002 1 340168 215
1003 0 21714383 0
1004 0 15464173 0
1005 1 18710141 9772
1006 0 15444256 0
1007 0 19896088 0
1008 0 15424148 0
1009 0 19177885 0
1010 1 15513902 6226
1011 0 19958818 0
1012 1 2581331 1668
1013 0 20672703 0
1014 0 20272980 0
1015 1 7279601 4103
1016 0 18725567 0
1017 0 19587947 0
1018 1 15650059 8283
1019 1 6520822 4256
1020 1 8063856 5264
1021 1 16446983 8181
1022 0 22545151 0
1023 0 18066743 0
1024 1 12409373 8081
1025 0 20673455 0
1026 1 10139548 4106
1027 0 20147283 0
1028 0 18916193 0
1029 0 19405241 0
1030 1 1642406 1066
1031 0 15495993 0
1032 0 18882434 0
1033 0 18857451 0
1034 0 19125329 0
1035 0 19531861 0
1036 1 6674440 4387
1037 1 10837733 7030
1038 1 11479230 5217
1039 0 16057690 0
1040 0 19752990 0
1041 1 11801075 5170
1042 0 20038035 0
1043 0 20095591 0
1044 0 19081890 0
1045 1 2563713 1112
1046 0 19524926 0
1047 0 19682602 0
1048 0 21408805 0
1049 0 19430777 0
1050 0 22130297 0
1051 0 15433617 0
1052 1 4017670 2646
1053 0 20606394 0
1054 0 19331395 0
1055 0 20493437 0
1056 0 20112207 0
1057 0 19465466 0
1058 0 19267410 0
1059 0 19649298 0
1060 1 13417322 8555
1061 0 22515991 0
1062 0 20591137 0
1063 0 22090094 0
1064 0 21606999 0
1065 1 486511 316
1066 0 19812586 0
1067 0 19483393 0
1068 0 19385730 0
1069 0 19359908 0
1070 0 20259544 0
1071 1 13257522 8665
1072 0 15460119 0
1073 1 15255166 9032
1074 1 3714549 2418
1075 0 19328115 0
1076 1 7342489 4774
1077 0 22149755 0
1078 1 18100149 9761
1079 0 20451997 0
1080 0 19499362 0
1081 0 15420138 0
1082 1 9803184 6403
1083 0 19235921 0
1084 1 11137086 6743
1085 0 17402255 0
1086 0 19277268 0
1087 0 19801484 0
1088 0 20736951 0
1089 0 19062596 0
1090 0 20771177 0
1091 0 20379838 0
1092 0 22383844 0
1093 0 21796368 0
1094 0 20124857 0
1095 1 7354369 3170
1096 0 22487460 0
1097 1 4350758 2845
1098 0 19652915 0
1099 0 19333028 0
1100 0 21126354 0
1101 0 19531333 0
1102 0 18615743 0
1103 1 14234400 9264
1104 0 18883130 0
1105 0 19391266 0
1106 0 22087883 0
1107 0 15513309 0
1108 0 18869062 0
1109 0 19793942 0
1110 1 8337487 4061
1111 1 9073801 5959
1112 1 7379793 2914
1113 0 18884290 0
1114 0 21737756 0
1115 0 22506977 0
1116 0 19801294 0
1117 1 8614218 4538
1118 0 19490919 0
1119 0 19790216 0
1120 1 8706393 5708
1121 0 15438428 0
1122 1 1725303 1119
1123 1 7208312 3640
1124 0 15482127 0
1125 0 18807541 0
1126 0 19092155 0
1127 0 22561672 0
1128 0 19115130 0
1129 1 4533787 2655
1130 0 19941513 0
1131 0 20609477 0
1132 1 4684793 3055
1133 0 19404617 0
1134 1 10766359 5425
1135 0 19285983 0
1136 1 6354966 2822
1137 0 19211079 0
1138 0 19177832 0
1139 0 19675707 0
1140 1 4113365 2681
1141 1 3358082 1845
1142 1 9132370 4760
1143 0 19195778 0
1144 0 22184592 0
1145 0 19352247 0
1146 0 15439418 0
1147 0 19678620 0
1148 0 19521795 0
1149 1 4028970 2654
1150 0 19759823 0
1151 0 19811775 0
1152 0 20298516 0
1153 1 8190767 5344
1154 0 19303419 0
1155 0 19582683 0
1156 0 19303213 0
1157 0 18955163 0
1158 1 8468700 5494
1159 1 8074674 2656
1160 0 22509597 0
1161 1 11831376 5388
1162 0 15428791 0
1163 0 20674309 0
1164 1 8553772 5526
1165 1 17056059 9912
1166 0 19097052 0
1167 1 12299113 7635
1168 0 19281689 0
1169 0 21147860 0
1170 0 21093249 0
1171 0 18869932 0
1172 1 2503263 1629
1173 0 20137888 0
1174 1 1223197 794
1175 0 15492064 0
1176 0 21625572 0
1177 0 15441831 0
1178 1 11384841 5978
1179 0 19864699 0
1180 0 18662176 0
1181 0 20146904 0
1182 1 2518256 973
1183 0 19273884 0
1184 0 19429486 0
1185 0 19906615 0
1186 1 10402511 6824
1187 0 22281765 0
1188 0 20670121 0
1189 0 20495738 0
1190 0 19760996 0
1191 1 18509272 9943
1192 1 1364409 827
1193 1 12595392 6199
1194 0 20015209 0
1195 0 15428717 0
1196 0 19527813 0
1197 0 19509251 0
1198 0 21751065 0
1199 0 15443948 0
0 0 15405246 0
1 0 20030407 0
2 1 9418088 6159
3 1 5575167 3244
4 1 11385709 6589
5 0 19917413 0
6 0 19154689 0
7 0 20180936 0
8 0 19492237 0
9 0 21316032 0
10 0 20312673 0
11 1 14767784 9595
12 1 3096084 2017
13 1 17060064 8591
14 0 20368641 0
15 0 20095976 0
16 0 19959563 0
17 0 21055497 0
18 0 19904791 0
19 0 19482166 0
20 0 19184972 0
21 0 22643932 0
22 0 21053915 0
23 0 20321508 0
24 0 19590404 0
25 1 13735541 9047
26 0 22331979 0
27 1 8108776 5292
28 1 11338473 5985
29 0 19547757 0
30 1 3660963 2040
31 0 19440907 0
32 1 3291863 1367
33 1 16652255 7990
34 1 1564661 857
35 0 15401400 0
36 0 18942661 0
37 0 19925435 0
38 0 15417035 0
39 1 14618352 7062
40 0 19960397 0
41 1 4390638 2849
42 1 1487899 484
43 0 21010904 0
44 1 10356222 6739
45 0 19340670 0
46 1 6652978 4351
47 0 18790814 0
48 0 18973493 0
49 1 12917797 8437
50 1 15993453 8323
51 0 20098442 0
52 0 19795644 0
53 0 15445863 0
54 0 19275356 0
55 0 20494003 0
56 0 19286277 0
57 0 20047092 0
58 0 19621525 0
59 1 13787856 8981
60 0 22638420 0
61 0 20610461 0
62 0 19191557 0
63 0 20829408 0
64 0 19720282 0
65 0 15478474 0
66 0 20066842 0
67 1 6197165 3183
68 1 3701048 1847
69 0 19442073 0
70 0 16988329 0
71 1 14983948 7439
72 0 19189668 0
73 0 19300117 0
74 0 22357343 0
75 0 19543050 0
76 0 20178980 0
77 0 19693234 0
78 0 21226753 0
79 0 20222260 0
80 0 19690064 0
81 1 6610264 3168
82 0 19509721 0
83 0 19585621 0
84 0 21219873 0
85 0 19671921 0
86 0 19976573 0
87 0 19108234 0
88 1 17673359 9177
89 1 234121 146
90 0 19833541 0
91 0 19892655 0
92 1 474707 147
93 1 67896 41
94 0 15405045 0
95 0 20609780 0
96 0 20174558 0
97 0 21177133 0
98 0 20250510 0
99 0 19477027 0
100 0 19321294 0
101 0 15455639 0
102 1 12266750 6222
103 0 19346007 0
104 0 19574128 0
105 1 1154631 753
106 1 13502897 8857
107 0 19588587 0
108 0 19789274 0
109 0 15422824 0
110 0 19188093 0
111 1 5447068 3569
112 0 21385011 0
113 0 21328549 0
114 1 10694430 6548
115 0 19929411 0
116 0 19831355 0
117 1 5231698 3429
118 1 12595609 8262
119 0 22631223 0
120 0 15402581 0
121 0 21736745 0
122 1 3160880 2050
123 1 12628553 8309
124 1 1573065 1032
125 0 20759845 0
126 0 21499526 0
127 0 15442111 0
128 0 19605908 0
129 1 13092922 8602
130 0 19235406 0
131 0 19659900 0
132 0 21259098 0
133 0 19796196 0
134 0 19708251 0
135 0 19707153 0
136 0 21983692 0
137 1 8683457 4290
138 0 19690196 0
139 0 15479516 0
140 0 22736802 0
141 0 22120633 0
142 0 17035046 0
143 0 19300061 0
144 0 19465518 0
145 0 18687277 0
146 0 20314164 0
147 1 3882654 2542
148 0 21788048 0
149 1 17197374 9913
150 0 18966541 0
151 0 21272283 0
152 0 19648637 0
153 1 5080942 2236
154 0 19599715 0
155 1 15211346 9899
156 0 22636085 0
157 1 358795 230
158 0 15406878 0
159 0 21869180 0
160 0 22237735 0
161 1 18415977 9031
162 1 4794488 3100
163 1 15703252 5254
164 0 17329544 0
165 0 21964008 0
166 1 13470197 6236
167 0 19889965 0
168 1 686266 445
169 0 21642094 0
170 0 20105295 0
171 0 20435352 0
172 0 15439569 0
173 1 5481334 2548
174 0 20349345 0
175 0 18269538 0
176 0 21914864 0
177 1 12765360 7435
178 0 21391846 0
179 0 22458486 0
180 1 10251334 5721
181 0 20275710 0
182 0 20173950 0
183 0 22591719 0
184 1 5878812 3865
185 0 20515600 0
186 1 9373082 4718
187 0 20330934 0
188 0 20315651 0
189 0 15443621 0
190 0 20587185 0
191 0 15412636 0
192 0 19460359 0
193 0 19543133 0
194 1 11271204 7341
195 0 15427558 0
196 0 20289412 0
197 1 2154062 1406
198 0 19560998 0
199 0 15409820 0
200 0 17302552 0
201 0 19398732 0
202 0 19410838 0
203 0 20551699 0
204 0 20202838 0
205 0 18517102 0
206 0 19081164 0
207 0 20820339 0
208 0 22557164 0
209 1 7299657 4794
210 1 11347602 6842
211 0 15440527 0
212 0 18854188 0
213 1 5039468 3289
214 1 7728864 4011
215 1 2914530 1504
216 0 15420704 0
217 0 19620552 0
218 1 217105 66
219 0 19655236 0
220 1 12725444 8328
221 0 19224831 0
222 0 19039087 0
223 0 20511532 0
224 1 8268109 4053
225 0 19778693 0
226 0 19078201 0
227 0 20004065 0
228 1 5203605 3386
229 0 22783940 0
230 0 15430401 0
231 0 16495985 0
232 1 3001127 1958
233 0 19000377 0
234 1 13422365 6719
235 0 17715627 0
236 0 19326601 0
237 0 19450568 0
238 0 19343572 0
239 0 21069459 0
240 0 19907309 0
241 1 4391342 2880
242 0 17605462 0
243 1 10590204 6004
244 1 13805734 7865
245 0 19031908 0
246 0 20569818 0
247 1 2170873 1404
248 1 6513670 4255
249 0 18925793 0
250 1 1873837 1219
251 0 19135473 0
252 1 1224924 650
253 0 15410978 0
254 0 15405075 0
255 0 19485484 0
256 0 19955911 0
257 0 20177790 0
258 0 19214602 0
259 0 18642773 0
260 1 808426 519
261 0 19291108 0
262 1 3021154 1879
263 1 13487170 8864
264 1 3362281 2203
265 0 15426065 0
266 1 11935185 4804
267 0 19628394 0
268 1 11788216 5542
269 0 19245988 0
270 1 15447 5
271 0 20907020 0
272 0 22570483 0
273 0 22824884 0
274 0 22724869 0
275 0 20897728 0
276 0 15433355 0
277 1 13500049 8889
278 0 19594617 0
279 0 20292706 0
280 0 21482065 0
281 0 19745309 0
282 0 19155493 0
283 0 22182965 0
284 1 5837840 3783
285 0 19043713 0
286 0 17090649 0
287 1 1088102 712
288 0 19431063 0
289 0 19085729 0
290 1 186143 62
291 0 21476332 0
292 1 7845112 5141
293 1 14245896 9376
294 0 15429126 0
295 0 19938213 0
296 0 22784060 0
297 1 11614221 7639
298 0 20804284 0
299 0 15439308 0
300 1 10914682 6040
301 0 19545134 0
302 0 17502518 0
303 0 19294221 0
304 0 19662162 0
305 0 18974488 0
306 0 19576652 0
307 0 20036412 0
308 1 2185976 1430
309 0 19656895 0
310 0 15414818 0
311 0 19905080 0
312 0 19107798 0
313 0 15396337 0
314 0 18854548 0
315 0 19417264 0
316 0 16648256 0
317 0 15407343 0
318 0 19334927 0
319 0 19727227 0
320 0 15444151 0
321 0 19144209 0
322 0 20268900 0
323 0 19573730 0
324 1 233603 147
325 1 6423409 4187
326 1 12664250 8255
327 0 18840374 0
328 0 19758043 0
329 0 18868035 0
330 0 19242825 0
331 1 2412897 1574
332 0 20182629 0
333 0 19353141 0
334 0 22110798 0
335 1 4409073 2890
336 0 22681818 0
337 0 15401194 0
338 0 19964473 0
339 0 19759133 0
340 0 19579199 0
341 1 15216929 9944
342 0 15817976 0
343 0 19061720 0
344 0 22724565 0
345 0 15455773 0
346 0 19404757 0
347 0 15414445 0
348 1 10133374 4960
349 0 15477630 0
350 0 20817730 0
351 1 5197767 3409
352 0 21058385 0
353 1 9526349 6163
354 0 19005845 0
355 0 19226190 0
356 0 19709931 0
357 0 22818947 0
358 0 21900869 0
359 0 17706291 0
360 1 10288114 6699
361 0 22607790 0
362 0 21154437 0
363 0 22566649 0
364 0 21617438 0
365 0 19392098 0
366 0 20001418 0
367 0 20884851 0
368 0 22826693 0
369 0 21858303 0
370 0 17601322 0
371 0 20423418 0
372 0 19751914 0
373 1 8530237 5611
374 0 20414408 0
375 0 15470261 0
376 0 22365840 0
377 0 22226079 0
378 0 15496789 0
379 0 22283175 0
380 1 1451509 466
381 0 21427216 0
382 0 22800303 0
383 1 11231783 7295
384 0 19571628 0
385 1 15453167 9998
386 0 19039290 0
387 1 257281 165
388 0 19788903 0
389 0 20594784 0
390 0 19777551 0
391 0 20811603 0
392 0 20615074 0
393 1 3714812 2405
394 1 1072437 699
395 0 15446839 0
396 0 19278722 0
397 0 15472237 0
398 0 19568432 0
399 1 24421 12
400 0 21809536 0
401 1 14418198 9400
402 0 19923900 0
403 0 21518799 0
404 1 2001554 1314
405 1 9101184 4552
406 0 19209342 0
407 0 19272269 0
408 0 22137617 0
409 0 15446060 0
410 0 22823912 0
411 0 20085109 0
412 0 19750518 0
413 0 19873387 0
414 0 19121270 0
415 0 15477373 0
416 0 19478039 0
417 0 21046039 0
418 1 13281567 8731
419 0 22018084 0
420 0 22858453 0
421 0 21548165 0
422 0 19022316 0
423 1 9406080 4902
424 0 19183728 0
425 0 16972823 0
426 0 22186531 0
427 0 21767848 0
428 0 17047688 0
429 1 2982127 1956
430 0 19668759 0
431 0 15445523 0
432 1 8163147 5363
433 0 15836637 0
434 1 22922 8
435 1 15358231 7690
436 0 15431345 0
437 0 15468842 0
438 1 3571302 2289
439 1 6890718 2998
440 0 19799074 0
441 0 19595387 0
442 0 18441403 0
443 0 18719987 0
444 0 15427587 0
445 0 19608553 0
446 1 1047251 665
447 0 19199839 0
448 1 2209706 1448
449 1 6532917 3359
450 0 19364932 0
451 0 19411751 0
452 0 15445638 0
453 0 15428692 0
454 0 19368114 0
455 0 19845986 0
456 1 10112956 6594
457 1 4207231 2746
458 0 18451096 0
459 0 15447249 0
460 0 15441499 0
461 0 19098504 0
462 0 21265299 0
463 0 15421865 0
464 1 2536616 1674
465 1 11024086 5313
466 0 18885306 0
467 1 2096228 1082
468 0 16703930 0
469 0 19069006 0
470 0 19370362 0
471 0 19664330 0
472 0 18851710 0
473 0 15432978 0
474 1 8130632 3470
475 1 3350401 1669
476 0 19215770 0
477 0 15408472 0
478 1 3285100 1527
479 0 20107809 0
480 0 19619025 0
481 0 19880637 0
482 1 1850147 1200
483 0 18981049 0
484 0 21790240 0
485 1 16013189 6390
486 1 11825116 7779
487 0 21373870 0
488 0 21976243 0
489 0 20312641 0
490 1 14260400 9100
491 0 21534163 0
492 0 22821429 0
493 1 13624448 7443
494 0 15745785 0
495 0 21184737 0
496 1 16215827 7781
497 0 22425399 0
498 1 8673238 3703
499 0 22843509 0
500 0 21285409 0
501 0 21069063 0
502 1 835433 547
503 0 20133654 0
504 1 17158513 8749
505 0 15438913 0
506 0 20507380 0
507 0 15465238 0
508 1 1836556 977
509 0 18975437 0
510 0 15436341 0
511 0 19492932 0
512 0 19071108 0
513 0 22182894 0
514 0 19111067 0
515 0 19088810 0
516 0 19380199 0
517 0 19249584 0
518 0 20830049 0
519 1 3917647 2541
520 0 21770175 0
521 0 19465588 0
522 0 22127390 0
523 1 8058377 3925
524 1 15932925 9334
525 0 19579794 0
526 0 18925231 0
527 1 9818798 3191
528 0 22345013 0
529 0 15508217 0
530 1 3693169 2427
531 1 12428313 8158
532 1 1584676 1042
533 0 21014310 0
534 0 20307522 0
535 0 18839963 0
536 1 6035274 2546
537 1 4951701 2698
538 0 21921147 0
539 0 22830051 0
540 0 15424263 0
541 0 20853648 0
542 0 20588737 0
543 1 2537161 896
544 0 22829308 0
545 0 20006850 0
546 1 2599492 1684
547 0 19656595 0
548 0 20777602 0
549 1 3407883 1523
550 0 19156125 0
551 0 20600116 0
552 1 13740236 9040
553 0 19914134 0
554 0 20400415 0
555 1 1075152 697
556 0 20727271 0
557 0 15485448 0
558 0 20085664 0
559 0 22624040 0
560 1 9896826 4513
561 0 20219434 0
562 0 19884780 0
563 0 15408428 0
564 0 21186233 0
565 1 12980686 8490
566 0 19300784 0
567 1 13655951 8904
568 0 18813038 0
569 1 4304806 2828
570 0 20579663 0
571 0 19442029 0
572 0 19252622 0
573 0 19150756 0
574 0 15386441 0
575 0 20076702 0
576 0 19211165 0
577 0 18809690 0
578 0 19206586 0
579 1 9118359 5936
580 1 4864883 3173
581 0 18918633 0
582 0 19113100 0
583 0 18832088 0
584 0 22127471 0
585 0 15424109 0
586 0 15437767 0
587 0 22480964 0
588 0 15381561 0
589 0 20296457 0
590 1 6561547 3289
591 0 15416381 0
592 0 19694333 0
593 0 18954544 0
594 0 19085521 0
595 1 4817173 3150
596 1 7301844 4302
597 0 21964037 0
598 0 20524075 0
599 0 19233105 0
600 1 13329879 6001
601 0 19566743 0
602 0 19632718 0
603 0 19499677 0
604 1 9712598 5238
605 0 19807770 0
606 1 10617390 6903
607 0 19680573 0
608 0 18685948 0
609 1 14103737 9205
610 1 1890804 1233
611 0 21568630 0
612 0 20384921 0
613 0 19623746 0
614 0 20295412 0
615 0 20888223 0
616 1 3660033 2391
617 0 18822353 0
618 1 2031396 1250
619 1 6006375 3921
620 0 20772477 0
621 0 21247727 0
622 0 15401953 0
623 0 15460259 0
624 0 20554493 0
625 1 10580409 6897
626 0 18634305 0
627 1 16183233 8473
628 0 18496489 0
629 0 21894197 0
630 0 21214318 0
631 0 20668530 0
632 0 19770803 0
633 1 16803051 7510
634 1 11194993 5082
635 1 12002622 7836
636 0 15451514 0
637 1 11953733 7790
638 0 19139582 0
639 1 9915680 4942
640 0 19281834 0
641 1 5965305 3285
642 0 20330410 0
643 0 19335488 0
644 0 19168002 0
645 0 15479371 0
646 0 19251073 0
647 0 15422204 0
648 1 3794075 1833
649 1 10596243 6930
650 0 19847268 0
651 1 13951624 7036
652 1 8817976 5340
653 1 8688034 5665
654 0 19067882 0
655 1 13150013 8571
656 0 19643980 0
657 0 21210540 0
658 0 15987065 0
659 0 15431406 0
660 1 833771 539
661 1 374891 242
662 0 20281327 0
663 0 19070299 0
664 1 5131235 2561
665 0 19109162 0
666 0 19673571 0
667 1 11979186 6308
668 1 16556569 8650
669 1 7102224 4407
670 1 443860 278
671 1 11312600 5529
672 0 19444009 0
673 0 19279114 0
674 0 15406084 0
675 1 15979903 6003
676 1 3347866 2161
677 1 20307680 9222
678 0 20254115 0
679 1 6584268 3363
680 0 19678441 0
681 1 16518821 8825
682 1 11898281 7708
683 1 8968041 5907
684 1 6157454 3998
685 1 3245985 2128
686 0 18757994 0
687 0 15437212 0
688 0 19910225 0
689 0 21661339 0
690 0 21254629 0
691 0 22111109 0
692 0 19922244 0
693 1 6380406 4128
694 1 1291988 847
695 0 21769127 0
696 0 15434801 0
697 1 17531391 9392
698 0 15417653 0
699 0 20599209 0
700 0 20346380 0
701 0 18792326 0
702 0 22476973 0
703 0 15491766 0
704 0 15445232 0
705 0 21028986 0
706 0 20823278 0
707 0 20381399 0
708 1 14476319 7265
709 1 12462326 6613
710 1 2242028 1006
711 0 19771184 0
712 1 11853363 7792
713 0 22832170 0
714 0 22792359 0
715 1 5451901 2077
716 0 22412279 0
717 0 21205389 0
718 0 16864354 0
719 0 22676143 0
720 1 13295469 8758
721 0 20456423 0
722 1 7890249 4421
723 0 20731078 0
724 0 19715263 0
725 0 15974785 0
726 1 11540274 6840
727 1 13144175 7962
728 0 21693199 0
729 0 22613925 0
730 0 21757319 0
731 0 21169560 0
732 0 19210174 0
733 0 19562572 0
734 0 19183771 0
735 0 19666911 0
736 1 4627940 2860
737 1 7727182 4016
738 0 18684808 0
739 0 15488224 0
740 1 1380008 592
741 1 11339701 5762
742 0 19334604 0
743 0 15428458 0
744 0 19530197 0
745 1 255565 163
746 0 19710761 0
747 0 18784820 0
748 1 390098 251
749 0 15466278 0
750 0 15417790 0
751 0 18755374 0
752 0 15420346 0
753 0 19157098 0
754 0 19438972 0
755 0 19198902 0
756 0 21151032 0
757 0 15412750 0
758 0 19975284 0
759 1 16589123 7773
760 1 8588710 4155
761 0 22043929 0
762 1 20612893 9506
763 0 20106562 0
764 0 20060157 0
765 0 22662331 0
766 1 854467 560
767 0 22690062 0
768 1 7081991 4656
769 0 22550706 0
770 0 22641550 0
771 0 22697259 0
772 0 22430645 0
773 0 15391842 0
774 1 14822627 9669
775 0 21171685 0
776 0 20964601 0
777 0 21316563 0
778 0 22357987 0
779 0 21206258 0
780 1 1125681 731
781 0 20490697 0
782 0 21708429 0
783 0 21752044 0
784 1 4951939 3253
785 0 22204032 0
786 0 16171047 0
787 1 13153523 8667
788 1 8387027 5519
789 0 21721357 0
790 0 19966604 0
791 1 1344436 601
792 0 19336036 0
793 0 15448299 0
794 0 17432964 0
795 0 19771174 0
796 0 21318371 0
797 0 15480111 0
798 1 3382679 2213
799 1 5486538 2542
800 0 20238650 0
801 0 20368223 0
802 1 14866329 9728
803 0 22153841 0
804 0 15432583 0
805 0 20143621 0
806 1 10470443 4832
807 0 18998707 0
808 0 21266586 0
809 0 15516143 0
810 0 19543250 0
811 0 15413199 0
812 0 15457507 0
813 1 16391471 8631
814 0 19522705 0
815 0 18777295 0
816 1 6539933 4086
817 0 19427686 0
818 0 20439552 0
819 1 15198777 9303
820 1 16698022 8087
821 0 20086261 0
822 0 19233684 0
823 0 15475099 0
824 0 19025085 0
825 1 2077396 1000
826 1 356173 163
827 0 19215340 0
828 0 19470712 0
829 0 20532531 0
830 0 19787390 0
831 1 9725835 6331
832 0 19165861 0
833 1 640225 414
834 0 21644611 0
835 1 8653205 5648
836 0 15483183 0
837 0 19103830 0
838 0 21298247 0
839 0 15486602 0
840 1 9901716 6453
841 0 22439510 0
842 0 20508845 0
843 0 19581988 0
844 0 22689666 0
845 0 20729558 0
846 0 21794624 0
847 1 35512 17
848 0 19834016 0
849 1 1860323 1210
850 0 19907995 0
851 0 19299484 0
852 0 19921923 0
853 0 15436302 0
854 1 10367446 5429
855 0 20233053 0
856 0 19702175 0
857 0 15459769 0
858 0 20415985 0
859 0 19388878 0
860 0 20004119 0
861 0 15416325 0
862 1 10972464 5482
863 0 21106231 0
864 0 19788490 0
865 0 19845255 0
866 1 2093653 1168
867 1 7600662 4990
868 0 21154742 0
869 1 16290267 7266
870 1 5040882 1933
871 0 19211159 0
872 0 15394793 0
873 0 16187756 0
874 0 18795148 0
875 1 18006727 9034
876 0 19964185 0
877 0 20029719 0
878 1 11976286 7849
879 0 22300998 0
880 0 22728564 0
881 1 10620808 6941
882 0 15443746 0
883 0 17673971 0
884 0 21212665 0
885 0 20708546 0
886 0 18339602 0
887 0 21986052 0
888 1 6587842 4304
889 0 15435175 0
890 0 16968519 0
891 0 20980229 0
892 0 21678739 0
893 1 7347162 4738
894 0 19600279 0
895 0 15440893 0
896 1 4546298 2326
897 0 19263465 0
898 1 8383178 4795
899 0 20434820 0
900 0 20062105 0
901 0 15442406 0
902 1 3300008 2162
903 1 2495522 1086
904 0 19586625 0
905 0 19803762 0
906 0 18108567 0
907 1 10182203 6675
908 1 12718753 8273
909 0 15441015 0
910 1 8562622 3514
911 0 20193387 0
912 1 5443369 3559
913 1 4420438 2889
914 0 19169911 0
915 0 15467343 0
916 0 19596112 0
917 0 19519879 0
918 0 19292496 0
919 1 2144310 1399
920 0 19329476 0
921 0 18606531 0
922 0 19105487 0
923 0 20924260 0
924 0 19503340 0
925 1 2143006 1372
926 0 19672352 0
927 1 12817420 8353
928 1 8033526 4348
929 0 18888840 0
930 0 19826985 0
931 1 13419833 8774
932 0 15411694 0
933 0 19636633 0
934 1 20147495 9965
935 0 20074994 0
936 0 22299525 0
937 0 20764469 0
938 0 20658679 0
939 0 15432617 0
940 0 20619725 0
941 0 21373183 0
942 1 3610362 2375
943 0 20566040 0
944 0 17493345 0
945 1 2515684 1645
946 0 19111348 0
947 0 18750761 0
948 0 18975484 0
949 1 12557460 6675
950 0 19954340 0
951 1 83438 50
952 0 19102402 0
953 1 6177550 4060
954 0 15436540 0
955 1 13508861 7011
956 0 15422982 0
957 0 19697746 0
958 0 22563985 0
959 0 21923892 0
960 1 13496595 8805
961 0 22720286 0
962 0 20664225 0
963 0 22647732 0
964 1 1909810 959
965 0 15423980 0
966 0 19952043 0
967 0 21422591 0
968 0 19188767 0
969 0 19575954 0
970 0 17480557 0
971 0 19732885 0
972 0 20769069 0
973 0 18808171 0
974 0 20782334 0
975 0 22605069 0
976 0 21832721 0
977 0 21272552 0
978 1 1509871 987
979 0 20903985 0
980 0 19178453 0
981 0 19038979 0
982 1 14603590 6322
983 1 16436155 7214
984 0 19418568 0
985 0 18575853 0
986 0 15431137 0
987 0 19662621 0
988 0 19776054 0
989 1 14766759 7342
990 0 18984312 0
991 1 7478503 3318
992 0 19573093 0
993 0 19108338 0
994 1 602334 308
995 1 16431723 8865
996 0 18833915 0
997 0 19285753 0
998 0 15433472 0
999 0 19426689 0
1000 0 15431415 0
1001 0 20032603 0
1002 0 20112419 0
1003 0 22455297 0
1004 0 21443682 0
1005 1 8029610 5232
1006 0 19555320 0
1007 1 16500279 8390
1008 0 20463002 0
1009 0 20496558 0
1010 0 19955094 0
1011 0 15485523 0
1012 0 19828603 0
1013 0 19763887 0
1014 0 21836574 0
1015 0 21772209 0
1016 1 8699880 4603
1017 0 19571264 0
1018 0 20492167 0
1019 0 19450203 0
1020 0 22541078 0
1021 0 18898307 0
1022 1 14801212 8053
1023 0 18660813 0
1024 0 19897373 0
1025 0 19140724 0
1026 0 19560697 0
1027 0 16271691 0
1028 1 11301272 5531
1029 0 18995066 0
1030 0 18876640 0
1031 0 22338345 0
1032 0 20226149 0
1033 0 19310204 0
1034 1 7678232 3784
1035 0 19281779 0
1036 0 19137936 0
1037 1 6907126 3446
1038 1 533458 291
1039 0 20105979 0
1040 0 19424291 0
1041 1 10709569 5563
1042 0 18789327 0
1043 1 11276087 7360
1044 0 20514148 0
1045 1 1613442 1056
1046 1 2010158 1310
1047 1 958351 629
1048 0 19237586 0
1049 0 18721050 0
1050 1 17366709 9158
1051 1 9714948 6345
1052 1 17437627 8289
1053 0 15430462 0
1054 1 4600262 2470
1055 1 2655634 1730
1056 0 19589364 0
1057 0 15430717 0
1058 0 19433478 0
1059 0 20706374 0
1060 0 21216162 0
1061 1 3408099 2227
1062 0 19429197 0
1063 0 15432721 0
1064 0 18930006 0
1065 1 6079273 3952
1066 0 15460990 0
1067 1 10991956 7173
1068 1 9009805 4171
1069 0 20229774 0
1070 0 20072561 0
1071 0 22235306 0
1072 0 19860445 0
1073 0 19289359 0
1074 0 20126422 0
1075 0 15459994 0
1076 1 1629242 1037
1077 0 19690900 0
1078 0 19448115 0
1079 0 19877521 0
1080 0 19531381 0
1081 0 18947844 0
1082 0 21117613 0
1083 0 20837800 0
1084 0 18971962 0
1085 0 19179492 0
1086 0 21510441 0
1087 0 20687847 0
1088 0 22483607 0
1089 0 15418359 0
1090 0 15409590 0
1091 0 19548527 0
1092 0 17104012 0
1093 0 20355686 0
1094 0 18940593 0
1095 1 5493637 3579
1096 0 22695253 0
1097 0 21991115 0
1098 0 19849695 0
1099 0 15445951 0
1100 0 20705667 0
1101 0 20141949 0
1102 0 20022984 0
1103 1 2314242 1503
1104 1 1804775 1177
1105 1 5612649 2053
1106 1 5597322 3657
1107 1 2299918 872
1108 0 22412632 0
1109 0 20373112 0
1110 1 2559519 1667
1111 1 14475364 9456
1112 0 19490541 0
1113 1 6680374 3358
1114 0 19336014 0
1115 0 18897784 0
1116 1 16161497 8886
1117 0 19464764 0
1118 0 22285324 0
1119 0 15428841 0
1120 0 17697010 0
1121 1 14071527 6952
1122 0 18602775 0
1123 0 15444984 0
1124 1 241612 154
1125 1 2467756 1609
1126 0 18716714 0
1127 1 14684623 9588
1128 1 11330410 7400
1129 0 19002522 0
1130 0 15408531 0
1131 0 18984402 0
1132 0 19436549 0
1133 0 20114622 0
1134 1 11218742 7287
1135 1 5604378 3682
1136 0 22396038 0
1137 1 6166096 4002
1138 1 1919477 807
1139 0 19958683 0
1140 0 19730056 0
1141 0 18118552 0
1142 1 14265907 6697
1143 0 18944008 0
1144 0 20242894 0
1145 1 6334290 4117
1146 0 19777152 0
1147 0 15440236 0
1148 0 19826781 0
1149 0 20673616 0
1150 0 22046230 0
1151 0 19834088 0
1152 0 22724147 0
1153 0 21356976 0
1154 0 18992656 0
1155 0 15414524 0
1156 0 15421958 0
1157 0 20222227 0
1158 0 19782563 0
1159 1 8925400 4742
1160 1 5529559 3120
1161 0 22689366 0
1162 0 15454802 0
1163 1 14946858 9454
1164 0 19128515 0
1165 0 22844073 0
1166 1 4014969 2641
1167 0 20911534 0
1168 0 20833062 0
1169 0 22179303 0
1170 1 5979223 3296
1171 0 15415951 0
1172 0 19907958 0
1173 0 20477209 0
1174 1 11524256 7576
1175 0 22778046 0
1176 0 21741712 0
1177 1 8676177 5707
1178 0 19508792 0
1179 1 1493141 973
1180 1 13970890 8104
1181 0 19165185 0
1182 0 20876718 0
1183 0 20293843 0
1184 0 19186711 0
1185 0 15422561 0
1186 1 4089665 2662
1187 1 14688631 9656
1188 0 20814596 0
1189 0 21594630 0
1190 0 18914846 0
1191 0 17506846 0
1192 1 13209048 8631
1193 0 22494375 0
1194 0 15416398 0
1195 1 8962851 5873
1196 1 3555176 2299
1197 1 5337123 3239
1198 0 19323336 0
1199 0 15436476 0
0 1 654703 422
1 1 14414206 6935
2 1 4333316 2830
3 0 19704218 0
4 1 2910574 1611
5 1 4452194 2901
6 0 19433684 0
7 1 5200874 3393
8 0 18725123 0
9 1 3318691 1451
10 1 10693338 5232
11 0 19418081 0
12 0 22528834 0
13 0 15434516 0
14 0 19049114 0
15 1 10620539 6968
16 0 20277707 0
17 0 15456750 0
18 0 15445734 0
19 0 19809527 0
20 0 15485104 0
21 0 20027977 0
22 0 18772347 0
23 0 22191737 0
24 0 21823849 0
25 0 19822775 0
26 0 20166467 0
27 0 18929050 0
28 0 19184664 0
29 0 21607400 0
30 1 12142420 7911
31 0 19625467 0
32 1 270552 168
33 0 20363190 0
34 0 21680328 0
35 0 22707105 0
36 0 22627710 0
37 1 10169310 6653
38 0 22562244 0
39 0 19817985 0
40 0 19868832 0
41 0 19505769 0
42 1 634100 412
43 0 20595766 0
44 0 15437685 0
45 0 19141470 0
46 1 626248 403
47 0 22358950 0
48 1 9454423 6161
49 0 19787358 0
50 0 22636795 0
51 0 21005340 0
52 0 19385340 0
53 0 22416626 0
54 1 11071844 4522
55 0 15453642 0
56 0 19395054 0
57 0 20811993 0
58 0 20617390 0
59 0 19341572 0
60 0 15459072 0
61 0 19044264 0
62 0 19150525 0
63 0 21699678 0
64 0 19879787 0
65 0 21323114 0
66 0 22430836 0
67 0 21618669 0
68 0 15420202 0
69 1 7828186 5115
70 0 21554022 0
71 1 4143438 2720
72 0 19673425 0
73 0 19941072 0
74 0 15465480 0
75 0 19888234 0
76 1 5273306 3180
77 0 15427823 0
78 0 20190671 0
79 1 14847492 7453
80 0 19347638 0
81 0 22237038 0
82 1 1820459 597
83 1 12620880 8228
84 1 5041075 3293
85 1 1767098 1147
86 1 3434844 1549
87 0 19548046 0
88 0 21277413 0
89 0 15579811 0
90 0 15418597 0
91 0 19538862 0
92 0 19712821 0
93 0 20422260 0
94 0 19944901 0
95 1 7407029 4874
96 0 19572846 0
97 0 19619118 0
98 0 20786222 0
99 0 19589866 0
100 1 17892871 9422
101 0 15450118 0
102 0 20830728 0
103 1 9396029 6104
104 0 20211273 0
105 1 314187 149
106 1 7688989 5063
107 0 22782630 0
108 0 22584793 0
109 1 7037545 4558
110 0 15444602 0
111 0 22756606 0
112 1 2576440 1332
113 0 19914223 0
114 1 5413147 2242
115 0 21945849 0
116 1 9632122 6287
117 0 19485380 0
118 1 13485042 8793
119 0 20035110 0
120 0 15419811 0
121 1 4652363 3039
122 1 18088714 8296
123 0 18656252 0
124 0 19175998 0
125 0 15436193 0
126 0 20184088 0
127 0 20979734 0
128 0 20715174 0
129 0 19153000 0
130 0 19278826 0
131 1 11355336 7442
132 1 15144188 9867
133 0 19466929 0
134 0 19718577 0
135 0 19681227 0
136 0 15454695 0
137 0 21916107 0
138 0 20543701 0
139 1 5645557 3708
140 0 19489878 0
141 1 3407537 2240
142 0 21369223 0
143 0 21128596 0
144 0 15420904 0
145 1 6794714 4042
146 0 20032990 0
147 0 20918763 0
148 0 19786990 0
149 1 13278984 6459
150 1 11668262 7670
151 1 2543705 1657
152 0 19694271 0
153 0 21462500 0
154 0 22653092 0
155 1 6642990 4366
156 0 20361036 0
157 1 11108186 7226
158 0 22690249 0
159 0 22692918 0
160 1 4984808 3278
161 0 18581046 0
162 0 20486427 0
163 1 7672990 5019
164 0 18755973 0
165 0 20216292 0
166 0 19261652 0
167 0 18962577 0
168 1 9624156 6277
169 1 626312 408
170 0 19656641 0
171 0 19828362 0
172 1 9028760 4807
173 1 10226766 5360
174 0 20465955 0
175 0 22407467 0
176 0 19644824 0
177 0 15489875 0
178 0 18867501 0
179 0 22189584 0
180 0 22016414 0
181 0 22098658 0
182 1 3881621 1512
183 1 6830055 3016
184 0 19318298 0
185 0 22605896 0
186 1 8953261 3144
187 0 22201390 0
188 0 22445872 0
189 0 20597041 0
190 0 15428641 0
191 1 17325739 8295
192 1 2053615 1355
193 1 5044815 1822
194 0 20474176 0
195 1 9828046 6407
196 0 15496189 0
197 0 19882060 0
198 1 4741546 2697
199 0 19356150 0
200 0 15483277 0
201 1 2190297 1422
202 0 19316539 0
203 0 18827087 0
204 0 19843345 0
205 1 20363694 9121
206 0 21285091 0
207 1 5763229 3736
208 0 19085899 0
209 0 19740865 0
210 1 1957822 1273
211 0 22527145 0
212 0 22046497 0
213 0 21361497 0
214 0 20750498 0
215 0 21311897 0
216 0 19570800 0
217 0 22357332 0
218 0 21412246 0
219 0 19626918 0
220 1 6647588 4313
221 0 21374523 0
222 0 15431863 0
223 0 19612480 0
224 0 15465830 0
225 1 978859 636
226 0 19663424 0
227 0 19383358 0
228 1 7287306 4149
229 0 19381622 0
230 0 18985951 0
231 0 19420100 0
232 0 19730214 0
233 1 8773212 5725
234 1 6378375 3223
235 1 5110040 3337
236 0 19882731 0
237 0 20209093 0
238 0 22744415 0
239 0 15417745 0
240 1 1490338 932
241 0 20925664 0
242 0 21734716 0
243 0 19248107 0
244 0 19978842 0
245 1 3225083 2119
246 0 19799808 0
247 0 15438236 0
248 0 19692998 0
249 0 20205481 0
250 1 12664385 6229
251 0 21642870 0
252 0 20093952 0
253 0 15424510 0
254 0 19858244 0
255 0 19822428 0
256 0 15406768 0
257 1 5842924 3811
258 0 15441133 0
259 0 20098755 0
260 0 19819578 0
261 0 22205030 0
262 0 22341337 0
263 0 20399354 0
264 0 15413048 0
265 0 20121982 0
266 0 19605763 0
267 0 19203576 0
268 1 9089712 4895
269 0 19795866 0
270 0 19666471 0
271 0 21270739 0
272 1 13696437 8861
273 0 19364115 0
274 0 20155188 0
275 0 21402027 0
276 0 21966708 0
277 1 5634561 3658
278 1 6429294 3159
279 0 20675004 0
280 0 15412011 0
281 1 2739536 1104
282 0 19683802 0
283 0 15440146 0
284 0 22130033 0
285 0 22692448 0
286 0 18318605 0
287 1 13710596 7271
288 0 19392291 0
289 1 3742204 1945
290 0 15419419 0
291 0 16282532 0
292 0 22006769 0
293 0 15417030 0
294 1 760935 492
295 1 6208782 2984
296 0 19932909 0
297 1 19446814 8676
298 1 3959248 1825
299 1 5748400 2820
300 0 20664915 0
301 0 21249446 0
302 0 19571854 0
303 0 15464853 0
304 1 13018682 6743
305 0 19224248 0
306 1 1476750 958
307 0 19586003 0
308 0 20393701 0
309 0 22620996 0
310 0 21068718 0
311 0 21866635 0
312 0 15437354 0
313 0 19364816 0
314 0 20112759 0
315 1 15687356 7481
316 0 19538245 0
317 0 20599194 0
318 1 17755293 8683
319 0 15431738 0
320 0 20587924 0
321 0 19758381 0
322 0 22709495 0
323 0 18377426 0
324 0 21296543 0
325 1 1235618 803
326 0 18633900 0
327 0 19825485 0
328 0 21716574 0
329 1 11479132 3797
330 1 8114838 5350
331 0 22674795 0
332 0 15413137 0
333 0 19114763 0
334 0 20773747 0
335 1 14407854 9474
336 1 4903614 3197
337 0 20757199 0
338 0 20447676 0
339 0 22001146 0
340 0 15414296 0
341 0 21869888 0
342 0 21946988 0
343 1 9065102 5982
344 0 19773576 0
345 1 9146749 5963
346 1 9041711 5894
347 0 19655984 0
348 0 19544319 0
349 1 1956823 1274
350 0 21982954 0
351 0 19494581 0
352 0 19177356 0
353 0 20892069 0
354 0 19331397 0
355 1 3600608 2342
356 1 9447933 5155
357 1 13701315 6174
358 0 19153407 0
359 0 19397006 0
360 0 21515824 0
361 1 1438238 718
362 0 22806087 0
363 1 10842513 7039
364 0 20664822 0
365 0 19656818 0
366 0 19467281 0
367 0 19397988 0
368 1 18221963 9300
369 1 8662754 5697
370 0 19545400 0
371 0 22649145 0
372 1 9121328 5926
373 0 22578446 0
374 1 8585916 3032
375 0 15428919 0
376 0 21207713 0
377 0 22404289 0
378 1 5727720 1864
379 0 22890214 0
380 0 19770770 0
381 0 19717235 0
382 1 7614470 4984
383 0 20765983 0
384 0 19852731 0
385 1 13078379 6852
386 1 13456505 8754
387 1 1712771 1108
388 0 22834020 0
389 0 22809783 0
390 0 22077735 0
391 0 20569236 0
392 0 20698279 0
393 0 22315832 0
394 0 20144304 0
395 0 15491893 0
396 0 19443924 0
397 0 20707859 0
398 0 19245611 0
399 0 22379794 0
400 0 20798822 0
401 1 8848401 5822
402 1 18409014 8541
403 1 15907075 8375
404 0 22105148 0
405 1 7911732 5095
406 0 15415621 0
407 0 20457242 0
408 0 20606537 0
409 0 22568565 0
410 1 14073223 8460
411 0 20174843 0
412 0 19564819 0
413 0 19780587 0
414 0 15430025 0
415 0 20659853 0
416 0 15418743 0
417 0 19827640 0
418 1 13109898 8476
419 1 18257782 8139
420 0 20857872 0
421 1 6313576 2883
422 0 19683143 0
423 0 22711899 0
424 0 15420417 0
425 1 10540030 6935
426 1 8349716 3779
427 0 20104098 0
428 0 22391483 0
429 0 15407930 0
430 0 15442767 0
431 0 21479602 0
432 0 20373076 0
433 0 22795959 0
434 0 19685418 0
435 0 19641737 0
436 0 15456250 0
437 1 17305981 7325
438 0 15431607 0
439 0 19355251 0
440 1 566421 367
441 0 18951211 0
442 0 19866349 0
443 0 19690025 0
444 1 5018150 3217
445 0 20283381 0
446 0 15453730 0
447 0 19820364 0
448 0 20590877 0
449 0 15412868 0
450 0 19723019 0
451 1 819288 535
452 0 22720892 0
453 1 8062443 5217
454 1 14728272 7656
455 0 18793887 0
456 1 16239480 8330
457 0 20286366 0
458 1 15556369 8465
459 0 20510543 0
460 1 10981193 5743
461 0 19182549 0
462 0 21426122 0
463 0 20097270 0
464 0 19284812 0
465 0 19266033 0
466 0 22568075 0
467 0 15446187 0
468 0 19889490 0
469 0 19200435 0
470 0 19194203 0
471 0 19720597 0
472 1 9372440 6127
473 0 20266685 0
474 0 15404568 0
475 0 21048814 0
476 0 19514607 0
477 0 20380719 0
478 0 20080133 0
479 0 20393042 0
480 0 22586115 0
481 1 6936346 3394
482 0 20151380 0
483 1 11088554 7220
484 1 5412169 2580
485 0 18923890 0
486 0 19120340 0
487 0 19971980 0
488 0 19068101 0
489 1 8284846 5380
490 0 22753052 0
491 0 20144769 0
492 0 19496732 0
493 1 7324298 3389
494 0 19895188 0
495 0 15441531 0
496 1 14162241 5957
497 1 998705 646
498 0 21450598 0
499 0 21888347 0
500 0 19897372 0
501 1 724558 416
502 0 20472433 0
503 0 22679350 0
504 0 20872304 0
505 0 20611169 0
506 1 4703794 3051
507 0 20598877 0
508 0 20434670 0
509 0 19302177 0
510 1 5814075 2852
511 1 14581957 7389
512 0 19351177 0
513 0 21074489 0
514 1 16289106 9068
515 0 22751151 0
516 0 21145822 0
517 1 13411841 8720
518 0 20059450 0
519 1 628895 399
520 1 134470 86
521 0 18940137 0
522 1 7128863 4655
523 0 22443138 0
524 1 4565989 1623
525 0 15434487 0
526 0 19411063 0
527 1 1983200 1291
528 0 19511237 0
529 1 6666762 4364
530 1 4702383 3051
531 0 19114390 0
532 0 21296508 0
533 0 21264825 0
534 1 5941735 2481
535 0 19368308 0
536 1 1415354 916
537 0 19086149 0
538 0 19891290 0
539 0 22235002 0
540 0 15426066 0
541 1 3777367 2465
542 0 15452650 0
543 0 21655074 0
544 0 19353346 0
545 1 10786721 7037
546 0 19595107 0
547 0 15419222 0
548 1 9735498 5185
549 1 4888597 3196
550 0 19554195 0
551 0 19380071 0
552 1 2201669 1006
553 0 19528155 0
554 0 15481983 0
555 1 12380993 6633
556 0 19101358 0
557 1 2497861 1181
558 1 9148042 5975
559 0 19825087 0
560 0 15428546 0
561 1 7400038 3917
562 0 19211608 0
563 1 11992691 7817
564 1 14517246 9477
565 1 14525086 9486
566 1 12794069 8383
567 0 22593823 0
568 1 2018830 1305
569 0 21060033 0
570 0 15435101 0
571 1 10906494 7086
572 0 19117618 0
573 0 15416625 0
574 1 2188840 1084
575 1 3795268 2478
576 1 12264499 7999
577 1 16616990 8769
578 0 18973608 0
579 0 21112821 0
580 1 11863873 5083
581 0 15443710 0
582 1 4663096 3043
583 0 19190932 0
584 1 1149541 748
585 0 19779789 0
586 1 13486450 8814
587 0 19044068 0
588 1 9292526 6048
589 0 15498511 0
590 0 19338690 0
591 1 957718 625
592 1 1868727 1227
593 0 22805071 0
594 1 12875060 6670
595 0 19440820 0
596 0 15438119 0
597 1 15727884 8341
598 1 5111302 3315
599 0 20580459 0
600 1 4968148 3252
601 0 19295293 0
602 1 19629829 8780
603 0 19539248 0
604 0 15433036 0
605 0 19997131 0
606 1 3705178 1288
607 0 15440714 0
608 0 19758089 0
609 1 1454013 954
610 0 22601291 0
611 0 21023855 0
612 0 22580900 0
613 1 12590300 6406
614 0 20230431 0
615 0 20102752 0
616 0 15448822 0
617 0 20087494 0
618 1 1097458 715
619 0 15443168 0
620 0 19454609 0
621 0 22000953 0
622 0 21198585 0
623 0 21406858 0
624 1 1205749 537
625 0 19758011 0
626 0 15430658 0
627 0 20714287 0
628 1 13908676 9149
629 0 19509426 0
630 0 19472080 0
631 0 19719388 0
632 1 11167631 7334
633 1 14924182 9122
634 0 21484696 0
635 1 7480282 4841
636 0 21350848 0
637 0 20975745 0
638 0 15438179 0
639 0 22101899 0
640 0 19576211 0
641 0 19554946 0
642 0 21922480 0
643 0 19540415 0
644 0 19489399 0
645 0 20995799 0
646 0 19829383 0
647 0 20810814 0
648 0 15447505 0
649 0 21725715 0
650 1 9770086 6023
651 0 22828789 0
652 0 22830837 0
653 1 743281 483
654 1 12408088 8179
655 0 20301696 0
656 0 22064306 0
657 0 21901388 0
658 0 21836875 0
659 1 21442958 9223
660 1 5799971 3781
661 0 21247755 0
662 0 21010613 0
663 0 20315990 0
664 0 21471112 0
665 1 10215859 6719
666 0 22558768 0
667 0 15434100 0
668 1 5362019 3483
669 0 15455155 0
670 0 20105502 0
671 0 18740231 0
672 1 12000648 7494
673 1 13137579 8585
674 0 19624118 0
675 1 1701639 1107
676 1 14468968 7803
677 0 20362349 0
678 1 7834367 5141
679 0 19851780 0
680 1 913769 590
681 0 21603566 0
682 1 11561616 7156
683 0 22767778 0
684 1 6571454 4206
685 0 22759695 0
686 0 20612341 0
687 0 22781102 0
688 0 22798194 0
689 1 1760726 1152
690 1 4775225 3141
691 0 16818696 0
692 0 20096754 0
693 0 22366279 0
694 0 19819730 0
695 0 22781823 0
696 0 20456855 0
697 1 2805377 1838
698 0 19488471 0
699 1 10871449 7057
700 1 11403223 7486
701 0 20592794 0
702 0 21336118 0
703 0 21447232 0
704 0 15422974 0
705 0 22406679 0
706 0 19316034 0
707 0 21233508 0
708 0 20939354 0
709 1 10558262 6909
710 0 20239241 0
711 1 15527602 7393
712 1 8110337 5030
713 0 22610073 0
714 0 21277396 0
715 0 17253622 0
716 0 19958637 0
717 0 22626538 0
718 1 1433567 933
719 0 15429630 0
720 0 20201101 0
721 0 19985365 0
722 0 19412180 0
723 1 1409145 923
724 1 650978 282
725 0 19425680 0
726 1 6126907 2799
727 1 11942127 5575
728 0 19824327 0
729 1 6923021 3555
730 0 20719408 0
731 0 20988643 0
732 0 20635986 0
733 0 20380592 0
734 0 20836112 0
735 0 21613148 0
736 0 15466670 0
737 0 22745201 0
738 1 2729485 1788
739 0 19389529 0
740 0 15460798 0
741 0 19098937 0
742 0 21257074 0
743 0 22821053 0
744 0 21736468 0
745 0 20399427 0
746 0 21899709 0
747 0 15432351 0
748 1 15144195 7487
749 0 15428361 0
750 1 15695233 7444
751 0 19092025 0
752 1 7850180 5156
753 0 22734882 0
754 1 1049021 684
755 0 22210739 0
756 0 22265170 0
757 0 19640162 0
758 0 22692369 0
759 0 21161168 0
760 0 20590736 0
761 0 19585478 0
762 1 5524537 3544
763 0 22603171 0
764 1 6797701 3089
765 0 19777664 0
766 0 20208946 0
767 0 15464279 0
768 1 5732868 3769
769 0 15430005 0
770 0 15420319 0
771 1 1731071 921
772 0 19535023 0
773 0 19334406 0
774 0 19855181 0
775 1 4240698 2619
776 0 19947276 0
777 0 21023076 0
778 1 257649 162
779 0 22761436 0
780 1 12542894 8180
781 1 8229237 5413
782 0 20616233 0
783 1 4608155 2369
784 0 21111178 0
785 1 692176 433
786 0 22402045 0
787 0 21303302 0
788 0 22845937 0
789 0 20421035 0
790 0 15426640 0
791 1 16734930 6044
792 0 21916618 0
793 0 22812211 0
794 1 8138181 5357
795 1 20274309 9519
796 0 15421451 0
797 0 22772177 0
798 0 21134537 0
799 0 21165630 0
800 1 10246367 6738
801 0 22813531 0
802 1 15325677 7334
803 0 20076766 0
804 0 19088008 0
805 0 22704343 0
806 0 21431312 0
807 0 22769042 0
808 0 15415142 0
809 0 19977638 0
810 0 15442898 0
811 0 15488652 0
812 1 4274512 2787
813 0 18938146 0
814 0 18769219 0
815 0 20056918 0
816 0 20946101 0
817 0 20789927 0
818 0 19981846 0
819 0 21091883 0
820 0 15418205 0
821 1 16351248 6835
822 0 22696122 0
823 1 17264182 7597
824 1 14975590 9737
825 0 22456052 0
826 1 2551367 1681
827 0 20283309 0
828 0 20589883 0
829 0 22286630 0
830 0 19618095 0
831 0 19898874 0
832 0 19219539 0
833 0 19635257 0
834 0 15491172 0
835 1 1966337 860
836 0 18711838 0
837 0 15436132 0
838 0 18728208 0
839 0 18992497 0
840 1 2378969 1550
841 0 18931961 0
842 1 18088394 9480
843 0 19610364 0
844 0 19169393 0
845 0 19477640 0
846 0 15461359 0
847 1 33659 13
848 0 19264456 0
849 1 6852405 3244
850 0 20748344 0
851 0 20856091 0
852 1 3764773 2470
853 1 7567220 4939
854 0 22443142 0
855 0 21881855 0
856 0 20708395 0
857 0 22406596 0
858 1 17368386 7104
859 0 21106155 0
860 1 18221217 9047
861 0 21315204 0
862 0 15434714 0
863 0 19653194 0
864 0 20595982 0
865 0 15428498 0
866 1 16564018 7996
867 0 19868011 0
868 0 15425665 0
869 0 19927179 0
870 0 19891265 0
871 0 21734325 0
872 0 20153617 0
873 0 20308302 0
874 1 5341157 3505
875 0 22507845 0
876 0 19753545 0
877 0 20689694 0
878 1 340177 105
879 1 1000157 649
880 0 22730144 0
881 1 13247843 8720
882 0 22001547 0
883 0 22846247 0
884 0 15454503 0
885 0 19634907 0
886 0 19422614 0
887 0 20461663 0
888 0 15429431 0
889 0 18847119 0
890 0 19031830 0
891 1 2017359 1313
892 0 22402606 0
893 0 21183512 0
894 0 15429556 0
895 0 15409546 0
896 1 3968102 2609
897 0 19871698 0
898 0 19225712 0
899 0 19899531 0
900 0 19249314 0
901 0 18969444 0
902 0 19041297 0
903 0 20527632 0
904 1 8863254 5827
905 0 22435512 0
906 0 21235699 0
907 0 20895951 0
908 0 20360764 0
909 0 21374524 0
910 1 12585949 5605
911 0 19209333 0
912 0 21639394 0
913 1 8679911 5634
914 0 22093114 0
915 0 21930990 0
916 1 5404475 3340
917 0 19389186 0
918 0 19601217 0
919 1 2205653 1447
920 0 20872631 0
921 1 4028475 2231
922 1 2164212 705
923 0 20096125 0
924 0 15421542 0
925 1 2298277 924
926 0 15502495 0
927 0 21133277 0
928 0 15437929 0
929 0 20852306 0
930 0 15423710 0
931 0 19744917 0
932 0 19806113 0
933 0 19751174 0
934 0 19469174 0
935 0 19543494 0
936 1 7368060 2906
937 0 19483606 0
938 0 15425712 0
939 0 19252484 0
940 1 14019050 9185
941 0 21139640 0
942 0 19758156 0
943 0 20070877 0
944 0 19923620 0
945 0 20677225 0
946 0 19498743 0
947 1 11670232 7563
948 0 19150029 0
949 1 9139570 5073
950 0 20142811 0
951 0 19598022 0
952 1 14269009 9271
953 0 19842912 0
954 1 13048816 8520
955 0 20298274 0
956 1 13499105 8830
957 0 19538167 0
958 0 19893920 0
959 0 19108228 0
960 0 20037292 0
961 0 19190372 0
962 0 21747238 0
963 0 21393262 0
964 1 5648072 3687
965 0 22645448 0
966 0 19952090 0
967 0 19865595 0
968 0 19070494 0
969 1 2593267 1199
970 0 19631573 0
971 0 22593115 0
972 1 8364355 2811
973 1 16931617 8297
974 0 20294890 0
975 0 19800505 0
976 0 19320085 0
977 1 19148783 8673
978 0 19270384 0
979 0 22816178 0
980 0 15453795 0
981 1 3543162 2324
982 1 6602850 4347
983 0 15439269 0
984 0 20775422 0
985 0 21007832 0
986 1 4780010 3144
987 1 10712394 7055
988 0 20247521 0
989 0 22426568 0
990 1 14752000 9708
991 0 19533210 0
992 0 20204182 0
993 0 19248257 0
994 0 20656292 0
995 1 12989641 5521
996 0 19412726 0
997 1 15394096 5735
998 0 21961424 0
999 0 22032464 0
1000 1 1090123 691
1001 0 19758905 0
1002 0 19869473 0
1003 1 3728735 2451
1004 0 19602345 0
1005 0 22321162 0
1006 0 21399647 0
1007 0 15426802 0
1008 0 15429909 0
1009 0 20123668 0
1010 0 22781761 0
1011 0 22596159 0
1012 1 6063387 3945
1013 0 22474233 0
1014 0 20936102 0
1015 0 20544162 0
1016 0 22159567 0
1017 1 10231074 6733
1018 0 18754882 0
1019 0 15475116 0
1020 0 19475407 0
1021 0 21326858 0
1022 0 22078933 0
1023 0 18678645 0
1024 1 4764529 3099
1025 0 18797776 0
1026 0 15472774 0
1027 0 20786256 0
1028 1 2213510 1450
1029 0 19255297 0
1030 0 19238914 0
1031 0 15437832 0
1032 0 19915582 0
1033 0 21471172 0
1034 0 15436499 0
1035 1 1905140 1241
1036 0 19548698 0
1037 0 19458385 0
1038 0 22687877 0
1039 1 3566128 1682
1040 1 9487994 6258
1041 1 4086276 2676
1042 0 19413204 0
1043 0 16042527 0
1044 0 19604878 0
1045 0 19579283 0
1046 0 15468126 0
1047 1 10142625 6675
1048 1 13890106 9065
1049 1 11392017 5391
1050 0 20182627 0
1051 1 6989496 3478
1052 0 19114460 0
1053 0 21759701 0
1054 0 15476484 0
1055 0 19767626 0
1056 0 18657519 0
1057 1 2503042 1621
1058 0 20011778 0
1059 1 1791380 1179
1060 0 18758094 0
1061 0 21972900 0
1062 1 6064897 3964
1063 0 19344993 0
1064 0 19771093 0
1065 0 20165514 0
1066 1 15529496 6930
1067 0 19353004 0
1068 0 19503604 0
1069 0 22520831 0
1070 0 20184062 0
1071 0 18727518 0
1072 0 21188041 0
1073 1 11711167 7055
1074 0 19732866 0
1075 0 19444835 0
1076 0 15450760 0
1077 0 19385965 0
1078 0 19419667 0
1079 1 2360495 1537
1080 1 7822875 5118
1081 0 19372029 0
1082 0 19640336 0
1083 0 22689222 0
1084 1 3099686 2026
1085 0 21088744 0
1086 1 8813800 3253
1087 1 6829327 4431
1088 1 14663054 4996
1089 1 14539343 9459
1090 0 21910325 0
1091 0 19766181 0
1092 0 15442387 0
1093 0 19629159 0
1094 0 19473996 0
1095 0 19003084 0
1096 1 12199691 7969
1097 0 18901054 0
1098 1 2690167 1765
1099 0 20862592 0
1100 0 21827562 0
1101 0 18729511 0
1102 0 20635021 0
1103 0 21532344 0
1104 1 5779809 3770
1105 0 18972137 0
1106 0 19582004 0
1107 1 8383993 5475
1108 1 6213951 3458
1109 0 19708788 0
1110 0 19726160 0
1111 0 20779885 0
1112 1 13252412 6305
1113 0 22730720 0
1114 0 22563016 0
1115 1 12977858 5362
1116 0 22724693 0
1117 1 14726510 6246
1118 0 18464111 0
1119 0 22020694 0
1120 1 6436199 4173
1121 0 19969224 0
1122 0 22496750 0
1123 0 22826958 0
1124 0 19636232 0
1125 0 21102211 0
1126 0 22835226 0
1127 0 15419200 0
1128 0 19673330 0
1129 1 18349808 8842
1130 0 20214949 0
1131 1 152556 97
1132 1 6780093 3868
1133 0 19258356 0
1134 0 20701311 0
1135 0 19365017 0
1136 0 21367242 0
1137 1 14339382 9253
1138 0 22440050 0
1139 1 13332982 8642
1140 1 12676277 8260
1141 0 19728000 0
1142 1 866555 561
1143 0 15417479 0
1144 0 22109641 0
1145 1 14627277 8156
1146 0 21602531 0
1147 1 5332353 3502
1148 0 21663569 0
1149 1 13145148 8656
1150 1 5173958 2606
1151 1 12219652 8021
1152 0 22390650 0
1153 1 16214992 8130
1154 0 15450790 0
1155 1 4962527 3208
1156 0 22228189 0
1157 0 18887006 0
1158 0 21540520 0
1159 1 5163191 2828
1160 0 22803642 0
1161 0 21363083 0
1162 0 15410112 0
1163 0 19688504 0
1164 0 22315111 0
1165 1 11621712 7576
1166 1 16605571 9324
1167 0 15476217 0
1168 0 20492244 0
1169 0 19389332 0
1170 0 15433407 0
1171 0 15494016 0
1172 1 2366020 1539
1173 0 19177978 0
1174 1 8087353 5323
1175 0 22691999 0
1176 0 20572580 0
1177 1 1867716 1216
1178 0 19431759 0
1179 1 9103702 4126
1180 0 19094571 0
1181 1 8797399 4429
1182 0 18981951 0
1183 1 707280 463
1184 0 19260893 0
1185 1 6120040 3996
1186 0 21238068 0
1187 0 19996905 0
1188 0 19594038 0
1189 0 20360144 0
1190 1 13635744 7361
1191 0 19189159 0
1192 0 22383956 0
1193 1 9614574 6228
1194 1 16720675 8292
1195 0 15491441 0
1196 0 19198522 0
1197 0 19474033 0
1198 0 20260397 0
1199 1 5203158 3396
