0 1 14688315 9542
1 0 18569862 0
2 1 3794724 2468
3 0 17706880 0
4 1 11948484 7222
5 1 5971518 2526
6 1 15548996 6979
7 0 20958057 0
8 0 20508205 0
9 0 19223970 0
10 0 19017492 0
11 1 2342439 1533
12 0 19900770 0
13 0 22847214 0
14 1 8571342 5634
15 0 16678336 0
16 0 19273334 0
17 0 19503182 0
18 1 15123310 6445
19 0 20454633 0
20 0 22680315 0
21 0 20213363 0
22 0 21713197 0
23 0 19844541 0
24 1 9878702 6496
25 0 19655161 0
26 0 15398288 0
27 0 19858377 0
28 0 19466595 0
29 1 9108880 5989
30 0 19419386 0
31 0 19112251 0
32 0 18831594 0
33 0 18865986 0
34 0 19805089 0
35 0 19473384 0
36 0 19930857 0
37 0 19051598 0
38 0 22689735 0
39 1 5781192 3817
40 1 21006195 8873
41 0 20329124 0
42 0 22720382 0
43 1 3960020 2609
44 0 21225789 0
45 0 19975350 0
46 0 19344704 0
47 0 15399531 0
48 0 19975687 0
49 0 20892580 0
50 1 676710 438
51 0 19330221 0
52 0 19449558 0
53 1 2904779 1892
54 1 2872380 1673
55 0 18912403 0
56 1 9922468 4514
57 0 19388605 0
58 0 22194154 0
59 0 21581006 0
60 0 15454716 0
61 0 19862883 0
62 0 19308517 0
63 0 18870335 0
64 1 6579517 3960
65 0 18955843 0
66 1 5741534 3746
67 0 18634433 0
68 0 18996262 0
69 1 16309582 9333
70 1 12695551 6177
71 0 15412963 0
72 0 20133235 0
73 0 19605707 0
74 1 7007069 4570
75 0 22695712 0
76 1 479773 310
77 0 15416907 0
78 0 20212943 0
79 0 19991889 0
80 1 9515970 5002
81 0 19870035 0
82 1 3441034 2232
83 0 19155855 0
84 0 15467316 0
85 1 10800861 5305
86 0 18848969 0
87 0 19337266 0
88 1 13663072 8935
89 0 18868541 0
90 1 4924191 3217
91 0 22558054 0
92 0 15717974 0
93 0 20172132 0
94 0 18761935 0
95 0 16793747 0
96 1 14947251 9844
97 1 1321128 868
98 0 21553924 0
99 0 19592533 0
100 1 2193515 1417
101 0 18900994 0
102 0 21278877 0
103 0 19019761 0
104 1 9832185 5838
105 0 20700096 0
106 0 15412220 0
107 0 20345652 0
108 0 19434356 0
109 1 863452 444
110 0 20782126 0
111 0 15509389 0
112 0 20767126 0
113 0 22721434 0
114 0 17489909 0
115 0 15437669 0
116 1 10610738 6920
117 0 15435817 0
118 0 16558576 0
119 0 19450848 0
120 0 19299859 0
121 1 4675216 3054
122 0 19424131 0
123 0 20181377 0
124 0 19155499 0
125 0 19751707 0
126 0 19163392 0
127 1 3034875 1032
128 0 22819699 0
129 1 7452486 4833
130 0 22841407 0
131 1 7923826 5139
132 1 6430277 4150
133 1 5581262 3673
134 0 15443160 0
135 1 4840465 3181
136 0 22630572 0
137 0 22825512 0
138 0 22821484 0
139 0 22858469 0
140 0 20266716 0
141 0 20479458 0
142 1 539156 350
143 1 3685317 1770
144 0 19607872 0
145 0 15446126 0
146 1 9553981 6204
147 0 19211617 0
148 0 15408824 0
149 1 7962342 5222
150 1 3207020 2109
151 0 20835880 0
152 0 19042470 0
153 1 10825271 7113
154 0 18906392 0
155 1 12340454 8036
156 0 19527204 0
157 0 15419211 0
158 1 2410237 1563
159 0 17151085 0
160 0 15408376 0
161 0 19176322 0
162 0 20889761 0
163 1 3621915 2358
164 0 22439757 0
165 0 20051634 0
166 0 19372370 0
167 0 19103538 0
168 1 13733915 7821
169 0 19748990 0
170 0 20731112 0
171 0 15410148 0
172 0 19320432 0
173 1 13275693 8706
174 0 22707388 0
175 0 20817705 0
176 0 21267629 0
177 0 15402557 0
178 0 20596339 0
179 1 8030170 5217
180 1 8847772 4162
181 1 11976946 7785
182 0 19465552 0
183 1 6904314 3906
184 1 7171251 4389
185 0 19847287 0
186 0 18911253 0
187 0 19979101 0
188 1 13830056 6948
189 0 15432207 0
190 0 19399277 0
191 0 21416646 0
192 0 20385271 0
193 1 15243807 6161
194 1 11125236 4110
195 1 7260191 4732
196 1 4161619 2710
197 0 22675834 0
198 0 22728515 0
199 0 19915920 0
200 0 22452452 0
201 0 21858681 0
202 1 3517286 2289
203 1 4643185 2585
204 1 6819219 4446
205 0 19402251 0
206 0 20189510 0
207 0 19916119 0
208 0 19328885 0
209 1 13308408 8739
210 1 3312231 2159
211 1 11244156 7408
212 0 15479170 0
213 0 21589179 0
214 0 20783307 0
215 1 3279293 1558
216 1 9490778 5553
217 1 17687724 9134
218 0 21957041 0
219 0 19733501 0
220 0 20398732 0
221 0 19856161 0
222 0 20274992 0
223 1 8244567 5373
224 0 19644128 0
225 0 18919728 0
226 0 18376934 0
227 1 2931049 1913
228 0 19269128 0
229 0 19735843 0
230 1 765802 499
231 0 19380834 0
232 0 15401540 0
233 0 19077666 0
234 0 20276432 0
235 0 15423640 0
236 0 19388124 0
237 0 19575291 0
238 0 20171792 0
239 0 15412367 0
240 0 18959592 0
241 0 19140732 0
242 0 22722981 0
243 1 793074 512
244 0 20623567 0
245 0 22426312 0
246 1 8757265 5667
247 1 10212559 6735
248 0 15437713 0
249 0 16450886 0
250 0 21748261 0
251 0 15423507 0
252 0 19388766 0
253 0 21022190 0
254 1 11299485 7428
255 0 22169148 0
256 1 14263333 9372
257 1 6543107 4303
258 0 19213041 0
259 0 20193300 0
260 1 14417189 9003
261 0 22225476 0
262 0 19756738 0
263 0 20226065 0
264 0 20816258 0
265 0 20059290 0
266 0 15419929 0
267 0 19823268 0
268 0 20140644 0
269 0 19942728 0
270 0 19841907 0
271 0 15409300 0
272 1 3005133 1211
273 1 13393708 6010
274 0 19911779 0
275 0 15401321 0
276 0 22418209 0
277 1 357954 232
278 0 20639562 0
279 1 11571607 7517
280 1 14440995 9384
281 0 17496010 0
282 1 9564884 6224
283 1 4289943 2780
284 1 2530622 1659
285 0 22673329 0
286 0 19574248 0
287 1 11406528 7503
288 0 20791987 0
289 0 20392512 0
290 0 20154737 0
291 1 6563201 4310
292 0 19537228 0
293 0 18317493 0
294 0 19378152 0
295 0 21845667 0
296 1 4981153 3235
297 0 21070871 0
298 1 346830 108
299 1 1020665 659
300 1 13929427 9140
301 0 20115050 0
302 0 15468000 0
303 0 20445978 0
304 0 21524704 0
305 0 20269928 0
306 0 21339924 0
307 0 20482199 0
308 0 19910215 0
309 1 13396510 8802
310 0 19546889 0
311 0 19990115 0
312 0 15411133 0
313 0 22137084 0
314 0 21814067 0
315 0 22609290 0
316 0 22144513 0
317 1 5019064 3301
318 1 2635447 1729
319 0 22754556 0
320 0 20799892 0
321 0 21378990 0
322 0 15996542 0
323 0 20965098 0
324 1 627806 404
325 0 22840220 0
326 0 15424438 0
327 0 21010988 0
328 0 22396377 0
329 0 20118019 0
330 0 18761217 0
331 0 19073254 0
332 1 4223669 2678
333 1 1620950 1067
334 0 19277420 0
335 1 7640946 4082
336 0 19072852 0
337 0 18410892 0
338 0 20658130 0
339 1 13945870 7367
340 0 18935425 0
341 0 20898041 0
342 0 15415090 0
343 0 19846054 0
344 0 19983102 0
345 0 18958705 0
346 0 21559757 0
347 1 13394222 8796
348 0 21387499 0
349 1 15414950 8413
350 1 9028160 5844
351 0 19672176 0
352 0 18872872 0
353 0 22709597 0
354 0 21585391 0
355 0 19176582 0
356 0 22703918 0
357 0 20841445 0
358 1 2682129 1254
359 0 19073434 0
360 0 22005077 0
361 0 15406462 0
362 0 19988995 0
363 0 20233287 0
364 0 19878612 0
365 0 18778970 0
366 1 12194276 7943
367 0 19215447 0
368 0 18935874 0
369 0 19140362 0
370 0 18494684 0
371 0 21402738 0
372 0 19871987 0
373 0 19461254 0
374 1 15953604 8138
375 0 18854309 0
376 0 15406358 0
377 0 18938989 0
378 0 15396547 0
379 1 4147769 1852
380 1 7553037 3576
381 0 18583938 0
382 0 19990814 0
383 0 20098667 0
384 0 22114490 0
385 0 22398168 0
386 1 318162 202
387 1 11859417 7743
388 0 20232548 0
389 0 22021363 0
390 0 19955642 0
391 0 21883470 0
392 1 85502 50
393 0 22262101 0
394 0 20212204 0
395 0 21454075 0
396 1 3625023 1249
397 0 20086080 0
398 1 6427038 4197
399 0 20158301 0
400 0 20261527 0
401 0 15405231 0
402 0 19015816 0
403 0 19488646 0
404 0 18738149 0
405 0 22834076 0
406 0 18118361 0
407 0 22053108 0
408 0 19398307 0
409 0 15462393 0
410 0 19077772 0
411 1 12739450 6715
412 0 19721400 0
413 1 2215668 1428
414 0 19604162 0
415 0 20089244 0
416 0 21015815 0
417 0 19587551 0
418 0 15413954 0
419 0 20558636 0
420 0 19199043 0
421 0 22221024 0
422 0 22659706 0
423 0 20738558 0
424 0 20430466 0
425 1 3310979 2148
426 1 10590556 6971
427 0 15459916 0
428 0 19550111 0
429 1 6417952 4215
430 0 19695582 0
431 0 20932023 0
432 0 20431644 0
433 0 19041190 0
434 0 15447100 0
435 0 19323271 0
436 1 5368168 3503
437 0 19664812 0
438 0 15414455 0
439 0 19255200 0
440 0 20352706 0
441 0 19311649 0
442 0 19331518 0
443 0 19892099 0
444 0 16885139 0
445 1 8252899 3515
446 1 207503 131
447 0 19210342 0
448 0 19948234 0
449 0 15965323 0
450 0 20645827 0
451 0 22563621 0
452 0 16965355 0
453 0 21758993 0
454 1 3213137 2095
455 0 22332665 0
456 0 21810754 0
457 0 21633504 0
458 0 20209591 0
459 0 19614938 0
460 1 4284064 2034
461 0 19274796 0
462 1 10525627 4342
463 0 15451909 0
464 0 19849610 0
465 0 19716729 0
466 0 19902381 0
467 0 22733109 0
468 0 21414355 0
469 0 19778612 0
470 0 19149852 0
471 1 14997157 9496
472 1 2036323 1130
473 1 13575723 7631
474 0 19533314 0
475 0 20228879 0
476 0 21431178 0
477 1 7480562 4846
478 1 10171505 5074
479 0 19049376 0
480 0 15426805 0
481 0 22798486 0
482 0 22015829 0
483 0 20555231 0
484 0 21069819 0
485 0 20331905 0
486 1 15097637 6623
487 0 20611762 0
488 0 19277013 0
489 0 21877096 0
490 0 21117867 0
491 1 8300244 5404
492 0 15411334 0
493 1 10093012 6600
494 0 19111663 0
495 0 18990976 0
496 1 11760194 7730
497 0 22802385 0
498 1 5869018 3828
499 1 9833026 4264
500 0 18781289 0
501 1 6032019 3955
502 0 21553919 0
503 0 19389851 0
504 0 19951634 0
505 0 21040230 0
506 0 22151217 0
507 1 5839424 3836
508 0 19547216 0
509 0 22582988 0
510 0 20053764 0
511 0 19891905 0
512 0 20012261 0
513 0 22039830 0
514 0 19007898 0
515 1 15715035 7972
516 0 19528887 0
517 1 15528792 7193
518 0 22505850 0
519 1 8081944 5252
520 0 19653939 0
521 0 19002728 0
522 0 18955456 0
523 0 15428712 0
524 0 19710899 0
525 1 8901981 5836
526 0 22809171 0
527 0 15413001 0
528 0 20338022 0
529 0 20973379 0
530 0 18936379 0
531 0 15466173 0
532 0 19322313 0
533 1 13976654 9167
534 0 21237921 0
535 1 3288861 2157
536 1 9674340 6356
537 0 20226658 0
538 1 4128267 1938
539 0 19491361 0
540 0 15468574 0
541 0 21024197 0
542 0 20019467 0
543 1 9513916 5032
544 0 19856083 0
545 0 20828764 0
546 0 20138574 0
547 0 20059648 0
548 1 2882598 1893
549 0 19824297 0
550 0 19488828 0
551 0 19531546 0
552 0 15417781 0
553 0 21277551 0
554 0 20334161 0
555 1 12622974 8093
556 0 19264806 0
557 0 21922267 0
558 0 22557244 0
559 1 7947621 5206
560 0 20028223 0
561 1 15947528 5596
562 0 21944073 0
563 0 20559643 0
564 0 22435708 0
565 1 13999308 9184
566 1 12613488 6470
567 0 19644337 0
568 0 19199252 0
569 1 10838421 7035
570 1 5951143 3651
571 0 19885258 0
572 0 22804232 0
573 1 14920545 8694
574 0 19615739 0
575 0 22645225 0
576 1 5800716 3804
577 0 22842749 0
578 0 17439858 0
579 1 5856769 3837
580 1 14411936 9465
581 0 22114856 0
582 0 20430189 0
583 0 22830255 0
584 0 21641804 0
585 0 20819137 0
586 1 16734284 7554
587 1 1878214 1208
588 1 10600116 4450
589 0 19002528 0
590 0 20102312 0
591 1 2216031 1444
592 0 20085598 0
593 0 19976719 0
594 0 19880215 0
595 1 5375255 3524
596 1 11370268 5722
597 0 15465906 0
598 0 21364264 0
599 0 15408848 0
600 0 15428972 0
601 0 20297395 0
602 0 19412262 0
603 0 20062982 0
604 0 19996338 0
605 0 15412754 0
606 0 21468845 0
607 0 17317550 0
608 1 19525450 9819
609 0 20445283 0
610 0 19489837 0
611 1 10742023 7061
612 0 19499872 0
613 1 4941905 3240
614 0 21327012 0
615 1 8923793 5647
616 0 22702752 0
617 0 19915892 0
618 1 7751799 5022
619 1 1248703 816
620 1 1900190 1237
621 0 19574657 0
622 1 5750409 3783
623 1 2274360 1482
624 0 21007672 0
625 0 15464787 0
626 0 15410382 0
627 0 15420064 0
628 0 22318224 0
629 1 13668631 5096
630 0 19462712 0
631 0 20850854 0
632 1 11424190 7424
633 0 19009814 0
634 0 18938443 0
635 1 4788872 3144
636 0 17478189 0
637 0 22590240 0
638 0 19603430 0
639 0 21714794 0
640 0 20845673 0
641 0 22869802 0
642 0 15469553 0
643 0 21764080 0
644 1 5263137 3426
645 0 22477798 0
646 1 7726175 5080
647 0 15414653 0
648 0 19502332 0
649 0 19982693 0
650 1 8828279 4788
651 0 18786980 0
652 0 22586602 0
653 0 21036769 0
654 0 19271754 0
655 0 18691686 0
656 1 8298683 5431
657 1 11592205 6563
658 0 19248392 0
659 0 19728881 0
660 0 20533653 0
661 0 20536264 0
662 0 21744531 0
663 1 13565760 8906
664 0 19394099 0
665 0 19109360 0
666 0 18169177 0
667 0 15421042 0
668 1 5146282 3380
669 0 18546199 0
670 0 22006384 0
671 0 20650549 0
672 1 16018394 9178
673 0 20681000 0
674 1 15168009 9976
675 1 17880500 9958
676 1 12451428 8070
677 1 4893357 2564
678 0 19275900 0
679 0 18912535 0
680 1 1626583 727
681 0 19546339 0
682 0 15465478 0
683 0 19439431 0
684 0 19885388 0
685 0 19555466 0
686 1 1683899 829
687 1 8527893 5578
688 0 18606343 0
689 0 19204693 0
690 1 1542912 806
691 0 15638374 0
692 1 15174168 9885
693 0 20590807 0
694 0 22731939 0
695 0 20749785 0
696 0 22704324 0
697 1 11927680 7155
698 0 20435441 0
699 0 20707340 0
700 0 17419282 0
701 0 20464006 0
702 1 7670131 4547
703 0 20652943 0
704 1 12589546 8202
705 1 278661 176
706 0 19372038 0
707 0 19528680 0
708 0 21908622 0
709 0 20765788 0
710 0 21711358 0
711 0 20364303 0
712 1 10976234 7146
713 0 20391557 0
714 1 5875872 3865
715 1 11018719 7176
716 1 1976777 1281
717 0 22625671 0
718 0 21392649 0
719 0 21663895 0
720 1 12947321 7470
721 0 21053433 0
722 1 15678136 7708
723 0 20128130 0
724 1 7509249 4947
725 0 22645125 0
726 1 11747930 5181
727 0 15444889 0
728 0 20795599 0
729 0 15408910 0
730 0 17519834 0
731 0 20812182 0
732 0 19431802 0
733 0 18718894 0
734 0 19578082 0
735 0 21514799 0
736 0 15490595 0
737 0 19893132 0
738 0 15434169 0
739 0 19373832 0
740 1 7046085 4609
741 1 4127437 2696
742 0 18648959 0
743 0 19245516 0
744 1 6029417 3914
745 0 20067897 0
746 1 7223477 3573
747 0 19770895 0
748 0 19357333 0
749 1 4896447 1943
750 0 21965880 0
751 0 18952904 0
752 0 18018023 0
753 0 19071563 0
754 1 6010798 3543
755 0 19036163 0
756 0 19683297 0
757 0 15405174 0
758 0 19747192 0
759 1 16732367 8672
760 0 19521218 0
761 1 2253721 1468
762 0 19025551 0
763 0 18946664 0
764 0 21573076 0
765 0 22846691 0
766 0 15419803 0
767 1 12573741 6881
768 0 18609669 0
769 0 22726569 0
770 1 5016429 1997
771 1 1580411 712
772 1 11491743 5551
773 0 15417829 0
774 1 12017407 6149
775 0 19752460 0
776 0 19583968 0
777 0 19926730 0
778 1 6243457 3222
779 1 9202532 5990
780 1 11884901 7098
781 0 19952797 0
782 1 15906294 8514
783 1 8379286 5508
784 0 19276348 0
785 0 19387404 0
786 0 19985660 0
787 0 19109603 0
788 0 15453708 0
789 0 19186929 0
790 1 2256629 938
791 1 1676968 842
792 0 18383836 0
793 0 19526399 0
794 1 10203295 6722
795 1 10348968 5799
796 0 20292222 0
797 0 22782255 0
798 0 21861854 0
799 0 19370090 0
800 0 21406897 0
801 0 19084148 0
802 1 4453232 2089
803 0 19716179 0
804 0 19655667 0
805 0 22824567 0
806 0 21180717 0
807 1 6604755 3389
808 0 21510705 0
809 1 14251745 7655
810 1 567943 362
811 0 22094901 0
812 0 21286059 0
813 0 20720735 0
814 0 21371619 0
815 0 20741194 0
816 0 21043959 0
817 1 6292985 4078
818 0 20647913 0
819 0 19884177 0
820 0 16695087 0
821 1 1859574 709
822 0 20582663 0
823 1 3776272 2474
824 0 21071276 0
825 1 5057438 3227
826 0 22816742 0
827 0 19086546 0
828 1 3539739 2310
829 0 19343638 0
830 1 11815028 7710
831 0 19198436 0
832 1 4954799 3224
833 0 18637959 0
834 0 20783189 0
835 1 10555453 4657
836 0 18685314 0
837 0 20491437 0
838 0 20613025 0
839 0 19738880 0
840 0 17040157 0
841 0 19528010 0
842 1 10955833 7149
843 0 21392219 0
844 1 13562738 8857
845 1 14229360 7541
846 0 18682581 0
847 1 2291148 1504
848 1 1763293 953
849 0 19218009 0
850 0 19938360 0
851 0 19361600 0
852 0 19837249 0
853 1 2580187 1398
854 0 19446382 0
855 0 19173450 0
856 0 19736532 0
857 0 19341771 0
858 0 18613349 0
859 1 7409474 3763
860 0 19173721 0
861 1 8145106 4408
862 1 6304666 4155
863 1 9728956 6354
864 0 22785782 0
865 0 15400943 0
866 1 15286682 9143
867 1 5546491 3592
868 1 12331353 8101
869 0 21238617 0
870 1 9638788 6241
871 1 1598423 1034
872 1 19741641 9653
873 0 21265187 0
874 0 20596858 0
875 1 4874241 3202
876 1 7511148 4839
877 0 20175290 0
878 0 22856178 0
879 0 21842730 0
880 0 22745146 0
881 0 20695637 0
882 0 19806539 0
883 0 19695525 0
884 0 19923343 0
885 0 19966698 0
886 0 21013769 0
887 0 20955491 0
888 0 20693878 0
889 0 20322604 0
890 0 20065912 0
891 0 15407720 0
892 1 4338911 2322
893 0 18999253 0
894 0 21303469 0
895 0 21858831 0
896 0 19940011 0
897 0 21602474 0
898 0 22813637 0
899 0 16620076 0
900 0 15412950 0
901 0 19596021 0
902 0 19164784 0
903 1 10475337 6787
904 0 20058239 0
905 0 22720628 0
906 0 22284287 0
907 1 2958085 1917
908 1 6077089 3995
909 0 21316659 0
910 1 4847756 3143
911 0 15903466 0
912 0 20706849 0
913 0 15388005 0
914 0 17881363 0
915 0 19899861 0
916 0 15415711 0
917 0 19518716 0
918 1 9246078 4823
919 0 18998935 0
920 0 18930832 0
921 0 18812319 0
922 0 20523322 0
923 1 16643485 9220
924 0 19560199 0
925 0 22503044 0
926 0 20562917 0
927 1 3776034 1679
928 0 17888234 0
929 0 19737928 0
930 0 18843957 0
931 0 19861704 0
932 1 3125079 1740
933 1 6729999 3812
934 0 18898967 0
935 0 22557715 0
936 0 21435018 0
937 0 19912645 0
938 0 20470449 0
939 1 514593 333
940 0 19797799 0
941 0 19962665 0
942 0 19607090 0
943 0 19782589 0
944 0 22726689 0
945 0 20207677 0
946 0 15410209 0
947 0 18667160 0
948 0 18932304 0
949 1 9483357 5909
950 0 15420450 0
951 0 18653483 0
952 1 16250375 8464
953 1 11090318 7219
954 1 7028576 4132
955 0 19797091 0
956 0 19119307 0
957 0 15477577 0
958 0 19786459 0
959 0 18918718 0
960 0 19307446 0
961 1 4472379 2921
962 0 19233390 0
963 0 20150452 0
964 1 8289761 5409
965 0 19230094 0
966 0 22308127 0
967 0 19767376 0
968 1 3382525 2002
969 1 5811468 2946
970 1 474488 309
971 0 20256712 0
972 1 5954730 3911
973 1 7709999 4234
974 1 11878791 7704
975 0 20974061 0
976 0 22189508 0
977 0 21648067 0
978 0 22829342 0
979 1 14099577 9259
980 0 22680743 0
981 0 22873542 0
982 1 14422349 9370
983 1 226294 144
984 0 20718317 0
985 1 14017491 9214
986 0 21005076 0
987 1 1902751 817
988 1 18656472 8744
989 0 20502004 0
990 0 20854032 0
991 0 21773145 0
992 0 20359995 0
993 1 5632770 3577
994 0 20118256 0
995 0 22855214 0
996 0 21150056 0
997 0 19721903 0
998 1 3882258 2436
999 0 19998327 0
1000 0 22380877 0
1001 1 14317779 5944
1002 0 20912802 0
1003 0 15415318 0
1004 0 22140106 0
1005 1 6233405 4049
1006 0 15456489 0
1007 1 9501815 6203
1008 0 18817280 0
1009 0 22391301 0
1010 0 20082012 0
1011 0 18441238 0
1012 0 18734988 0
1013 1 14602739 9479
1014 1 5297141 3455
1015 0 20633909 0
1016 1 7433333 2864
1017 0 15422075 0
1018 1 2584974 1683
1019 1 9754713 6020
1020 1 7731963 5058
1021 0 15420820 0
1022 0 19266795 0
1023 0 20558904 0
1024 0 20546516 0
1025 0 20040626 0
1026 0 15461526 0
1027 0 19103180 0
1028 1 3541302 2297
1029 0 18964483 0
1030 0 22200778 0
1031 0 19353582 0
1032 1 15537005 5163
1033 1 6606136 4303
1034 1 9642924 5423
1035 0 20804827 0
1036 0 22072570 0
1037 0 20273418 0
1038 1 12110508 7972
1039 0 19870382 0
1040 0 15414054 0
1041 0 21314186 0
1042 1 9029929 5862
1043 0 17897963 0
1044 1 9080744 5546
1045 0 15446686 0
1046 0 22815786 0
1047 1 4435318 2904
1048 0 19804901 0
1049 0 15472325 0
1050 0 20117596 0
1051 0 20073779 0
1052 0 15455732 0
1053 0 20142373 0
1054 0 15404280 0
1055 1 8552021 4649
1056 0 17664373 0
1057 0 15412588 0
1058 0 19760570 0
1059 1 4282235 2814
1060 0 19587723 0
1061 1 7256580 2947
1062 0 22053726 0
1063 0 19374424 0
1064 0 20576566 0
1065 0 22662713 0
1066 0 21463933 0
1067 1 14776547 9731
1068 0 20516555 0
1069 0 19663387 0
1070 1 5851103 3792
1071 0 19995645 0
1072 0 21622607 0
1073 0 18580483 0
1074 1 16343484 9510
1075 0 19651547 0
1076 1 7883622 5190
1077 0 19376948 0
1078 0 16561519 0
1079 1 7974796 3651
1080 0 19657600 0
1081 1 6752455 4435
1082 0 15905469 0
1083 0 22862189 0
1084 0 21947928 0
1085 0 16086265 0
1086 1 9558704 6283
1087 1 8555921 5620
1088 0 18177526 0
1089 0 20367024 0
1090 1 4469884 2838
1091 0 20500504 0
1092 0 20313075 0
1093 1 13273295 7931
1094 0 19634853 0
1095 0 15421983 0
1096 0 15429858 0
1097 0 18088909 0
1098 1 3419529 2248
1099 0 15420599 0
1100 0 15426091 0
1101 0 17145533 0
1102 0 22068512 0
1103 0 19551571 0
1104 0 15447556 0
1105 1 9768723 3430
1106 0 21301539 0
1107 1 9097036 5978
1108 0 15433563 0
1109 1 13618553 8911
1110 0 22236683 0
1111 1 1107181 672
1112 0 20193016 0
1113 0 16040268 0
1114 0 15777882 0
1115 0 19888414 0
1116 0 19943141 0
1117 1 16640676 9250
1118 1 7792362 3291
1119 0 19768772 0
1120 0 19748438 0
1121 1 9858573 6427
1122 0 19455755 0
1123 0 22346932 0
1124 0 19820702 0
1125 0 15404998 0
1126 0 19421418 0
1127 0 20572285 0
1128 1 11310447 7370
1129 0 19599434 0
1130 0 15450928 0
1131 1 10311173 6731
1132 1 1816569 1199
1133 1 7091756 4164
1134 0 19264918 0
1135 0 20338838 0
1136 1 15601255 6414
1137 0 19718976 0
1138 0 18998801 0
1139 1 9993989 6582
1140 0 19250249 0
1141 0 19301062 0
1142 1 12485473 6862
1143 1 7929159 5202
1144 0 19764171 0
1145 0 22176631 0
1146 0 22533921 0
1147 0 20978529 0
1148 0 19757953 0
1149 0 20559960 0
1150 0 22851780 0
1151 1 2016188 1317
1152 0 21344595 0
1153 0 21281928 0
1154 0 15419726 0
1155 0 21906180 0
1156 1 12307692 8097
1157 0 15413534 0
1158 1 3419289 1862
1159 0 19392167 0
1160 0 15465412 0
1161 0 19752454 0
1162 1 7886367 3398
1163 1 13218019 6533
1164 0 18954558 0
1165 0 18770186 0
1166 0 19211882 0
1167 0 19908023 0
1168 0 19309398 0
1169 1 8491036 5539
1170 1 6833908 4466
1171 0 21271310 0
1172 1 14897748 9805
1173 1 4938736 2796
1174 0 20198256 0
1175 0 20176758 0
1176 0 20778298 0
1177 0 20006410 0
1178 1 4376453 2871
1179 1 5576059 3632
1180 0 18868807 0
1181 1 910453 357
1182 1 14567341 7590
1183 0 18625551 0
1184 0 22675601 0
1185 0 19401095 0
1186 1 14603204 9583
1187 0 19680838 0
1188 0 19486838 0
1189 1 16052851 9017
1190 0 19580003 0
1191 0 20377851 0
1192 0 19648518 0
1193 1 15804855 9780
1194 0 19090902 0
1195 1 13358975 8752
1196 0 19673417 0
1197 0 15432555 0
1198 1 2111208 1383
1199 1 3744369 1964
0 1 18836378 9340
1 1 17365987 9871
2 1 10195792 6252
3 0 19340754 0
4 1 337786 216
5 0 19492967 0
6 0 19497742 0
7 1 13251661 5091
8 0 21834667 0
9 0 16759088 0
10 0 19426756 0
11 1 14518385 8880
12 0 20724918 0
13 0 20081531 0
14 1 10240972 6667
15 0 22429124 0
16 0 20951721 0
17 0 18718451 0
18 0 22259820 0
19 0 20358023 0
20 0 19415745 0
21 0 22661345 0
22 0 21010142 0
23 0 19878820 0
24 0 15469810 0
25 0 20859032 0
26 1 14948777 9846
27 0 19327629 0
28 1 13725585 8906
29 1 1977565 1298
30 0 19540739 0
31 0 19996769 0
32 0 19207944 0
33 0 21301436 0
34 0 20279669 0
35 0 15467323 0
36 0 18535467 0
37 0 19852060 0
38 0 20005841 0
39 1 2811974 1854
40 0 19122006 0
41 0 19623724 0
42 1 13923498 9003
43 0 22185195 0
44 1 3135759 2043
45 0 21644666 0
46 1 5523762 3622
47 0 17409170 0
48 0 22636714 0
49 0 21187960 0
50 0 17272581 0
51 0 19966279 0
52 1 654630 419
53 1 9245848 6063
54 0 21523326 0
55 1 2942153 1910
56 0 19673554 0
57 1 12793313 6544
58 0 19513217 0
59 0 15430153 0
60 0 18713139 0
61 1 1191411 772
62 0 15438589 0
63 0 15514831 0
64 0 19737724 0
65 1 14592660 9506
66 0 19313751 0
67 1 6248374 4066
68 1 4257424 2773
69 1 17067383 9181
70 0 19683513 0
71 0 18956432 0
72 0 21315346 0
73 1 9617169 6277
74 0 19204551 0
75 0 15487162 0
76 0 19610159 0
77 0 18938888 0
78 1 7657652 5022
79 0 20210082 0
80 0 20015071 0
81 0 19217193 0
82 1 9734421 6328
83 0 19712988 0
84 1 4119141 2206
85 0 19470224 0
86 0 20340818 0
87 0 21873977 0
88 1 11426647 7402
89 1 2191566 1438
90 1 18463405 9420
91 0 19715630 0
92 0 19911747 0
93 1 3854569 2234
94 0 19924842 0
95 1 12278500 7970
96 0 15453317 0
97 0 20061502 0
98 0 21140063 0
99 0 20159429 0
100 1 8052502 5045
101 0 22829890 0
102 0 21746373 0
103 0 22816634 0
104 1 15056571 9753
105 1 10537158 6859
106 0 22137677 0
107 1 108062 60
108 0 21884051 0
109 0 20895621 0
110 0 19452545 0
111 0 20545172 0
112 0 19723365 0
113 0 20059669 0
114 1 6598310 4274
115 0 19819708 0
116 1 9614873 6265
117 0 19299390 0
118 0 18842046 0
119 0 20274273 0
120 0 20447419 0
121 1 1044490 597
122 1 2355142 893
123 0 22750970 0
124 0 20588413 0
125 0 21431409 0
126 1 6776978 4346
127 0 19184211 0
128 1 6965607 4533
129 1 15235656 8543
130 1 11605310 6524
131 0 19721116 0
132 0 19761694 0
133 0 15437683 0
134 0 19674004 0
135 1 10101737 6579
136 0 20904310 0
137 1 19019062 9545
138 0 22048480 0
139 0 22778727 0
140 1 10915915 7153
141 1 11578872 7626
142 1 12639884 8235
143 0 20271520 0
144 0 15467276 0
145 0 15452268 0
146 0 19361959 0
147 0 19671681 0
148 0 19108875 0
149 1 6606757 3667
150 0 21365189 0
151 0 19345043 0
152 0 15459166 0
153 0 18934348 0
154 1 1598042 1040
155 0 19302348 0
156 1 9830319 6428
157 0 19385812 0
158 1 15373548 9980
159 0 19544130 0
160 0 15492342 0
161 0 19906521 0
162 0 15424309 0
163 0 19931532 0
164 1 1388239 902
165 1 8316293 5423
166 1 935910 596
167 0 19015036 0
168 0 19546719 0
169 0 19617125 0
170 0 22038486 0
171 1 4848249 2316
172 1 11758613 7613
173 1 5947226 3918
174 1 8704407 5180
175 0 19597066 0
176 0 20936051 0
177 0 20116278 0
178 0 15469735 0
179 0 21244308 0
180 1 9605407 4678
181 1 8079470 5296
182 1 4394578 2193
183 0 20352052 0
184 0 22688600 0
185 0 22335308 0
186 0 20828291 0
187 0 21774527 0
188 1 8201541 3407
189 1 13261687 8622
190 1 3176777 2065
191 1 6186565 4031
192 0 18850885 0
193 0 19283402 0
194 0 19906904 0
195 1 14796588 7856
196 0 18711823 0
197 0 18879448 0
198 0 22172269 0
199 0 22082328 0
200 0 20124516 0
201 1 9691408 6309
202 0 19540500 0
203 1 1874865 947
204 0 15452334 0
205 0 19645013 0
206 0 19845539 0
207 0 20876544 0
208 0 20413666 0
209 1 10796596 7071
210 0 19199432 0
211 0 19165354 0
212 0 19529877 0
213 0 22255585 0
214 0 19883300 0
215 1 1239828 633
216 0 20706858 0
217 0 19836750 0
218 1 1600600 1042
219 0 17099630 0
220 0 19392523 0
221 0 19636202 0
222 0 18498535 0
223 1 19389871 9571
224 0 22125986 0
225 0 19920485 0
226 1 4461755 1958
227 0 21282823 0
228 1 296598 190
229 0 21270631 0
230 0 20716838 0
231 0 19844024 0
232 0 22753421 0
233 0 21856214 0
234 0 20014337 0
235 1 10895673 7167
236 0 19471790 0
237 0 19100680 0
238 0 19764526 0
239 0 18270154 0
240 0 19839702 0
241 0 21163075 0
242 0 21608187 0
243 0 19952382 0
244 0 19735601 0
245 0 19993729 0
246 0 21596432 0
247 0 20994073 0
248 1 11217873 6136
249 1 10322007 6229
250 0 19782894 0
251 0 19525516 0
252 0 19847959 0
253 0 18886662 0
254 0 20009942 0
255 1 4849879 2527
256 0 15459099 0
257 0 15444702 0
258 0 19512006 0
259 0 18154610 0
260 1 3647242 2391
261 0 22385437 0
262 1 11538101 6713
263 0 20131640 0
264 0 18990912 0
265 1 11163686 7347
266 0 19523551 0
267 0 16925628 0
268 1 12267841 8070
269 1 5508040 3451
270 0 21963136 0
271 0 19951561 0
272 0 21817095 0
273 1 4318594 2819
274 1 11368833 3746
275 0 20723115 0
276 1 492120 318
277 1 5064594 3301
278 0 20575959 0
279 0 15449342 0
280 0 18203497 0
281 0 19247075 0
282 0 20206280 0
283 0 19547836 0
284 0 15451400 0
285 1 8013196 5263
286 1 18928379 9345
287 0 18210208 0
288 1 5974355 3873
289 1 3626392 2382
290 0 19964302 0
291 0 19653923 0
292 1 11371287 7371
293 0 20231529 0
294 1 3057380 1982
295 0 19850110 0
296 0 17595708 0
297 1 5246203 3418
298 0 19214858 0
299 0 20528953 0
300 1 2817171 1221
301 0 20325480 0
302 1 16391152 8107
303 1 8850986 2994
304 0 22734456 0
305 0 15420995 0
306 0 22735606 0
307 1 4370640 2852
308 1 9844338 6361
309 0 19724093 0
310 0 19346430 0
311 0 21433541 0
312 1 2615083 1051
313 1 176903 113
314 0 20709473 0
315 1 14007509 7025
316 0 15429254 0
317 1 2592303 1388
318 1 12171568 7913
319 0 19654825 0
320 0 15431109 0
321 0 19482386 0
322 0 20701836 0
323 0 22578366 0
324 1 4154389 2728
325 0 20729808 0
326 0 21051816 0
327 0 19280945 0
328 0 20210307 0
329 1 5706042 3707
330 0 20247549 0
331 0 22163510 0
332 0 20685688 0
333 1 5426012 3554
334 0 21002341 0
335 0 15448904 0
336 0 19218794 0
337 0 22730840 0
338 0 19864911 0
339 1 4931091 3201
340 0 19192102 0
341 0 21867975 0
342 0 20206353 0
343 0 20455792 0
344 0 15434549 0
345 0 21346630 0
346 1 827396 531
347 1 5111931 3333
348 1 14325854 7575
349 1 13200493 6884
350 0 15441983 0
351 0 19240362 0
352 0 19380678 0
353 0 22715016 0
354 0 16686075 0
355 0 21797011 0
356 1 16340928 8605
357 0 22496083 0
358 1 3504613 2303
359 0 20304328 0
360 0 20225171 0
361 1 1397552 569
362 1 12098076 7937
363 0 19792392 0
364 0 15438495 0
365 0 19740987 0
366 1 6708599 4406
367 1 2714063 1625
368 0 18904555 0
369 1 1954136 1272
370 1 13796619 9077
371 1 18531039 8085
372 0 21945447 0
373 1 4899902 3187
374 1 8490466 5567
375 0 20483463 0
376 0 15451041 0
377 0 19489003 0
378 0 22533815 0
379 0 21232719 0
380 1 6818369 4483
381 0 19339815 0
382 1 10153101 5912
383 0 15467058 0
384 1 17823756 8270
385 0 20066937 0
386 0 17303612 0
387 0 19977790 0
388 0 19814605 0
389 0 17713394 0
390 0 21925227 0
391 0 22852472 0
392 0 18635431 0
393 0 20776819 0
394 0 20951036 0
395 0 20918877 0
396 1 3698303 1668
397 0 20287826 0
398 0 18818610 0
399 1 10152135 6011
400 1 6808428 4413
401 0 20030160 0
402 0 19806904 0
403 0 15497260 0
404 1 6223350 3145
405 0 19496787 0
406 1 6838368 3628
407 0 18632243 0
408 1 4103981 2692
409 0 19130207 0
410 1 7906985 5198
411 1 12704680 8340
412 0 19722731 0
413 0 19137777 0
414 0 19812146 0
415 1 16734576 8352
416 1 2195359 1416
417 0 22845440 0
418 0 22797805 0
419 1 72276 44
420 1 3173172 2084
421 0 22801787 0
422 1 5976759 3908
423 0 22298584 0
424 0 21384096 0
425 0 20640196 0
426 0 21086476 0
427 1 1475540 967
428 0 15481236 0
429 0 21536103 0
430 0 20188380 0
431 0 20162910 0
432 1 8609920 4992
433 0 20336780 0
434 1 58454 24
435 1 142490 91
436 0 19350702 0
437 0 19515300 0
438 0 21832198 0
439 0 21530889 0
440 0 17614299 0
441 0 15447221 0
442 0 15434504 0
443 1 1171531 426
444 0 19482831 0
445 1 3253226 2022
446 0 20136260 0
447 0 19341880 0
448 0 15524776 0
449 0 20319481 0
450 1 270721 172
451 0 21077046 0
452 0 20111911 0
453 1 10744884 6637
454 0 19883865 0
455 1 2067072 1356
456 0 19164409 0
457 1 7588017 3478
458 0 20111722 0
459 0 19030357 0
460 0 19525210 0
461 0 18821823 0
462 0 19259297 0
463 0 19682420 0
464 0 22733882 0
465 1 5672022 3668
466 0 19456516 0
467 0 15518893 0
468 0 21921689 0
469 0 22623839 0
470 0 20637803 0
471 0 18863079 0
472 1 8318795 3889
473 0 19230714 0
474 0 16937182 0
475 0 20135533 0
476 0 18900886 0
477 1 11052574 7213
478 0 19469270 0
479 0 20535646 0
480 0 22845239 0
481 0 22872972 0
482 0 21892212 0
483 0 18871102 0
484 0 19296328 0
485 0 22511702 0
486 0 18648235 0
487 0 15438850 0
488 1 3287405 2158
489 1 1342225 880
490 1 2150656 1413
491 0 19478411 0
492 0 19892061 0
493 0 22333695 0
494 0 22704306 0
495 0 15466943 0
496 1 14882012 8680
497 1 3994121 2623
498 1 12715807 7197
499 0 21105613 0
500 0 19797293 0
501 0 19645759 0
502 0 21599708 0
503 0 20299077 0
504 0 19488387 0
505 1 2152267 1408
506 1 12020768 6237
507 1 10588610 6954
508 1 4273489 2301
509 1 5068852 3325
510 0 19708997 0
511 1 1564529 729
512 0 18945129 0
513 1 16603632 7863
514 0 19210485 0
515 0 22425506 0
516 1 15720051 9688
517 1 12209977 7954
518 1 17237353 9307
519 0 19836730 0
520 0 19930201 0
521 0 20328987 0
522 1 3311680 2141
523 0 21632991 0
524 0 15452682 0
525 0 20364824 0
526 0 15426567 0
527 0 19420116 0
528 0 22702376 0
529 0 21334178 0
530 0 19822384 0
531 0 19813094 0
532 0 19750586 0
533 0 20451076 0
534 1 17351501 9850
535 0 18865163 0
536 0 16266684 0
537 1 1691407 1102
538 0 20486524 0
539 0 18838711 0
540 0 20054519 0
541 0 21889766 0
542 0 19890914 0
543 1 15537630 8435
544 0 19003710 0
545 0 18940510 0
546 1 4859757 3184
547 0 20001954 0
548 0 19758696 0
549 0 22561427 0
550 1 14014211 7129
551 0 19522319 0
552 0 22474043 0
553 0 17637072 0
554 1 12897691 8412
555 0 18826197 0
556 0 19936068 0
557 1 11525080 7464
558 1 9031557 5878
559 0 22271927 0
560 0 21062031 0
561 1 12636685 8300
562 1 5028564 3250
563 1 7386592 4854
564 0 19446401 0
565 0 20257902 0
566 0 19268369 0
567 0 20016061 0
568 0 15451963 0
569 1 10206345 6652
570 0 19209805 0
571 1 8092575 5265
572 0 20285154 0
573 0 18982164 0
574 0 22040022 0
575 0 21472175 0
576 0 20058264 0
577 1 7223744 4750
578 1 7897909 4004
579 1 6038174 3257
580 0 19101538 0
581 0 19564823 0
582 0 20703146 0
583 0 21288415 0
584 0 20418251 0
585 0 19326234 0
586 1 5200210 3244
587 0 19191390 0
588 1 5470259 3073
589 0 20361567 0
590 0 22505461 0
591 0 20821400 0
592 1 636704 203
593 0 21869873 0
594 1 13537109 8790
595 1 7775950 5091
596 1 4178128 2497
597 1 1453395 896
598 0 20455677 0
599 0 19026071 0
600 0 17949635 0
601 0 20067431 0
602 0 19993259 0
603 1 10442285 6783
604 1 1478061 951
605 1 4302362 2817
606 0 15431245 0
607 0 22823369 0
608 0 22689971 0
609 0 22405495 0
610 0 20341997 0
611 0 22615211 0
612 1 1661911 1087
613 0 21331626 0
614 0 20186806 0
615 1 1656889 1077
616 1 7160219 4479
617 1 9628339 6238
618 1 3170061 2081
619 1 12387276 6683
620 1 18595757 9347
621 0 18374356 0
622 0 19376079 0
623 1 15013955 7213
624 0 21621955 0
625 0 20240203 0
626 1 1288877 483
627 1 3997915 1293
628 0 22171509 0
629 0 22543132 0
630 0 22645953 0
631 0 21107004 0
632 1 11254155 6217
633 0 20362653 0
634 1 17509370 8796
635 0 22159014 0
636 0 21745067 0
637 0 21220053 0
638 0 21607396 0
639 1 13608866 8946
640 0 20768832 0
641 0 21571167 0
642 0 21895236 0
643 0 19912686 0
644 1 10983298 7223
645 0 19730547 0
646 0 19695642 0
647 0 19348324 0
648 1 12683196 8246
649 0 22838821 0
650 0 15433568 0
651 0 18114834 0
652 0 21260379 0
653 1 12859108 5502
654 0 19909103 0
655 0 19436325 0
656 0 19433995 0
657 1 3078961 1993
658 0 19206788 0
659 1 6957954 4518
660 0 22592756 0
661 0 15431931 0
662 1 11446584 7160
663 0 19678636 0
664 0 22508876 0
665 1 15328318 5018
666 1 1393556 882
667 0 22303011 0
668 0 21150164 0
669 1 5279873 3413
670 0 19516744 0
671 0 20091087 0
672 0 19327678 0
673 0 19048857 0
674 1 10357434 6785
675 0 19636747 0
676 1 6843336 3923
677 1 10768425 6055
678 0 21472442 0
679 0 20734455 0
680 1 18797862 7786
681 1 1920527 1259
682 1 710815 235
683 1 1416372 920
684 1 9652992 4920
685 0 21561287 0
686 0 19698136 0
687 0 18214396 0
688 0 19184881 0
689 0 18793611 0
690 0 18907391 0
691 0 22572511 0
692 0 22542093 0
693 1 2926887 1903
694 1 2243641 1465
695 0 21092888 0
696 1 528841 339
697 1 10259551 6417
698 0 22001546 0
699 0 19035887 0
700 0 19507722 0
701 1 2439668 1590
702 1 3226657 2082
703 0 19818016 0
704 0 20645775 0
705 0 19390320 0
706 1 13389384 6185
707 0 22787382 0
708 1 18254786 9727
709 0 18706065 0
710 0 19720844 0
711 0 19305980 0
712 1 2936424 1414
713 0 19005476 0
714 0 19026959 0
715 0 20207994 0
716 0 19253323 0
717 1 6366893 4133
718 0 19934054 0
719 0 19113289 0
720 1 5433213 2745
721 1 6933248 3708
722 0 22857407 0
723 0 21405137 0
724 0 15444190 0
725 0 19897888 0
726 0 20479269 0
727 0 20140615 0
728 0 15463140 0
729 0 21097142 0
730 0 19642890 0
731 1 6447492 4223
732 0 15439920 0
733 0 21148515 0
734 0 19252329 0
735 0 19456837 0
736 1 7293362 3975
737 0 19599449 0
738 0 19992627 0
739 1 2827671 1504
740 0 18974307 0
741 0 19284156 0
742 1 14892352 9768
743 1 13551388 7019
744 1 5999344 2671
745 0 18988892 0
746 1 4860964 2806
747 0 18991072 0
748 0 21545568 0
749 0 20255812 0
750 1 13473916 8795
751 1 14611223 9644
752 0 16613638 0
753 0 20080183 0
754 0 20118450 0
755 0 18718304 0
756 0 19578131 0
757 0 15435096 0
758 1 13761000 9037
759 0 19724305 0
760 0 19659297 0
761 0 18954169 0
762 1 10079305 6575
763 0 22839087 0
764 0 19700742 0
765 0 20522407 0
766 1 3103137 2035
767 0 19751422 0
768 1 14570926 9403
769 1 12590887 6556
770 0 20260896 0
771 1 9137508 5058
772 1 17057175 8597
773 0 19387590 0
774 0 19639679 0
775 0 19967903 0
776 1 4923382 3227
777 1 5425710 3555
778 1 14507936 8931
779 1 4863530 3194
780 0 20283833 0
781 1 15177691 7105
782 0 20028968 0
783 0 22157067 0
784 0 21456124 0
785 1 1523108 997
786 0 16403476 0
787 0 19781408 0
788 0 22393167 0
789 0 20986396 0
790 0 20025223 0
791 1 8386405 3636
792 1 15724082 8146
793 0 22168561 0
794 1 539683 349
795 0 22828757 0
796 0 19914065 0
797 1 16619337 8587
798 1 14464504 6802
799 1 11018743 5527
800 0 18869345 0
801 1 3945117 2055
802 0 20711349 0
803 0 20130288 0
804 0 19868331 0
805 0 19632708 0
806 1 18916675 9641
807 0 20871994 0
808 0 19883102 0
809 0 19537140 0
810 1 7472657 4912
811 1 4197169 2746
812 0 19325439 0
813 0 19480772 0
814 0 21955455 0
815 1 2914025 1908
816 0 20573257 0
817 1 6506910 3429
818 0 19747038 0
819 0 17586060 0
820 0 19675626 0
821 0 19328524 0
822 0 20361738 0
823 1 10771583 6973
824 1 13513103 8880
825 1 14434237 8137
826 1 5395731 3336
827 0 18902162 0
828 0 21013226 0
829 0 15437088 0
830 0 19701825 0
831 0 20686685 0
832 0 21418518 0
833 0 20294452 0
834 0 15430632 0
835 0 19538953 0
836 0 15437696 0
837 0 19603590 0
838 0 18680553 0
839 1 9555083 6285
840 0 21553928 0
841 1 748439 485
842 1 3417057 2237
843 1 6093359 3948
844 0 19952822 0
845 0 22677690 0
846 1 15168227 9969
847 0 20061270 0
848 1 5847626 2877
849 0 20850315 0
850 1 455823 296
851 0 21486129 0
852 0 21949909 0
853 1 21387497 9761
854 0 20450205 0
855 0 18880015 0
856 1 3625048 1855
857 0 16842657 0
858 0 19008614 0
859 0 21535460 0
860 1 2179972 1426
861 0 17714309 0
862 1 11950808 7835
863 0 19111235 0
864 1 1288532 574
865 0 20013385 0
866 0 19936732 0
867 0 20130090 0
868 0 19181476 0
869 0 20467974 0
870 0 15426300 0
871 0 19591048 0
872 0 15468389 0
873 0 19034700 0
874 1 8115756 4177
875 0 18581543 0
876 1 9611749 5024
877 0 19547834 0
878 1 6704540 4369
879 1 9177109 5975
880 0 21799630 0
881 1 13863585 9019
882 1 12521873 5984
883 0 19376161 0
884 1 9769945 6360
885 1 13590040 8848
886 0 22700705 0
887 0 20219140 0
888 0 20534124 0
889 1 5955988 3894
890 0 17087534 0
891 0 19981270 0
892 1 5745232 3745
893 0 21181099 0
894 0 19879480 0
895 0 20154961 0
896 1 3304786 1253
897 0 20115349 0
898 0 19167480 0
899 0 18861990 0
900 0 20804880 0
901 0 21772197 0
902 0 17955829 0
903 0 20099923 0
904 0 15439844 0
905 1 11439289 5559
906 1 5996241 3909
907 1 7108725 4133
908 0 19229341 0
909 1 2963753 1320
910 0 21495967 0
911 1 9014572 5355
912 0 20481049 0
913 1 14181641 9222
914 1 14975005 9731
915 1 5023582 2622
916 0 20153730 0
917 0 19033953 0
918 1 4171976 2713
919 1 14348824 9358
920 1 3317816 2151
921 1 1578032 1024
922 0 20143163 0
923 0 18522654 0
924 0 20315073 0
925 0 20094123 0
926 0 18919856 0
927 1 17193859 8488
928 0 19972236 0
929 0 21421354 0
930 1 4618518 2346
931 0 19843576 0
932 0 15434891 0
933 1 13878897 7228
934 0 19542767 0
935 0 19395972 0
936 0 19018927 0
937 0 22464764 0
938 0 17450518 0
939 0 19398290 0
940 1 4996182 3255
941 0 21177471 0
942 0 16873627 0
943 0 20321567 0
944 0 19024087 0
945 1 6671445 2375
946 0 15768155 0
947 0 20580027 0
948 0 19517018 0
949 0 17915617 0
950 0 21191241 0
951 0 22466992 0
952 1 13697147 8913
953 1 15548247 8324
954 1 4427038 2900
955 0 19729776 0
956 0 18217920 0
957 0 20508897 0
958 0 19980252 0
959 1 10655342 5306
960 0 15523130 0
961 1 12303348 8012
962 0 19713739 0
963 0 19797105 0
964 0 22751561 0
965 0 19102838 0
966 0 15467071 0
967 1 704274 458
968 0 20442747 0
969 0 21700825 0
970 0 21166791 0
971 0 15449855 0
972 0 18857110 0
973 0 19031308 0
974 1 3345675 2177
975 0 19516061 0
976 1 672473 430
977 0 21749683 0
978 0 15495451 0
979 0 19673248 0
980 0 15461526 0
981 1 12994485 8496
982 1 12230704 7974
983 0 18647892 0
984 1 5132086 2773
985 1 7539292 4922
986 0 19567282 0
987 0 19953262 0
988 0 18608930 0
989 0 19521264 0
990 1 13511858 6216
991 1 10602177 6978
992 1 14866093 9611
993 0 22695186 0
994 1 8004538 5182
995 0 20808421 0
996 1 6396459 4197
997 0 20482041 0
998 0 19286876 0
999 1 8273072 5381
1000 0 19518494 0
1001 0 20507923 0
1002 0 21400947 0
1003 1 4916631 3217
1004 0 19884434 0
1005 0 21428015 0
1006 0 19470767 0
1007 0 22345597 0
1008 0 18824134 0
1009 0 22456469 0
1010 1 14138607 5985
1011 0 20431203 0
1012 0 21101509 0
1013 1 7634162 5021
1014 0 22613307 0
1015 0 20623064 0
1016 0 21119848 0
1017 0 20751780 0
1018 0 21284474 0
1019 1 880265 571
1020 0 20528715 0
1021 0 15451508 0
1022 1 11563598 7488
1023 0 19423278 0
1024 0 20179666 0
1025 1 18885628 8873
1026 1 16585225 9470
1027 1 6484053 4230
1028 0 19956441 0
1029 0 18543377 0
1030 0 19547844 0
1031 0 20209527 0
1032 1 7694649 5061
1033 0 19785784 0
1034 1 17807212 9792
1035 0 19794121 0
1036 0 18894114 0
1037 0 22122481 0
1038 0 21351869 0
1039 0 20309121 0
1040 1 13009690 6377
1041 0 18875409 0
1042 0 18643372 0
1043 0 19941614 0
1044 0 19265925 0
1045 0 15456060 0
1046 0 18907641 0
1047 0 19826345 0
1048 0 19798371 0
1049 0 21965706 0
1050 0 20188785 0
1051 0 20069500 0
1052 0 22367795 0
1053 0 20584604 0
1054 0 22705638 0
1055 0 21598457 0
1056 0 20280591 0
1057 1 8102656 5077
1058 0 21948039 0
1059 0 20922007 0
1060 1 6607688 3899
1061 0 21969141 0
1062 1 10666641 7010
1063 1 630320 208
1064 1 14916245 9747
1065 1 1088396 703
1066 1 14229560 9270
1067 0 22753239 0
1068 1 1606626 1046
1069 0 22729373 0
1070 0 17972969 0
1071 1 11628869 7545
1072 0 21163885 0
1073 0 22672705 0
1074 0 22723092 0
1075 1 985294 637
1076 0 20286352 0
1077 0 21219206 0
1078 0 20976790 0
1079 0 19985262 0
1080 1 14343830 9351
1081 0 21983401 0
1082 0 20177613 0
1083 0 20205576 0
1084 0 17772005 0
1085 1 6888631 4525
1086 0 21169694 0
1087 0 19575638 0
1088 1 1655349 1074
1089 1 19799660 8913
1090 1 6067581 3953
1091 0 19053825 0
1092 0 19046117 0
1093 0 19773834 0
1094 1 13085307 8594
1095 0 22610356 0
1096 1 53753 30
1097 0 16583571 0
1098 0 19876825 0
1099 0 19564930 0
1100 0 17191483 0
1101 1 1287254 832
1102 1 11250061 7310
1103 1 8341651 5452
1104 0 22556159 0
1105 0 18277048 0
1106 0 20439415 0
1107 0 19702188 0
1108 0 18969751 0
1109 0 20188112 0
1110 0 18854933 0
1111 0 19665137 0
1112 0 18680305 0
1113 0 22735923 0
1114 1 1371357 902
1115 0 18288404 0
1116 0 20052812 0
1117 0 19435886 0
1118 0 22723718 0
1119 1 16121804 6515
1120 1 14579729 9506
1121 1 5772631 3764
1122 0 19489914 0
1123 1 14832649 7177
1124 0 18982668 0
1125 0 20677135 0
1126 0 15440102 0
1127 0 19759750 0
1128 1 4759360 2221
1129 1 16127653 8241
1130 0 18721306 0
1131 1 3856839 2041
1132 0 20179775 0
1133 0 22734669 0
1134 0 19886620 0
1135 1 12818447 8374
1136 1 7371277 4856
1137 0 22372745 0
1138 0 21206213 0
1139 0 21072063 0
1140 0 15475813 0
1141 1 5070479 3296
1142 1 13963878 7569
1143 0 19695985 0
1144 1 1174991 765
1145 0 18780028 0
1146 0 20060677 0
1147 0 19584535 0
1148 0 19928386 0
1149 0 19330375 0
1150 0 20481516 0
1151 0 19723443 0
1152 0 19663876 0
1153 0 20695904 0
1154 0 20341335 0
1155 0 19366592 0
1156 1 7608937 3667
1157 0 21014749 0
1158 1 1695668 1028
1159 1 9237074 6040
1160 1 1905455 1243
1161 0 18578560 0
1162 0 20254062 0
1163 0 19177620 0
1164 0 20157874 0
1165 0 15430193 0
1166 0 22875441 0
1167 0 22838847 0
1168 1 6068622 3936
1169 0 21773298 0
1170 0 22467232 0
1171 0 19653461 0
1172 1 7209007 4674
1173 0 19439409 0
1174 1 13881413 9137
1175 0 19148535 0
1176 0 15441654 0
1177 1 9635155 5662
1178 0 21874372 0
1179 0 22161552 0
1180 0 21457811 0
1181 0 15440302 0
1182 1 8235043 4899
1183 0 18752432 0
1184 0 20809574 0
1185 1 2739252 899
1186 0 21235734 0
1187 0 20807689 0
1188 1 1961639 1276
1189 1 18082247 7182
1190 0 22719250 0
1191 1 17078908 9522
1192 0 15455139 0
1193 0 19348129 0
1194 1 4210916 2743
1195 1 10972246 6654
1196 0 18991364 0
1197 1 7120893 4635
1198 0 19593998 0
1199 0 19591821 0
0 1 9806639 4227
1 0 15471725 0
2 1 13983217 6965
3 1 11195099 5786
4 1 10434255 6809
5 0 18905131 0
6 0 19427755 0
7 1 5474788 3610
8 0 15432457 0
9 1 15678752 9314
10 1 9852117 6423
11 1 4097439 2239
12 0 15417297 0
13 0 19888438 0
14 0 20409815 0
15 0 21635974 0
16 0 19850432 0
17 0 18887042 0
18 1 7714808 4296
19 0 18802721 0
20 1 1507214 987
21 1 8004954 5216
22 1 9639633 6281
23 0 18530397 0
24 1 919206 590
25 0 18769307 0
26 0 20664940 0
27 1 8893818 5727
28 0 15520957 0
29 1 2753699 1797
30 0 19118269 0
31 1 1133783 733
32 0 19315347 0
33 1 3460286 2257
34 1 13163223 8641
35 1 4014628 1903
36 0 18877409 0
37 0 18988749 0
38 0 20225555 0
39 0 21414160 0
40 1 13101179 8619
41 0 18219946 0
42 1 4973374 2638
43 0 21195807 0
44 0 22304602 0
45 1 2370068 1547
46 0 16003570 0
47 0 21835404 0
48 0 22438238 0
49 0 16132291 0
50 0 20842242 0
51 1 20494039 9854
52 0 20057686 0
53 0 22130682 0
54 0 21327776 0
55 1 12620401 6745
56 1 3590598 1958
57 0 18704937 0
58 0 21636384 0
59 1 14529172 8403
60 0 19745466 0
61 1 12760961 7710
62 0 19762080 0
63 1 6107043 4013
64 0 19525085 0
65 1 14688848 9596
66 1 14938398 9750
67 0 22736055 0
68 0 22473173 0
69 0 22665273 0
70 0 22695831 0
71 0 15435500 0
72 0 20715432 0
73 0 19980128 0
74 0 18729716 0
75 1 15969251 9772
76 1 8554219 5239
77 1 16394112 9328
78 0 19893428 0
79 0 22174455 0
80 1 9247688 3667
81 1 14647699 6133
82 0 20123506 0
83 1 2715494 1783
84 1 10386751 5404
85 0 19157918 0
86 0 18860662 0
87 0 18819517 0
88 0 18801773 0
89 0 19634543 0
90 0 19031469 0
91 0 16055194 0
92 1 12705578 8298
93 0 19136161 0
94 1 12641387 6362
95 0 19774045 0
96 0 20664414 0
97 0 20243161 0
98 0 20984614 0
99 0 19175604 0
100 1 2394997 1580
101 0 21309414 0
102 1 6492289 3265
103 1 5142364 2915
104 0 18710956 0
105 1 3808889 2473
106 1 4561162 2975
107 0 19528968 0
108 1 5100967 3330
109 0 19620782 0
110 1 4992960 3266
111 1 1949891 1248
112 0 19571085 0
113 0 17860176 0
114 1 14069675 7260
115 0 19060184 0
116 1 15819640 8326
117 1 2972505 1917
118 0 19531153 0
119 0 19181442 0
120 0 19990739 0
121 1 13473556 6594
122 0 20742256 0
123 0 19491089 0
124 0 20027890 0
125 0 19628306 0
126 0 19955353 0
127 1 2928177 1902
128 0 22607462 0
129 0 15456414 0
130 0 15446786 0
131 0 19322803 0
132 0 21039904 0
133 1 12050603 6111
134 1 2918226 1910
135 1 14186367 7227
136 0 19311764 0
137 1 17884081 9937
138 0 18718534 0
139 0 19311794 0
140 1 18483418 9537
141 0 18647555 0
142 0 17650578 0
143 1 5779220 2784
144 0 15448771 0
145 1 10209589 5609
146 0 20649469 0
147 0 19515021 0
148 1 10304207 6683
149 0 20168646 0
150 1 7528213 4893
151 0 19188138 0
152 0 19448653 0
153 0 19825880 0
154 1 12870102 8466
155 1 15879665 7928
156 1 6925368 3033
157 0 21208655 0
158 0 19833507 0
159 0 21983097 0
160 0 21826305 0
161 0 15439587 0
162 1 10609403 6890
163 0 19852743 0
164 0 20334502 0
165 0 19783500 0
166 0 19253318 0
167 1 6357042 4183
168 0 19901078 0
169 0 19999465 0
170 0 20415631 0
171 1 7956714 5134
172 0 21240986 0
173 0 21663051 0
174 1 5640211 3702
175 0 18999218 0
176 0 19019405 0
177 0 19239521 0
178 0 18875697 0
179 1 3836730 2517
180 0 22005601 0
181 0 19191874 0
182 0 20262927 0
183 0 21686495 0
184 1 18865130 9580
185 0 19223973 0
186 0 19353090 0
187 0 19233838 0
188 1 16870866 9459
189 0 19751049 0
190 1 6734141 3875
191 0 19296485 0
192 1 2366615 1543
193 0 18751286 0
194 1 377022 243
195 0 22175835 0
196 0 20093380 0
197 0 19070037 0
198 1 13093291 8545
199 0 15445177 0
200 0 19004603 0
201 0 15453159 0
202 0 15414032 0
203 1 16803933 9637
204 0 19719883 0
205 1 2292140 1481
206 0 19303885 0
207 0 20393987 0
208 1 12211028 8005
209 1 8090975 5333
210 0 19125261 0
211 1 9470642 4773
212 1 12639695 8217
213 0 18730910 0
214 0 22842451 0
215 0 19470444 0
216 1 3567889 2341
217 0 16765292 0
218 0 18154995 0
219 1 12653805 8199
220 0 19094145 0
221 0 19390505 0
222 0 19500056 0
223 0 20684569 0
224 0 20908769 0
225 1 10450482 3394
226 0 19306077 0
227 0 18991072 0
228 1 17121743 6749
229 0 18790771 0
230 1 5561436 3608
231 0 17388205 0
232 0 19530668 0
233 0 19684439 0
234 1 15152625 9848
235 0 19539999 0
236 0 19192539 0
237 0 19598745 0
238 1 8454451 5490
239 0 21937824 0
240 0 22731598 0
241 0 21217492 0
242 0 21297497 0
243 1 4442435 2877
244 0 20726618 0
245 1 7700812 5055
246 0 20068020 0
247 1 1599899 1041
248 0 18924182 0
249 0 19535872 0
250 0 15414667 0
251 0 19089584 0
252 1 9494960 5865
253 1 14786503 9602
254 0 18646992 0
255 0 15424379 0
256 0 18764542 0
257 1 12680026 8268
258 1 9732700 6288
259 1 9458225 6157
260 1 12893612 6000
261 0 20325694 0
262 0 15432515 0
263 0 18803163 0
264 0 19330585 0
265 0 19213104 0
266 1 5200326 3388
267 0 20239881 0
268 0 18763784 0
269 0 19128905 0
270 0 20646151 0
271 0 19595818 0
272 1 3868115 2512
273 1 2473737 1610
274 0 22227236 0
275 0 20111115 0
276 1 14963813 9443
277 0 15442217 0
278 0 19446704 0
279 0 19374929 0
280 0 19810876 0
281 1 6483523 4229
282 0 20196048 0
283 1 8623619 4456
284 1 3400465 2042
285 0 20155356 0
286 1 15673363 8285
287 0 20457664 0
288 1 15382230 9625
289 0 22299398 0
290 0 15421119 0
291 0 19745493 0
292 0 15456734 0
293 0 20600973 0
294 1 16450963 7525
295 0 19718556 0
296 0 18850298 0
297 0 18888605 0
298 1 9399650 6134
299 1 5352009 2572
300 0 21763753 0
301 1 7095805 2329
302 1 9326102 4555
303 0 20533078 0
304 1 10176795 6718
305 0 19855571 0
306 0 19104902 0
307 0 19216578 0
308 0 19230356 0
309 0 20804019 0
310 0 19187759 0
311 0 22090996 0
312 1 9030067 5886
313 0 18908940 0
314 1 3811216 2480
315 1 3322236 2191
316 0 20038241 0
317 0 21415105 0
318 0 19804304 0
319 0 21364946 0
320 0 19814912 0
321 0 20798991 0
322 1 9228283 6007
323 1 2854060 1576
324 1 1065285 693
325 0 22099522 0
326 0 16443566 0
327 0 19603683 0
328 1 16123034 8417
329 0 21668083 0
330 0 20392029 0
331 1 2047531 1333
332 0 20670520 0
333 0 16789084 0
334 0 19212585 0
335 0 20293608 0
336 0 19572514 0
337 0 22700724 0
338 1 6593359 4274
339 1 14927813 9849
340 0 15497638 0
341 0 19816314 0
342 0 20085403 0
343 0 15479578 0
344 0 19359523 0
345 1 18508080 9840
346 0 19063423 0
347 1 10509585 5137
348 0 19153834 0
349 1 10280185 5755
350 1 14190242 9307
351 0 16627801 0
352 0 19588495 0
353 1 11515998 7518
354 0 19483083 0
355 1 13428462 8178
356 1 14200675 9254
357 0 22712472 0
358 0 18190427 0
359 0 19997149 0
360 0 18958957 0
361 0 19759722 0
362 0 18961421 0
363 0 18676685 0
364 1 9423547 3065
365 0 22633139 0
366 0 22843863 0
367 0 19310779 0
368 1 14265887 9393
369 0 22141758 0
370 1 3127481 2051
371 0 20419840 0
372 1 8466893 5554
373 0 19107702 0
374 0 20006112 0
375 1 19387039 9920
376 0 19558964 0
377 0 21063776 0
378 0 17662483 0
379 0 15439606 0
380 1 13366102 8779
381 0 15424357 0
382 1 5680154 3730
383 0 16386120 0
384 1 6289484 4124
385 1 14915290 9805
386 0 20725212 0
387 1 14524019 7341
388 0 19429322 0
389 0 22281491 0
390 0 19145498 0
391 0 21586799 0
392 0 20399188 0
393 0 17259833 0
394 0 20195192 0
395 1 14882561 9795
396 1 1539473 662
397 1 79659 49
398 1 3890775 2561
399 0 19759678 0
400 1 6874359 4325
401 0 19804937 0
402 0 15430945 0
403 1 8187904 4288
404 0 22558833 0
405 0 22793817 0
406 1 9286981 5000
407 0 22747564 0
408 0 21210617 0
409 0 22741415 0
410 0 21912543 0
411 1 98990 62
412 0 20771670 0
413 0 22801113 0
414 0 22755321 0
415 1 7471128 4906
416 0 15430822 0
417 1 6634407 4272
418 1 18014725 7062
419 1 21278220 9810
420 0 15429840 0
421 1 17567185 9109
422 0 18858304 0
423 0 20005011 0
424 0 19366453 0
425 0 19288948 0
426 1 2754591 1798
427 0 19391058 0
428 1 8746726 5740
429 1 9442787 6159
430 0 19819077 0
431 1 5766649 3321
432 0 19127192 0
433 0 19879955 0
434 0 18687036 0
435 0 19293077 0
436 0 15450843 0
437 0 19703883 0
438 0 18752736 0
439 0 20798821 0
440 0 22729923 0
441 0 22704071 0
442 0 15460089 0
443 0 19845080 0
444 0 20001608 0
445 0 19077274 0
446 0 15425799 0
447 1 4386221 2856
448 1 903045 587
449 0 15441067 0
450 0 19752603 0
451 1 5131909 3355
452 0 18695718 0
453 0 19796321 0
454 1 3862016 2535
455 1 13747970 8841
456 0 19176682 0
457 1 8560528 5619
458 1 12572517 8159
459 0 15403540 0
460 0 20767678 0
461 0 15416748 0
462 0 19418686 0
463 0 20013300 0
464 0 19449468 0
465 0 15408352 0
466 0 19384047 0
467 1 10026061 6538
468 1 14806000 9749
469 0 21673877 0
470 0 16455045 0
471 0 20632031 0
472 1 10234763 5164
473 1 10679376 6972
474 0 16698778 0
475 0 18920136 0
476 0 19829163 0
477 1 3828790 2489
478 0 19108135 0
479 1 8204451 3878
480 0 19131891 0
481 1 15167736 9876
482 0 16414082 0
483 0 20131695 0
484 0 19086746 0
485 0 19548808 0
486 1 8528059 5561
487 0 19254462 0
488 0 21490903 0
489 1 7446203 4142
490 0 19934903 0
491 0 20426468 0
492 0 19569735 0
493 0 22170847 0
494 1 16692913 9841
495 0 19001977 0
496 0 18818214 0
497 0 21390826 0
498 0 20422768 0
499 0 19155055 0
500 0 15413996 0
501 1 5888255 3861
502 1 14374939 9364
503 0 19088787 0
504 0 18790841 0
505 0 21669910 0
506 0 22171083 0
507 0 20514280 0
508 0 22640641 0
509 1 7027833 4586
510 0 20401769 0
511 0 19821273 0
512 0 21777215 0
513 1 14184338 7762
514 0 19776097 0
515 1 574873 372
516 1 14086332 9268
517 0 20148505 0
518 0 15422682 0
519 0 19874639 0
520 0 19598188 0
521 0 20079314 0
522 0 20309777 0
523 1 8520086 5614
524 0 22540010 0
525 0 21800584 0
526 1 178141 113
527 0 21062441 0
528 0 19727381 0
529 0 19722916 0
530 0 21753298 0
531 0 19830243 0
532 0 19865247 0
533 0 18987530 0
534 1 8411199 5488
535 0 19479816 0
536 1 12403220 6329
537 0 20373053 0
538 0 22336536 0
539 0 21380043 0
540 0 19929423 0
541 0 20177532 0
542 1 1301293 792
543 0 19009673 0
544 0 20685080 0
545 0 19905113 0
546 0 19202689 0
547 0 18910746 0
548 0 20425441 0
549 1 12666352 8278
550 1 17168538 9659
551 1 5978331 3897
552 1 4986799 3219
553 0 19174717 0
554 0 22306741 0
555 0 20942936 0
556 1 12325049 5959
557 0 20429138 0
558 0 20081227 0
559 0 20632618 0
560 0 21173811 0
561 0 22713174 0
562 0 19256424 0
563 0 21036361 0
564 1 8652018 5089
565 0 19137465 0
566 1 15052332 5990
567 0 22533254 0
568 0 22031632 0
569 0 22700328 0
570 1 1885726 1213
571 1 9275253 6034
572 1 6412371 4145
573 1 6890263 4533
574 0 22602891 0
575 0 21048156 0
576 0 16756734 0
577 0 20817948 0
578 0 15461178 0
579 0 19922181 0
580 1 14110168 9198
581 0 20109270 0
582 0 19524227 0
583 0 22687898 0
584 1 17103140 9944
585 0 20767991 0
586 0 22818872 0
587 0 15411961 0
588 0 19720245 0
589 0 15427884 0
590 0 18887442 0
591 0 20274487 0
592 0 21399437 0
593 0 22620099 0
594 0 15434839 0
595 0 17126525 0
596 0 19605257 0
597 1 10501340 6842
598 0 19228049 0
599 0 19205789 0
600 0 15430727 0
601 0 19239403 0
602 1 15144823 9909
603 0 20439493 0
604 0 19172249 0
605 0 17617913 0
606 1 15333775 9986
607 1 4433893 2906
608 0 20975621 0
609 0 18923188 0
610 1 210826 134
611 0 15413740 0
612 0 20270223 0
613 1 7108662 4678
614 0 22330730 0
615 0 19487614 0
616 1 8299899 4053
617 1 15458772 7857
618 1 12504637 6919
619 0 21253107 0
620 1 5975362 3899
621 0 21823542 0
622 0 16257847 0
623 0 21468056 0
624 0 15449463 0
625 0 20996114 0
626 1 8097711 3171
627 1 2049925 919
628 0 21199578 0
629 0 19396624 0
630 0 22467044 0
631 1 17587737 9112
632 1 463721 298
633 0 20559239 0
634 0 15396675 0
635 0 20015371 0
636 0 19212302 0
637 0 20088658 0
638 0 19644807 0
639 0 19577963 0
640 0 19424098 0
641 0 20800401 0
642 0 21941988 0
643 0 19826953 0
644 0 18651134 0
645 0 19704782 0
646 0 19792972 0
647 1 9052954 5897
648 0 20308270 0
649 0 18482090 0
650 0 19651779 0
651 0 15412648 0
652 0 20321476 0
653 1 15316518 8674
654 0 19084969 0
655 0 19593378 0
656 1 16428249 9995
657 0 19301916 0
658 0 19047617 0
659 0 15444830 0
660 0 19770139 0
661 0 20108548 0
662 0 18905061 0
663 1 17932685 9646
664 0 20059133 0
665 0 19377065 0
666 0 20984380 0
667 1 3978381 2574
668 0 20212908 0
669 0 21985823 0
670 0 19758399 0
671 1 167489 104
672 0 20059356 0
673 0 20017314 0
674 0 19479545 0
675 1 783016 511
676 0 22811201 0
677 0 22814827 0
678 0 20426521 0
679 0 20010702 0
680 0 20377934 0
681 1 11716229 7700
682 0 19967782 0
683 0 19453193 0
684 0 20144079 0
685 0 19802725 0
686 0 19049282 0
687 1 14819945 7709
688 0 22522637 0
689 0 21506626 0
690 0 21130042 0
691 1 1195780 754
692 0 18833795 0
693 1 8209065 4244
694 0 19168170 0
695 0 19322714 0
696 0 19634535 0
697 0 18636900 0
698 0 19928261 0
699 0 19659587 0
700 0 19611170 0
701 0 19528921 0
702 0 19802538 0
703 0 20679023 0
704 0 22472895 0
705 1 4169663 2715
706 0 19979869 0
707 1 4589355 2965
708 0 19304280 0
709 0 19310361 0
710 0 18807924 0
711 0 22608240 0
712 0 16408106 0
713 1 10994027 7219
714 0 19418201 0
715 0 19390092 0
716 0 22837540 0
717 0 22526236 0
718 0 20231632 0
719 0 22398753 0
720 0 17846902 0
721 1 8702642 5730
722 1 6049715 3936
723 0 20988354 0
724 0 22275164 0
725 1 13444313 7663
726 0 22572051 0
727 0 20753821 0
728 0 20598092 0
729 0 20514354 0
730 1 13637819 8973
731 1 15384442 7567
732 0 19524370 0
733 0 20708159 0
734 0 21909347 0
735 0 21445900 0
736 1 12485100 5999
737 1 12463316 8145
738 0 22817275 0
739 0 21770083 0
740 1 16248726 6778
741 0 20565301 0
742 0 22578620 0
743 0 20000186 0
744 0 21508723 0
745 1 3873671 2512
746 0 20153175 0
747 0 22288262 0
748 0 22597981 0
749 0 22534615 0
750 0 21722065 0
751 0 19492031 0
752 0 19779737 0
753 1 10204800 6671
754 0 20458838 0
755 0 19867874 0
756 0 17163373 0
757 1 13462873 8764
758 0 19712126 0
759 1 13627507 8958
760 0 18714962 0
761 0 19011863 0
762 0 19061075 0
763 0 16772906 0
764 0 18977016 0
765 0 19572130 0
766 0 20001812 0
767 1 10252936 6758
768 0 19440234 0
769 0 19133732 0
770 1 2643244 1713
771 0 18831119 0
772 0 19273898 0
773 0 19365701 0
774 1 2498820 1611
775 0 20525945 0
776 1 16702824 8995
777 0 19339818 0
778 0 15456586 0
779 0 19660680 0
780 0 19753636 0
781 0 19127443 0
782 1 4415727 1902
783 1 7511814 4940
784 0 15434992 0
785 1 6201080 4074
786 0 21848323 0
787 0 15413836 0
788 0 20176093 0
789 1 5906581 3861
790 1 8798164 5334
791 0 19884274 0
792 1 293610 190
793 0 19594497 0
794 0 19495188 0
795 0 16135935 0
796 1 8339884 5440
797 0 19378051 0
798 1 10433642 6826
799 0 19183642 0
800 0 18664367 0
801 0 19603917 0
802 0 20729097 0
803 0 15427105 0
804 0 19880840 0
805 1 9524003 4957
806 1 17024951 8824
807 1 11670744 7592
808 0 15401674 0
809 1 7245643 4697
810 1 8516011 5610
811 0 17919589 0
812 1 5235682 3435
813 0 20858815 0
814 0 15447320 0
815 1 2633791 1185
816 1 9947364 5156
817 1 8159506 5335
818 0 18897623 0
819 0 19208308 0
820 0 19533435 0
821 1 2887864 1877
822 1 9143095 4565
823 0 19926824 0
824 0 19161997 0
825 1 13153231 8583
826 0 20554094 0
827 1 6108940 3989
828 0 20525528 0
829 0 22132188 0
830 0 21025362 0
831 1 14889036 9710
832 0 19854777 0
833 1 12843693 6206
834 0 19296988 0
835 0 17314663 0
836 1 2425853 1584
837 0 19120669 0
838 0 19062475 0
839 0 19457591 0
840 1 9214343 6034
841 0 21554813 0
842 1 5151525 2080
843 0 18500575 0
844 0 19070580 0
845 0 19031889 0
846 0 19244092 0
847 1 1817580 855
848 0 18641437 0
849 0 18775425 0
850 0 15447615 0
851 0 20183820 0
852 0 15419175 0
853 0 20245825 0
854 0 19626836 0
855 1 12381205 5567
856 0 18961069 0
857 0 21521587 0
858 0 21942954 0
859 0 22451774 0
860 0 21869968 0
861 1 5714758 3752
862 0 21546786 0
863 1 13182065 5930
864 1 5983636 3927
865 1 7379761 4847
866 1 5190381 2742
867 1 9208074 4464
868 0 19537599 0
869 0 18758609 0
870 0 19570899 0
871 1 6054949 3964
872 0 19625104 0
873 0 19805268 0
874 0 19464220 0
875 0 22355475 0
876 0 19072089 0
877 0 19341662 0
878 0 15423543 0
879 1 658510 315
880 0 18937217 0
881 0 20205388 0
882 0 18682139 0
883 0 19733799 0
884 1 1737633 1005
885 1 6683849 4225
886 0 20881398 0
887 0 18794380 0
888 1 11269422 5518
889 0 19949169 0
890 1 12542847 5794
891 0 19105407 0
892 1 6372482 4166
893 0 19022585 0
894 0 22346812 0
895 0 20639169 0
896 0 22729878 0
897 1 2766056 1820
898 1 11554395 4458
899 1 3227677 1200
900 1 12650152 5546
901 0 19884830 0
902 0 21493152 0
903 1 6565415 4286
904 0 20224767 0
905 0 19150995 0
906 1 2669058 1342
907 1 9250826 6032
908 0 19988513 0
909 0 19948984 0
910 1 1991011 1298
911 0 19821241 0
912 0 19373278 0
913 0 21591486 0
914 0 21034367 0
915 0 22106389 0
916 0 20712844 0
917 1 4398913 2821
918 0 20693221 0
919 0 19667969 0
920 0 22033786 0
921 1 8203318 5388
922 0 20438319 0
923 0 20176965 0
924 0 20351973 0
925 1 7825134 2854
926 0 19695501 0
927 0 15468612 0
928 1 16185551 8992
929 0 18556060 0
930 1 14782852 9646
931 0 18866399 0
932 0 19806009 0
933 1 12091424 6350
934 1 14027891 8554
935 1 11343706 7390
936 0 18936713 0
937 0 15438831 0
938 0 19379399 0
939 0 20218121 0
940 1 10164919 6651
941 1 9424319 4999
942 0 16932688 0
943 0 19573865 0
944 0 19641491 0
945 0 19515292 0
946 0 19498606 0
947 0 21029530 0
948 1 9338230 6090
949 1 15223755 9997
950 1 8872706 5416
951 0 18626769 0
952 1 14680416 9568
953 1 16173685 8435
954 0 19265893 0
955 0 22176362 0
956 0 19889075 0
957 0 19070701 0
958 1 13898027 6119
959 0 18154349 0
960 0 20443256 0
961 0 19671562 0
962 0 15431421 0
963 0 19826041 0
964 0 19098076 0
965 0 15411245 0
966 1 3440996 1972
967 0 19930971 0
968 0 21391453 0
969 0 19847170 0
970 1 7631449 4958
971 1 12784288 8229
972 1 14581123 5289
973 1 4195163 1909
974 1 8607719 3886
975 1 2915957 1445
976 0 17673800 0
977 0 19165716 0
978 0 15427624 0
979 1 214276 129
980 0 19574714 0
981 1 9877862 6495
982 0 19124508 0
983 0 19555203 0
984 0 20012738 0
985 1 17217592 9218
986 1 1655242 728
987 0 19619792 0
988 0 21367855 0
989 0 21152088 0
990 0 19346022 0
991 0 19492150 0
992 0 19128403 0
993 1 12302691 8035
994 0 19539622 0
995 1 15353390 7609
996 0 19091325 0
997 0 20169393 0
998 0 19427836 0
999 0 19645328 0
1000 0 19395412 0
1001 0 20278396 0
1002 0 19271822 0
1003 0 19575706 0
1004 1 4869720 3173
1005 0 21086479 0
1006 0 21892876 0
1007 0 19812911 0
1008 1 6930925 3383
1009 0 19108773 0
1010 0 15421412 0
1011 1 13457645 6634
1012 0 20747076 0
1013 1 6686742 3487
1014 1 14079845 6866
1015 1 10042894 6592
1016 1 12080888 6875
1017 0 19993050 0
1018 0 20300352 0
1019 1 16721684 8878
1020 1 8056939 4099
1021 0 19398185 0
1022 0 18611390 0
1023 1 11995004 7808
1024 0 19804619 0
1025 1 14058055 7156
1026 0 20154213 0
1027 0 19778395 0
1028 0 15410132 0
1029 0 19524407 0
1030 0 19499372 0
1031 0 18939104 0
1032 0 19582047 0
1033 1 3888377 2536
1034 1 6174825 4060
1035 0 19956585 0
1036 1 6490289 4233
1037 1 2678066 1383
1038 1 12210431 6497
1039 0 19947735 0
1040 0 16974221 0
1041 0 18893370 0
1042 0 22287427 0
1043 1 14927721 9808
1044 0 19996056 0
1045 0 19565203 0
1046 0 19224459 0
1047 0 18823723 0
1048 1 5652105 3688
1049 0 18702978 0
1050 0 17659479 0
1051 1 11650336 7606
1052 1 5245345 3423
1053 1 12209953 7966
1054 1 15515609 7806
1055 1 7975751 5217
1056 1 3661227 2296
1057 0 19733070 0
1058 0 20014713 0
1059 0 21534078 0
1060 1 11990022 5936
1061 0 19531426 0
1062 0 22733451 0
1063 0 20035827 0
1064 0 19742628 0
1065 0 19154636 0
1066 0 15455806 0
1067 0 19488340 0
1068 0 19678144 0
1069 1 9727972 5563
1070 0 19349885 0
1071 1 18025807 9004
1072 1 1041509 665
1073 0 20871076 0
1074 0 20333416 0
1075 0 20022098 0
1076 0 21753955 0
1077 1 14959513 9743
1078 1 2766837 1806
1079 0 18882902 0
1080 1 7328598 4531
1081 0 19463905 0
1082 0 19899083 0
1083 0 18994466 0
1084 1 8242042 4190
1085 0 19245801 0
1086 0 19348640 0
1087 0 19754711 0
1088 0 15444511 0
1089 0 19395593 0
1090 0 19404068 0
1091 0 21956091 0
1092 0 18687509 0
1093 0 19377227 0
1094 0 21970678 0
1095 0 20511740 0
1096 0 22149187 0
1097 0 22555082 0
1098 0 15427326 0
1099 1 7034841 4619
1100 0 19898768 0
1101 0 15466147 0
1102 1 4850550 2716
1103 1 4839391 3187
1104 0 19240455 0
1105 0 15435152 0
1106 0 20814327 0
1107 1 10974435 3948
1108 0 20087650 0
1109 0 18733926 0
1110 0 15420726 0
1111 1 14873319 8540
1112 0 19325898 0
1113 0 19692435 0
1114 0 18844694 0
1115 0 18827129 0
1116 1 2836118 1841
1117 0 20311848 0
1118 1 13697956 8998
1119 0 18674137 0
1120 0 18495360 0
1121 0 19419830 0
1122 1 10381867 5163
1123 0 19721259 0
1124 0 21827584 0
1125 0 20781429 0
1126 0 19711988 0
1127 0 21879763 0
1128 1 9746106 3933
1129 1 18485043 9983
1130 1 81595 50
1131 1 3914863 2551
1132 0 19389936 0
1133 0 19628725 0
1134 0 20300512 0
1135 0 20227409 0
1136 0 15420450 0
1137 0 19493357 0
1138 1 582432 379
1139 0 18994076 0
1140 0 19191965 0
1141 0 19114237 0
1142 1 9819036 5036
1143 0 22105671 0
1144 0 22550016 0
1145 0 19290286 0
1146 1 14918253 9782
1147 0 20319376 0
1148 1 12364513 8084
1149 0 19108675 0
1150 0 20654796 0
1151 0 22136752 0
1152 0 22184841 0
1153 0 21838031 0
1154 0 22291152 0
1155 1 11235528 7326
1156 0 20136079 0
1157 0 19242251 0
1158 0 20197602 0
1159 0 21731418 0
1160 0 22691340 0
1161 0 22732689 0
1162 1 5889210 1937
1163 0 21007084 0
1164 0 15398333 0
1165 1 5698252 3743
1166 0 19352454 0
1167 0 19981201 0
1168 0 19193187 0
1169 0 19622192 0
1170 0 19318182 0
1171 1 5426379 3566
1172 0 19077913 0
1173 0 19510207 0
1174 0 19697220 0
1175 0 19589074 0
1176 0 15433659 0
1177 0 15410046 0
1178 0 19632902 0
1179 0 19885504 0
1180 1 5407037 3555
1181 0 19486345 0
1182 1 16737490 9915
1183 0 19068544 0
1184 0 15417536 0
1185 1 5442524 2743
1186 1 12047076 5947
1187 0 19609968 0
1188 0 19983413 0
1189 0 15427493 0
1190 0 20267842 0
1191 0 15699137 0
1192 1 13862497 5384
1193 0 19715358 0
1194 1 6074684 3937
1195 0 16651863 0
1196 0 22247334 0
1197 1 6852303 4383
1198 1 13626654 8971
1199 0 20613555 0
0 0 15481429 0
1 1 7342419 3448
2 1 3533758 2306
3 1 15724274 8278
4 0 19506347 0
5 0 20702813 0
6 0 22116671 0
7 0 19283901 0
8 1 11911460 7312
9 0 22703889 0
10 0 19839147 0
11 0 20266856 0
12 0 20707854 0
13 0 19590388 0
14 0 15455920 0
15 1 4330537 2833
16 0 19409352 0
17 0 22641336 0
18 0 19128786 0
19 0 15418779 0
20 0 19499503 0
21 0 18989810 0
22 1 14852731 9665
23 0 22318686 0
24 1 6167466 3259
25 0 19910115 0
26 0 21978037 0
27 0 22030360 0
28 0 19969184 0
29 1 8047451 5297
30 0 20328824 0
31 0 15404552 0
32 1 8030508 4818
33 0 20097674 0
34 0 22079388 0
35 1 15708630 8123
36 0 20292687 0
37 1 12150484 7992
38 1 462452 290
39 0 19381141 0
40 0 19745195 0
41 0 19680496 0
42 1 12398601 8058
43 0 22816363 0
44 0 20070082 0
45 0 15424861 0
46 1 5227879 3153
47 0 21491232 0
48 0 19161791 0
49 0 15434510 0
50 0 18944016 0
51 0 19378013 0
52 0 19064418 0
53 0 19558358 0
54 1 7443741 3829
55 0 18970362 0
56 0 19481176 0
57 0 20156533 0
58 0 20030999 0
59 1 4303962 2038
60 0 19753036 0
61 0 18337846 0
62 1 13058500 8575
63 0 21671492 0
64 0 22059064 0
65 0 20272241 0
66 0 19491955 0
67 0 21779960 0
68 0 15424427 0
69 0 18845350 0
70 0 21788680 0
71 0 18961495 0
72 0 20147404 0
73 0 20856130 0
74 0 20323992 0
75 1 10554920 5130
76 0 19810806 0
77 0 22640756 0
78 0 22699846 0
79 1 1501245 980
80 0 21730202 0
81 1 22150694 9835
82 1 11445490 7465
83 0 20299159 0
84 0 22195545 0
85 0 18992101 0
86 0 22554900 0
87 0 21841537 0
88 0 21094745 0
89 0 22699006 0
90 1 8213726 5363
91 0 20230621 0
92 0 19877098 0
93 0 20649489 0
94 1 12354508 8069
95 1 4796922 2334
96 0 19722237 0
97 1 5893896 2835
98 0 19705165 0
99 1 1464925 796
100 1 3184775 2078
101 0 19435130 0
102 1 18040833 9973
103 0 21983652 0
104 1 4357773 2867
105 0 19505118 0
106 0 19357305 0
107 1 465072 296
108 0 19218294 0
109 0 19795538 0
110 0 20028306 0
111 0 20534438 0
112 0 19956565 0
113 0 19019871 0
114 0 20943592 0
115 1 8849864 4372
116 0 20034835 0
117 0 21728266 0
118 0 20121357 0
119 1 11233267 4707
120 0 20778189 0
121 0 19568478 0
122 1 16551653 9086
123 1 5327428 3442
124 0 15488212 0
125 0 15427986 0
126 0 18870105 0
127 0 18823136 0
128 0 19859044 0
129 0 22810679 0
130 1 11399951 7507
131 0 17925059 0
132 0 21706182 0
133 1 8365691 5400
134 0 16059504 0
135 0 19822034 0
136 0 22019972 0
137 0 20621220 0
138 1 13083745 8494
139 0 20875027 0
140 0 15429599 0
141 0 22716844 0
142 1 13586865 8918
143 0 19345026 0
144 0 20300744 0
145 1 755570 475
146 1 1259844 825
147 0 19399614 0
148 0 19308877 0
149 0 20179233 0
150 0 19505371 0
151 1 10543769 5107
152 0 19676301 0
153 1 11185632 6524
154 0 18848556 0
155 0 19509046 0
156 0 20524414 0
157 0 15418150 0
158 0 16855630 0
159 0 19923205 0
160 1 10590213 6948
161 0 21754925 0
162 0 22497549 0
163 0 22503982 0
164 0 22122652 0
165 0 15427512 0
166 0 19557963 0
167 0 15428159 0
168 1 17206895 8446
169 0 18838172 0
170 0 22718078 0
171 0 21681770 0
172 0 22275035 0
173 1 624219 404
174 0 21971657 0
175 1 10614474 5055
176 1 7812420 5101
177 0 15487068 0
178 0 19046781 0
179 0 19546446 0
180 1 8124592 5312
181 0 18816506 0
182 0 21528897 0
183 0 20205492 0
184 0 22700679 0
185 0 15404176 0
186 1 12577810 8199
187 0 19940728 0
188 1 9598808 3162
189 0 22695894 0
190 1 11638104 6900
191 1 4457114 2942
192 1 8457264 5526
193 1 2154091 1406
194 1 3186130 1369
195 0 19307291 0
196 0 19334625 0
197 0 20922948 0
198 0 19283489 0
199 0 20029496 0
200 0 20300000 0
201 1 1910440 1255
202 0 18991781 0
203 0 22703918 0
204 1 4755840 3098
205 0 19989007 0
206 1 5788515 3820
207 1 12667426 8257
208 0 20214958 0
209 0 20560638 0
210 0 19789367 0
211 0 21505682 0
212 0 15453988 0
213 0 19038555 0
214 0 19480234 0
215 0 20670838 0
216 1 14162665 9325
217 0 22188485 0
218 1 6464605 4202
219 0 20301793 0
220 1 16815408 9709
221 0 19458468 0
222 0 19910992 0
223 1 11715927 7653
224 0 22474650 0
225 0 20723553 0
226 0 19285112 0
227 1 9041703 5894
228 0 22001827 0
229 0 20806966 0
230 0 19682473 0
231 0 15401153 0
232 0 19704013 0
233 0 19158231 0
234 0 20313943 0
235 0 19576276 0
236 0 15442450 0
237 0 19688040 0
238 0 21492603 0
239 0 19967359 0
240 1 1049025 686
241 0 19657365 0
242 0 20894315 0
243 0 15420844 0
244 0 19305617 0
245 1 1757388 801
246 1 14642487 8422
247 0 20162351 0
248 0 18916940 0
249 1 14046335 6129
250 1 16376723 9658
251 0 20431458 0
252 0 22667534 0
253 1 7529895 4959
254 0 19962251 0
255 1 4441316 2835
256 0 19269307 0
257 1 8478019 5546
258 0 20091782 0
259 0 20140224 0
260 1 14954079 7439
261 0 19604946 0
262 0 19089126 0
263 0 22230819 0
264 0 20017711 0
265 1 9316220 5046
266 1 8170416 4173
267 1 15952566 8490
268 1 2674764 1564
269 1 11832078 4819
270 0 20927237 0
271 1 7756301 5066
272 1 13057975 8458
273 1 839413 527
274 0 19649647 0
275 1 15124975 9864
276 0 19549734 0
277 1 3131778 2035
278 0 19636109 0
279 0 19610653 0
280 1 762919 494
281 1 8226008 5422
282 1 5186826 3410
283 0 22543791 0
284 0 15436843 0
285 0 20929457 0
286 0 22569097 0
287 0 20174731 0
288 1 4422911 2877
289 0 20656926 0
290 1 12171161 8027
291 0 20121628 0
292 0 21003753 0
293 0 19465257 0
294 0 18937027 0
295 1 3672125 1647
296 0 18659647 0
297 0 20023567 0
298 0 21576338 0
299 0 15395846 0
300 1 2044193 1332
301 0 20341216 0
302 0 20432859 0
303 1 12830804 8364
304 0 19487370 0
305 1 1643343 1067
306 0 22727413 0
307 0 19879665 0
308 1 3593234 2341
309 0 19555720 0
310 0 19924797 0
311 1 7119698 4646
312 0 18686265 0
313 1 8286704 4197
314 0 19705051 0
315 0 19209285 0
316 0 19305562 0
317 0 19669877 0
318 0 19046976 0
319 1 11435151 7503
320 0 20512683 0
321 0 20219011 0
322 0 22290673 0
323 0 20229117 0
324 0 19802362 0
325 1 12919913 8504
326 0 19029521 0
327 0 21331568 0
328 1 6226137 2032
329 0 20216956 0
330 0 22580212 0
331 0 22832219 0
332 1 13419844 8718
333 0 21213772 0
334 0 22538445 0
335 1 9950464 6545
336 0 20179803 0
337 0 22791514 0
338 0 20849882 0
339 0 21389183 0
340 0 21548633 0
341 0 19436092 0
342 0 21501886 0
343 1 3494533 1476
344 1 6034820 3274
345 1 12727808 6433
346 0 19228366 0
347 0 19904906 0
348 1 7566912 3573
349 0 19549910 0
350 0 15844246 0
351 1 13669792 9004
352 1 1755293 1135
353 0 22330985 0
354 0 15408697 0
355 0 15419032 0
356 0 22802041 0
357 1 6720116 4422
358 0 21712227 0
359 1 10917002 7168
360 1 6988207 2273
361 1 18051892 8300
362 0 19210181 0
363 0 20298585 0
364 0 20261861 0
365 0 15427519 0
366 1 6375108 4193
367 1 948730 434
368 0 19703619 0
369 0 22550078 0
370 1 11811831 6126
371 1 13121 6
372 0 22297730 0
373 0 20612200 0
374 0 19353280 0
375 0 20263849 0
376 0 17925592 0
377 1 7985690 4408
378 0 19846346 0
379 0 19852532 0
380 0 19488436 0
381 1 4443311 2319
382 0 19466495 0
383 0 20083589 0
384 1 19436950 9835
385 0 22813858 0
386 1 12465212 4777
387 0 20787787 0
388 0 15398581 0
389 0 20090892 0
390 0 22701932 0
391 1 14946259 8869
392 0 19792356 0
393 0 15446144 0
394 0 19397000 0
395 0 19369647 0
396 0 20180635 0
397 0 22585842 0
398 0 20556177 0
399 1 20165751 9855
400 0 20886990 0
401 0 21511339 0
402 0 21521417 0
403 1 5836244 3771
404 0 17776462 0
405 0 22237689 0
406 0 15473943 0
407 0 18684387 0
408 0 19319640 0
409 0 19993412 0
410 0 15440797 0
411 0 18800333 0
412 0 19644948 0
413 0 19263762 0
414 0 19021149 0
415 0 20622645 0
416 0 19344539 0
417 0 19273952 0
418 0 19342429 0
419 0 21857848 0
420 1 1569345 658
421 0 18910101 0
422 0 20788648 0
423 0 20356136 0
424 0 15420074 0
425 0 19498642 0
426 1 2387796 1551
427 0 20153983 0
428 0 20130503 0
429 1 12574284 7002
430 0 21021040 0
431 0 19034616 0
432 0 21164086 0
433 0 20428992 0
434 0 20040315 0
435 0 21755842 0
436 0 20059980 0
437 0 21930671 0
438 0 19136987 0
439 1 3281963 2139
440 1 4479021 2704
441 1 5149296 3128
442 0 19015516 0
443 0 19591859 0
444 0 19814425 0
445 1 7706818 5034
446 0 19378114 0
447 1 5040782 3326
448 0 22035117 0
449 0 21752282 0
450 0 15431087 0
451 0 20411389 0
452 0 21919786 0
453 1 3683060 1688
454 1 11548684 5106
455 0 20768793 0
456 0 19967458 0
457 0 19855440 0
458 1 13736024 8957
459 1 9220022 6011
460 0 20561156 0
461 1 15143526 9906
462 0 22516681 0
463 1 2219858 1407
464 0 20184784 0
465 1 2328335 1531
466 0 19385145 0
467 1 954561 619
468 0 21008197 0
469 1 15000104 7573
470 0 19414478 0
471 1 5477644 2712
472 0 19329649 0
473 1 4764623 1805
474 0 19343320 0
475 0 19735577 0
476 0 19430214 0
477 1 9592917 6266
478 0 22389665 0
479 0 20811142 0
480 0 21085688 0
481 1 15081995 9953
482 1 3398052 2223
483 1 7726891 5063
484 0 20419805 0
485 0 21955748 0
486 1 6329255 4163
487 0 21313964 0
488 0 15645035 0
489 0 20956581 0
490 0 20097711 0
491 0 17020463 0
492 0 20959662 0
493 0 19298853 0
494 0 20932729 0
495 1 1687540 1104
496 0 19843879 0
497 0 19722785 0
498 0 19878037 0
499 1 9758002 5514
500 0 19374411 0
501 1 12470746 8155
502 1 3788272 2456
503 0 22407658 0
504 0 15419910 0
505 1 18476381 8728
506 0 20051568 0
507 0 19917716 0
508 0 21124837 0
509 1 9621964 3982
510 0 18788945 0
511 0 19691355 0
512 1 4771070 2542
513 0 19746885 0
514 0 15452717 0
515 0 20437765 0
516 1 14659819 7473
517 0 19188767 0
518 1 16789139 8689
519 0 19170285 0
520 1 15072214 9848
521 0 21829039 0
522 1 6447787 4206
523 1 7454384 4878
524 0 20723352 0
525 1 7760521 4949
526 1 3726198 2433
527 0 19523920 0
528 1 7241083 4766
529 1 2272986 1484
530 0 19878579 0
531 1 14075994 9163
532 1 1121611 564
533 1 13220967 7747
534 1 6467497 3496
535 1 12970101 6893
536 0 20247985 0
537 0 18990147 0
538 0 20235276 0
539 1 272162 170
540 0 19656613 0
541 0 15447344 0
542 0 19802907 0
543 0 19623926 0
544 0 22484123 0
545 0 21119659 0
546 0 22210462 0
547 0 19151726 0
548 1 6204876 2251
549 1 17493614 9699
550 0 19035531 0
551 0 22656667 0
552 0 15421545 0
553 0 21171572 0
554 0 22399271 0
555 1 392344 250
556 0 20404683 0
557 0 19340721 0
558 0 19652857 0
559 0 20658374 0
560 1 11496502 6263
561 1 1256348 697
562 0 19521885 0
563 0 22647872 0
564 1 5989148 3935
565 0 21924738 0
566 1 4758446 2961
567 0 22652013 0
568 0 20220848 0
569 0 21070301 0
570 0 22253184 0
571 0 22544978 0
572 1 12415057 7944
573 0 22590876 0
574 0 20510190 0
575 0 20523269 0
576 0 20719984 0
577 1 17643756 8239
578 1 9071725 4473
579 1 13107101 6366
580 0 19411732 0
581 1 15144114 9878
582 0 19394508 0
583 1 7396366 4829
584 0 19167104 0
585 0 20710756 0
586 0 15415975 0
587 1 8575475 5031
588 1 14204414 9264
589 1 17504114 8386
590 1 10395638 6790
591 1 13667375 8924
592 0 22482429 0
593 1 1250163 817
594 0 20368873 0
595 0 20991640 0
596 0 15433952 0
597 0 21087822 0
598 0 19261071 0
599 1 2161746 1410
600 0 19228916 0
601 0 22583408 0
602 1 233999 142
603 0 15430288 0
604 1 14536364 9493
605 0 20467222 0
606 0 15424555 0
607 0 20275660 0
608 0 19510299 0
609 0 21463049 0
610 0 19855428 0
611 1 1861685 1226
612 0 19765833 0
613 0 22230344 0
614 0 15476486 0
615 1 5881218 1998
616 0 21004114 0
617 0 20340761 0
618 0 20827024 0
619 0 21015073 0
620 0 20319405 0
621 1 4887106 3192
622 0 19583070 0
623 0 19903796 0
624 0 19192189 0
625 1 9824719 5218
626 0 18825539 0
627 0 19816860 0
628 1 5529109 3609
629 0 19965174 0
630 1 8974832 5859
631 0 19444238 0
632 0 19532615 0
633 0 19769794 0
634 0 15450685 0
635 0 19712791 0
636 0 19278999 0
637 0 21365397 0
638 0 20327524 0
639 0 19849943 0
640 0 19644879 0
641 0 20261281 0
642 0 20126573 0
643 0 19338567 0
644 0 18514051 0
645 0 21316171 0
646 1 6151930 2702
647 1 9783004 6379
648 0 19195180 0
649 1 7981897 5201
650 0 19073493 0
651 0 19320107 0
652 0 21452145 0
653 0 19714663 0
654 1 8729679 5472
655 0 22331959 0
656 1 3628571 2389
657 0 19950967 0
658 1 8741415 5135
659 0 19699889 0
660 0 22168937 0
661 0 19328254 0
662 0 19976736 0
663 1 9420900 3861
664 0 15439369 0
665 0 21417662 0
666 0 19773400 0
667 0 19601520 0
668 0 20300936 0
669 0 18862702 0
670 0 18957761 0
671 1 15045354 9820
672 1 17844559 8813
673 0 20338333 0
674 1 4102822 2643
675 0 22730819 0
676 0 20587429 0
677 0 21305145 0
678 0 20731976 0
679 1 10212701 6659
680 0 20067241 0
681 0 20523182 0
682 1 14913903 8462
683 0 19548328 0
684 1 1814559 1182
685 1 10525091 6916
686 0 20305421 0
687 1 9466063 4855
688 0 15454873 0
689 0 19381157 0
690 1 12541001 8204
691 0 19744750 0
692 0 19177605 0
693 0 22222321 0
694 1 15035200 9903
695 0 18691028 0
696 0 22079248 0
697 0 15417362 0
698 0 21707175 0
699 0 19708338 0
700 1 17635018 8952
701 0 21339760 0
702 0 19752062 0
703 0 22071980 0
704 0 15446568 0
705 0 19072208 0
706 0 19895537 0
707 1 11589134 6751
708 0 19802876 0
709 1 419022 185
710 0 19599410 0
711 1 12857637 7118
712 1 11567756 6323
713 1 12726614 6856
714 0 15430142 0
715 0 19818968 0
716 1 3140462 1854
717 0 19153096 0
718 0 15465037 0
719 0 19883518 0
720 0 18546889 0
721 0 19394986 0
722 1 2052665 1100
723 1 6104632 3984
724 1 9982429 4765
725 0 19116237 0
726 0 15423599 0
727 0 20044948 0
728 0 19206289 0
729 0 19257386 0
730 0 18865716 0
731 0 19261169 0
732 0 21342817 0
733 1 15727954 8177
734 0 15459197 0
735 0 20109979 0
736 0 22639635 0
737 0 21160716 0
738 0 20430668 0
739 1 11855837 5875
740 0 19749812 0
741 0 19120838 0
742 0 18486811 0
743 1 16534840 8127
744 0 18812590 0
745 0 20053357 0
746 0 19049877 0
747 0 18632968 0
748 1 9975107 6173
749 0 20645854 0
750 1 9237897 6012
751 1 1260840 822
752 1 14423207 9422
753 1 3331297 2166
754 0 19491379 0
755 1 12468638 5567
756 1 11496395 7475
757 0 22722395 0
758 0 19958002 0
759 0 22477716 0
760 1 4850459 2057
761 0 21011104 0
762 0 15428957 0
763 0 19385051 0
764 0 21266619 0
765 1 14288855 7088
766 0 15434841 0
767 1 751308 487
768 0 20009157 0
769 1 3383448 1636
770 0 19152149 0
771 0 19300065 0
772 0 19635391 0
773 0 19815149 0
774 0 19685947 0
775 0 18980693 0
776 1 12397239 8084
777 0 19269127 0
778 0 20263040 0
779 0 15451391 0
780 0 19442501 0
781 0 15445633 0
782 0 22693739 0
783 1 302921 191
784 0 20932068 0
785 1 12694799 4192
786 0 22165801 0
787 1 12537778 8256
788 0 20438659 0
789 1 12424206 5937
790 1 6863412 3034
791 0 22784567 0
792 1 14720877 9552
793 0 18697044 0
794 0 18951812 0
795 0 18707074 0
796 0 19727565 0
797 0 19300728 0
798 1 1007655 652
799 1 17351819 9122
800 0 15424756 0
801 0 20323300 0
802 1 10593171 5063
803 1 4411606 2242
804 1 16653405 9031
805 0 22584790 0
806 0 22379776 0
807 0 19816539 0
808 0 19715126 0
809 0 19037508 0
810 0 19186104 0
811 1 17102483 6940
812 0 20309571 0
813 0 19383425 0
814 0 20017559 0
815 1 1094101 713
816 0 19200708 0
817 0 19161249 0
818 0 20161611 0
819 0 19293581 0
820 1 13016617 8561
821 0 19594638 0
822 0 19772644 0
823 0 18757463 0
824 0 22710451 0
825 0 20602029 0
826 1 903704 591
827 1 13465957 8868
828 0 22311202 0
829 1 11226818 7381
830 0 22791866 0
831 1 4854598 3132
832 0 22311803 0
833 1 10493903 6812
834 0 20181749 0
835 0 19354854 0
836 0 15472860 0
837 0 22596207 0
838 0 20622044 0
839 0 20937273 0
840 0 20138016 0
841 1 19074286 7863
842 0 22787908 0
843 0 18875017 0
844 0 19743142 0
845 0 20229057 0
846 0 18519318 0
847 0 21258117 0
848 1 13120075 4928
849 0 18848888 0
850 0 19117494 0
851 0 19801532 0
852 1 739952 480
853 0 22702378 0
854 0 22578827 0
855 0 19556716 0
856 0 15402944 0
857 0 22695980 0
858 0 20896800 0
859 0 22659116 0
860 0 22702152 0
861 0 21775258 0
862 0 20826452 0
863 1 14860939 7001
864 0 21014256 0
865 0 21489292 0
866 0 19884443 0
867 1 12926469 8417
868 0 19724119 0
869 1 11218825 5947
870 0 21955682 0
871 0 20036832 0
872 0 19400668 0
873 0 18801274 0
874 0 19347505 0
875 1 1254327 806
876 0 19154000 0
877 1 9506367 6216
878 0 20235158 0
879 1 13999820 6292
880 1 10566773 6898
881 0 20209908 0
882 1 5537049 2898
883 1 12150234 6207
884 1 18106270 9344
885 0 18938375 0
886 0 21701843 0
887 1 15831524 9389
888 0 15453653 0
889 1 694497 450
890 0 19237109 0
891 1 9580564 6257
892 0 15447885 0
893 0 19279854 0
894 0 20119413 0
895 0 18972944 0
896 0 22050917 0
897 1 6261723 4087
898 0 22485838 0
899 1 15038821 9775
900 0 19044956 0
901 0 22301157 0
902 0 20454696 0
903 1 10543723 6875
904 0 19442663 0
905 1 19213915 9532
906 0 19978467 0
907 1 3084748 1629
908 0 15433506 0
909 0 21059866 0
910 1 5110728 3365
911 1 3940832 1955
912 0 18480630 0
913 1 7642065 4375
914 1 1768542 608
915 0 22691736 0
916 0 22698827 0
917 0 21914265 0
918 0 15425279 0
919 0 21705330 0
920 1 1242309 802
921 0 19424132 0
922 0 19380329 0
923 1 17988918 9110
924 0 22081470 0
925 0 19509203 0
926 0 19365865 0
927 1 7774837 5115
928 0 15714098 0
929 0 22688922 0
930 0 22798613 0
931 1 41259 10
932 1 5299620 3491
933 0 20449151 0
934 0 19882651 0
935 0 20046670 0
936 1 4260005 2681
937 0 22226057 0
938 0 20719896 0
939 0 20466756 0
940 0 19878330 0
941 0 21085992 0
942 1 9699080 6373
943 1 6631537 4356
944 1 6501250 4258
945 1 3031510 1993
946 0 19866083 0
947 1 6574686 4250
948 0 22046609 0
949 0 22785382 0
950 0 22795853 0
951 0 22783140 0
952 0 20923615 0
953 0 19537619 0
954 1 10683534 6011
955 1 15422080 9913
956 0 19237461 0
957 0 18826510 0
958 0 15440590 0
959 0 18491017 0
960 1 7626242 3925
961 1 2727159 1374
962 0 18825769 0
963 0 19962263 0
964 0 19257852 0
965 0 18757762 0
966 1 7917952 4571
967 0 15468942 0
968 0 20472085 0
969 1 3306286 2150
970 0 15421690 0
971 1 17424851 9106
972 0 19265800 0
973 0 18742916 0
974 1 11516589 7509
975 0 22153853 0
976 1 113562 68
977 1 11249810 7348
978 0 19517749 0
979 1 14301391 9327
980 0 18926972 0
981 0 19998977 0
982 0 20171532 0
983 0 22346647 0
984 0 21392215 0
985 1 3531357 2302
986 0 19800225 0
987 0 19719689 0
988 0 19582902 0
989 1 8568004 3588
990 0 20029176 0
991 1 6181451 4023
992 1 912952 594
993 0 19185224 0
994 0 20670667 0
995 1 4882420 2628
996 0 19262514 0
997 0 21900136 0
998 0 22098280 0
999 0 22704330 0
1000 1 2559779 1668
1001 0 21780871 0
1002 0 19982599 0
1003 1 5224371 3442
1004 1 6053501 3953
1005 0 21975980 0
1006 1 14760131 9521
1007 0 22030993 0
1008 0 21760132 0
1009 0 15463091 0
1010 0 19556668 0
1011 1 5026067 3247
1012 0 20282252 0
1013 0 21399089 0
1014 0 20505106 0
1015 0 19724224 0
1016 1 11401588 7384
1017 0 20466278 0
1018 1 5705976 2590
1019 0 19123142 0
1020 0 20171796 0
1021 0 19824066 0
1022 1 3557950 2345
1023 0 19099467 0
1024 1 7186527 4599
1025 0 18831384 0
1026 1 3139534 1935
1027 0 21601166 0
1028 0 19650850 0
1029 0 22126123 0
1030 0 20789837 0
1031 0 19892998 0
1032 0 15449614 0
1033 0 19221377 0
1034 0 20559703 0
1035 1 4094078 2681
1036 0 15448054 0
1037 0 18543524 0
1038 1 13329152 8691
1039 0 20470495 0
1040 1 13336748 7056
1041 1 2685987 1753
1042 0 19639863 0
1043 0 20211842 0
1044 0 19607817 0
1045 0 22607246 0
1046 1 12193911 7930
1047 0 19506330 0
1048 0 18537990 0
1049 0 22733166 0
1050 1 4439178 2900
1051 0 19546054 0
1052 0 20969760 0
1053 0 20704581 0
1054 0 19283952 0
1055 0 18635532 0
1056 1 4530522 2955
1057 0 19851907 0
1058 1 8005066 5195
1059 0 19818457 0
1060 1 15678120 6294
1061 0 20506813 0
1062 0 20412242 0
1063 0 20801713 0
1064 0 22663219 0
1065 0 22697944 0
1066 0 22708851 0
1067 1 4091316 1868
1068 0 20404260 0
1069 1 2328374 1525
1070 0 20274240 0
1071 0 20484430 0
1072 0 19911942 0
1073 1 959804 627
1074 0 21577572 0
1075 1 299525 194
1076 0 19934795 0
1077 1 13037774 5896
1078 1 6172958 4034
1079 0 18711453 0
1080 0 15404154 0
1081 0 19394035 0
1082 0 19404283 0
1083 0 16997033 0
1084 0 18612197 0
1085 1 12270476 8091
1086 0 19606586 0
1087 0 20185471 0
1088 0 18741033 0
1089 0 19485221 0
1090 0 22801904 0
1091 1 9007451 5889
1092 0 20899706 0
1093 0 21139183 0
1094 1 7687103 4987
1095 1 16045688 8857
1096 0 22845199 0
1097 0 22812842 0
1098 0 22814747 0
1099 0 20753075 0
1100 0 20020570 0
1101 1 4746993 3010
1102 0 15441257 0
1103 0 22786403 0
1104 0 19576894 0
1105 0 19923479 0
1106 0 21691656 0
1107 0 19908948 0
1108 0 19552378 0
1109 0 21840873 0
1110 1 14262597 9305
1111 1 13787774 7360
1112 0 18747497 0
1113 0 20533676 0
1114 0 19296412 0
1115 0 19461553 0
1116 0 19494569 0
1117 0 20256682 0
1118 1 7449956 4827
1119 0 19396548 0
1120 0 18793059 0
1121 0 19620632 0
1122 0 20200446 0
1123 1 11435025 7459
1124 0 21434496 0
1125 1 305225 199
1126 1 17656346 7268
1127 0 20735929 0
1128 1 449193 289
1129 0 19720138 0
1130 0 20188487 0
1131 1 5343544 2969
1132 0 19251722 0
1133 1 7378459 4823
1134 1 13137788 8578
1135 1 9298398 6056
1136 1 16397317 9116
1137 1 2233357 925
1138 0 20327322 0
1139 0 15443633 0
1140 0 20046073 0
1141 1 6038840 3370
1142 0 20037509 0
1143 1 308657 197
1144 0 20169393 0
1145 0 22202234 0
1146 0 19877386 0
1147 0 18785148 0
1148 0 19831861 0
1149 0 20427839 0
1150 1 1099379 716
1151 0 15426681 0
1152 0 19635131 0
1153 0 19263945 0
1154 0 19584789 0
1155 1 14392778 9471
1156 0 19226697 0
1157 0 19407591 0
1158 0 22542482 0
1159 0 18749701 0
1160 1 6657757 4231
1161 0 18475525 0
1162 0 22700008 0
1163 0 22726496 0
1164 0 22270610 0
1165 0 21334118 0
1166 0 22200025 0
1167 0 21985272 0
1168 1 1420557 463
1169 0 21894939 0
1170 0 19490113 0
1171 0 15427170 0
1172 0 19794455 0
1173 1 17499803 8742
1174 0 19785919 0
1175 1 9370010 6104
1176 0 20725873 0
1177 1 3731689 2009
1178 1 4388647 2858
1179 0 21508759 0
1180 0 21847408 0
1181 1 7709802 5061
1182 1 6534568 3382
1183 1 4270505 1990
1184 1 11883092 5829
1185 1 10001668 6050
1186 0 19788352 0
1187 1 16484216 5933
1188 0 21230044 0
1189 0 22721256 0
1190 0 15427322 0
1191 0 20496722 0
1192 1 3032746 1987
1193 0 19592786 0
1194 0 18683224 0
1195 1 5591145 2526
1196 0 19634249 0
1197 0 21711575 0
1198 0 22197212 0
1199 1 10389298 6853
