0 0 15382762 0
1 0 19592276 0
2 1 4910733 3199
3 1 8774179 5733
4 0 22282312 0
5 0 20955351 0
6 0 22695680 0
7 1 347090 145
8 0 20150833 0
9 0 20164465 0
10 0 19496283 0
11 0 20287362 0
12 0 19331167 0
13 0 18395417 0
14 1 5884142 3833
15 1 1311897 764
16 0 21603395 0
17 0 19850807 0
18 1 18255427 9607
19 0 19269354 0
20 1 11286938 7374
21 0 18788518 0
22 1 8209739 5360
23 0 19566299 0
24 1 15902448 7577
25 0 19491287 0
26 1 7071049 4600
27 1 4504674 2135
28 0 20622382 0
29 0 15385007 0
30 0 19961173 0
31 1 2576996 1181
32 1 4504392 2938
33 0 19274465 0
34 1 7690440 4099
35 0 19842380 0
36 0 19912400 0
37 0 19480866 0
38 1 506340 165
39 1 7663069 5003
40 0 18405735 0
41 1 10997440 7160
42 0 15394990 0
43 0 18398897 0
44 0 20391221 0
45 1 16064428 6130
46 0 19619148 0
47 0 19469553 0
48 0 18808620 0
49 0 20560185 0
50 0 19565751 0
51 0 15380766 0
52 0 19702579 0
53 0 18737723 0
54 0 15436424 0
55 0 19552688 0
56 0 22634127 0
57 1 12131581 7952
58 0 22654621 0
59 1 16609506 7374
60 1 15447742 7354
61 0 19430492 0
62 0 22783444 0
63 0 20959210 0
64 0 19519205 0
65 0 15389483 0
66 0 19333800 0
67 1 10051273 6385
68 0 22676414 0
69 1 1546049 1006
70 0 21617861 0
71 0 16782819 0
72 0 21464031 0
73 0 22772898 0
74 1 11755972 7628
75 1 7606321 4191
76 1 13976241 9213
77 0 19757154 0
78 1 1369742 899
79 0 21517968 0
80 0 22422330 0
81 0 22680484 0
82 1 2177722 1104
83 0 22786233 0
84 0 22823750 0
85 0 22662252 0
86 0 21581840 0
87 1 4557534 2990
88 0 15384583 0
89 0 19518580 0
90 0 21657334 0
91 1 1804329 1167
92 0 20923752 0
93 0 19776914 0
94 1 14690034 6875
95 0 19607777 0
96 0 22802403 0
97 0 20720591 0
98 1 12251559 7960
99 1 11665312 6541
100 0 22219220 0
101 0 15396027 0
102 0 20682157 0
103 1 8220882 5406
104 0 15412599 0
105 1 8861442 5832
106 0 19197601 0
107 0 21009756 0
108 0 19609750 0
109 0 15404582 0
110 0 19850270 0
111 0 15386788 0
112 0 18988899 0
113 0 22634552 0
114 0 16189026 0
115 0 21148316 0
116 1 10022508 6582
117 0 20618132 0
118 1 16063406 8233
119 1 11038263 5096
120 0 19855107 0
121 1 6101002 3922
122 0 15840853 0
123 0 22286784 0
124 1 5211446 3430
125 0 20572057 0
126 0 22033341 0
127 0 21969555 0
128 0 21433772 0
129 0 22803748 0
130 1 3599668 2367
131 0 20434500 0
132 0 21645294 0
133 0 22261335 0
134 1 8884506 5840
135 0 20993279 0
136 0 18790252 0
137 0 19007963 0
138 0 18911503 0
139 0 21333528 0
140 0 19226968 0
141 0 20547309 0
142 0 21107178 0
143 1 15437308 8424
144 1 5572014 3635
145 1 1785075 1171
146 0 17896273 0
147 0 18751537 0
148 0 15376487 0
149 0 19477367 0
150 0 19801836 0
151 0 19289180 0
152 1 6079411 3931
153 0 19309881 0
154 0 19241331 0
155 1 3553789 2315
156 1 10891583 5415
157 0 19287239 0
158 0 15534382 0
159 0 19071316 0
160 0 18786552 0
161 1 12572002 8210
162 0 18589452 0
163 1 16052649 5575
164 0 15395364 0
165 0 17515789 0
166 1 10397932 6472
167 1 15710176 8751
168 0 19097956 0
169 1 17767710 9051
170 1 2951136 1695
171 0 19322218 0
172 0 18461371 0
173 0 15420402 0
174 0 19184009 0
175 0 21615543 0
176 0 21921497 0
177 0 22071598 0
178 0 20214079 0
179 0 20762399 0
180 1 14273569 9312
181 0 20233347 0
182 1 13919014 7579
183 1 17925350 8105
184 1 12833196 7682
185 1 2544518 1671
186 0 19380426 0
187 0 20124331 0
188 1 5183481 2351
189 0 19089373 0
190 0 19400990 0
191 0 20731562 0
192 0 20088857 0
193 0 15393607 0
194 1 11451435 7507
195 0 18886266 0
196 0 15389356 0
197 1 7215101 4698
198 0 19198031 0
199 1 3876340 2364
200 0 19370592 0
201 0 22646961 0
202 0 16516005 0
203 1 11330760 7402
204 1 9122559 5976
205 0 19890385 0
206 0 17244931 0
207 0 19599636 0
208 0 18727372 0
209 0 19037064 0
210 1 2497146 1624
211 1 3323595 2170
212 0 19286062 0
213 0 19258430 0
214 1 3248794 2009
215 0 16266053 0
216 1 4903672 2616
217 0 20533591 0
218 0 20993769 0
219 0 15530392 0
220 0 19139453 0
221 0 19407198 0
222 0 16760659 0
223 0 19220498 0
224 1 3876604 2553
225 0 15376964 0
226 1 2300573 1497
227 0 19017240 0
228 0 18967297 0
229 1 7976488 5206
230 0 18788223 0
231 0 18590558 0
232 0 18559694 0
233 0 15390938 0
234 0 18051872 0
235 0 19044259 0
236 0 19294580 0
237 0 15388923 0
238 0 15431246 0
239 0 19650355 0
240 0 15382649 0
241 0 18769400 0
242 0 18995091 0
243 1 5691838 2355
244 0 22693850 0
245 0 16815207 0
246 0 15409170 0
247 0 19591165 0
248 0 15421552 0
249 1 16999153 9268
250 0 20115702 0
251 0 19096643 0
252 0 19949269 0
253 0 22702348 0
254 0 21527602 0
255 1 8027937 5220
256 1 14321415 9369
257 0 15405724 0
258 1 12191573 7479
259 0 19883324 0
260 0 19886304 0
261 0 20172957 0
262 0 19563282 0
263 0 19051158 0
264 0 21623901 0
265 0 17201098 0
266 0 21788859 0
267 0 19216257 0
268 1 13536068 7686
269 0 15404264 0
270 0 20054639 0
271 0 20037411 0
272 0 20072593 0
273 0 15370747 0
274 0 20182343 0
275 1 3037169 1347
276 1 14874818 7521
277 0 18884842 0
278 0 19057789 0
279 1 17551444 9724
280 1 9052529 5907
281 0 19100559 0
282 0 20365400 0
283 0 20369086 0
284 0 22475528 0
285 1 9242958 6002
286 1 11941862 7373
287 0 19989405 0
288 1 15733844 9147
289 0 21686450 0
290 1 13609061 8876
291 1 2826306 1686
292 1 833870 376
293 1 11152527 7325
294 1 8143165 5316
295 0 19373627 0
296 1 3248212 1736
297 0 19480710 0
298 1 7517772 4903
299 0 19026782 0
300 0 19105884 0
301 0 18553494 0
302 0 21139633 0
303 0 22694159 0
304 0 20203551 0
305 1 12649474 8376
306 0 19549235 0
307 0 15568544 0
308 1 4166408 2214
309 1 16078186 7544
310 0 20115324 0
311 0 19811639 0
312 0 19258829 0
313 0 22606821 0
314 0 15425828 0
315 0 19756788 0
316 0 20483072 0
317 0 19968408 0
318 0 18650713 0
319 0 15380148 0
320 0 19631965 0
321 0 21958749 0
322 0 20327510 0
323 0 21756825 0
324 0 20302584 0
325 0 20643881 0
326 1 8822864 3707
327 0 19630015 0
328 1 15804716 7249
329 0 19424124 0
330 0 21370799 0
331 1 6565669 3102
332 0 19719599 0
333 1 370673 233
334 0 22647680 0
335 0 20244532 0
336 0 22635230 0
337 0 22726677 0
338 1 3615552 2380
339 1 14423562 9435
340 1 17608447 9872
341 1 2312013 1198
342 1 3248234 1590
343 0 19820683 0
344 0 19132066 0
345 0 15394264 0
346 0 18774775 0
347 1 1563929 887
348 0 19487415 0
349 0 21650931 0
350 0 21941301 0
351 0 19760477 0
352 1 5495074 3556
353 0 19306722 0
354 0 16935787 0
355 1 9354952 6107
356 0 19054592 0
357 1 2713090 1754
358 0 18953456 0
359 0 20149530 0
360 0 20692409 0
361 0 19328657 0
362 0 18847453 0
363 0 20427492 0
364 1 5911324 2423
365 0 19484701 0
366 0 19937464 0
367 0 20285821 0
368 1 13561302 7111
369 0 19237791 0
370 0 19285594 0
371 0 19549515 0
372 0 19706543 0
373 1 10900078 5662
374 0 20095777 0
375 1 11343248 6445
376 0 22430374 0
377 1 4489353 1810
378 0 15394107 0
379 0 19909040 0
380 0 19814372 0
381 1 16483982 8624
382 1 13529741 6538
383 0 20530377 0
384 1 10027940 6542
385 0 18927319 0
386 0 19989100 0
387 0 19407489 0
388 0 21660534 0
389 0 20707302 0
390 0 20129594 0
391 0 15406216 0
392 1 9366600 4139
393 0 19602888 0
394 1 7622433 3844
395 1 8966736 4357
396 1 4307345 2814
397 1 11910212 6344
398 0 20342976 0
399 0 19998707 0
400 1 9257245 6080
401 0 22718511 0
402 1 7520681 4904
403 0 22697567 0
404 0 20478694 0
405 1 5690890 2805
406 0 22665339 0
407 0 20922666 0
408 0 19311812 0
409 0 21057592 0
410 0 22690446 0
411 0 20954601 0
412 0 21559281 0
413 0 19889808 0
414 1 9440640 3272
415 0 21035322 0
416 0 22654949 0
417 1 17820537 7141
418 1 10035805 4566
419 0 20635766 0
420 0 19558411 0
421 0 18762025 0
422 1 5558384 3576
423 0 22254532 0
424 0 20853367 0
425 1 5509774 3597
426 1 11622859 7605
427 1 5180234 2027
428 0 19604298 0
429 0 20129490 0
430 0 21057918 0
431 0 19116932 0
432 0 15390011 0
433 1 11372775 7422
434 0 18865977 0
435 0 20740136 0
436 1 3100390 1878
437 0 19004946 0
438 0 21396524 0
439 0 16309494 0
440 0 22771542 0
441 0 15431390 0
442 0 21058190 0
443 1 491666 192
444 0 22739196 0
445 1 15271429 9937
446 1 5456140 3537
447 0 22829593 0
448 0 21015831 0
449 1 4477716 2066
450 1 1249739 811
451 1 13567609 8834
452 0 19520515 0
453 1 3522539 2292
454 1 12829052 6599
455 0 15436441 0
456 0 20021601 0
457 0 22673832 0
458 0 20606691 0
459 0 15389051 0
460 0 18971207 0
461 0 17964130 0
462 0 20210985 0
463 1 3008153 1581
464 1 9132043 5990
465 1 4890948 3217
466 0 21982473 0
467 0 20736523 0
468 0 19784100 0
469 0 18682237 0
470 1 5835593 2676
471 0 21812571 0
472 0 22393614 0
473 0 20491290 0
474 1 9920449 5298
475 0 19501607 0
476 1 8732704 4272
477 0 19642616 0
478 0 21154574 0
479 1 19126037 9637
480 1 1905543 712
481 0 19059332 0
482 0 20338436 0
483 1 13600039 4774
484 1 13013129 6042
485 0 22738446 0
486 1 11807019 7785
487 0 20693758 0
488 0 21322043 0
489 0 21005028 0
490 0 21672273 0
491 0 22693397 0
492 0 18877215 0
493 0 19864004 0
494 1 5895909 3880
495 0 19457458 0
496 1 10144208 4977
497 0 19856608 0
498 0 20592925 0
499 0 15408209 0
500 1 138706 88
501 0 19646047 0
502 0 19269736 0
503 0 20182466 0
504 0 19265313 0
505 0 20614041 0
506 1 7200198 3566
507 0 19694034 0
508 1 2424177 1569
509 0 22315551 0
510 0 20537127 0
511 0 21724365 0
512 0 19041035 0
513 1 4459982 2902
514 0 18993479 0
515 1 4104379 2696
516 1 11142107 5535
517 0 18867032 0
518 0 22537563 0
519 0 21766705 0
520 0 21234801 0
521 0 22580335 0
522 1 5856243 3809
523 0 19475335 0
524 1 6120911 4005
525 1 8195712 4034
526 0 18827318 0
527 1 5002354 2748
528 0 21242548 0
529 0 15962934 0
530 0 19754481 0
531 0 22804995 0
532 0 21997952 0
533 1 14419783 9364
534 0 18553431 0
535 0 19128721 0
536 0 19292589 0
537 1 2916119 1281
538 1 7130077 4654
539 0 19258210 0
540 1 15220973 8386
541 0 19303380 0
542 0 22635836 0
543 0 16462423 0
544 0 19297712 0
545 0 15389323 0
546 0 18797869 0
547 0 20534411 0
548 0 20697205 0
549 0 21180334 0
550 0 20260300 0
551 1 3483155 2275
552 0 19672363 0
553 0 17128782 0
554 1 14382022 7680
555 0 20065043 0
556 1 12965128 8542
557 1 687526 451
558 0 16050330 0
559 1 2426092 1303
560 1 13170131 8601
561 0 20088116 0
562 0 19693108 0
563 1 16840136 8292
564 1 3469833 1798
565 0 18786408 0
566 1 16285832 8266
567 0 19552556 0
568 0 15398349 0
569 0 19206234 0
570 0 19466751 0
571 0 18886973 0
572 0 15385163 0
573 1 10814891 7062
574 0 20087636 0
575 0 18855018 0
576 1 2039294 1331
577 0 22639310 0
578 0 22677220 0
579 0 15385521 0
580 0 21558328 0
581 0 22410703 0
582 0 21614651 0
583 0 19509784 0
584 0 21470523 0
585 0 22443371 0
586 1 11321394 6086
587 0 19420697 0
588 1 4164973 2742
589 1 16636555 8976
590 1 15193888 7894
591 0 15397629 0
592 1 9910779 6520
593 1 2344043 1455
594 0 19716490 0
595 0 20314351 0
596 1 5515452 3584
597 1 10398343 6831
598 0 15365540 0
599 0 20962737 0
600 0 22796473 0
601 0 22833459 0
602 0 19422677 0
603 1 13486046 8900
604 0 20454913 0
605 0 20026310 0
606 1 13567582 8761
607 0 22824463 0
608 0 20223793 0
609 1 12517464 4067
610 1 5476037 2001
611 1 14135514 9303
612 0 21010113 0
613 0 19709746 0
614 1 9894080 6441
615 0 19622149 0
616 1 6829022 3404
617 1 9171522 5007
618 1 6213496 3306
619 0 20091114 0
620 1 2202820 967
621 1 3502555 1963
622 1 8818255 4211
623 0 15377786 0
624 0 17852813 0
625 0 18673326 0
626 1 14953280 9816
627 0 19220399 0
628 1 16842875 9205
629 0 15372374 0
630 0 19179502 0
631 0 19199566 0
632 1 15467125 7288
633 1 13644905 7000
634 0 18990073 0
635 0 19763776 0
636 0 19377767 0
637 0 22518116 0
638 1 11705018 7191
639 0 15418626 0
640 1 6492538 2985
641 0 20418102 0
642 1 3805013 2483
643 0 21144143 0
644 0 22619566 0
645 0 22382703 0
646 0 22647641 0
647 1 7353357 4776
648 1 10942324 7209
649 0 15440248 0
650 1 8809247 3439
651 0 21010088 0
652 0 22545039 0
653 1 4472033 2919
654 1 1166787 766
655 1 14902210 9718
656 0 20698053 0
657 0 20101578 0
658 1 9746021 5026
659 0 19026868 0
660 0 19962720 0
661 0 19122816 0
662 0 19655952 0
663 0 19844171 0
664 0 15413780 0
665 0 19642749 0
666 0 19385598 0
667 0 19667576 0
668 0 15431242 0
669 1 10859696 5363
670 1 11202863 6316
671 0 20050715 0
672 0 19586547 0
673 0 19229918 0
674 0 19647891 0
675 0 19239521 0
676 1 4091681 1342
677 0 22707029 0
678 0 22704339 0
679 1 11775125 7772
680 1 4650047 1906
681 1 2739752 1789
682 1 12393467 7920
683 1 4058708 2652
684 0 19367554 0
685 0 16189294 0
686 0 19435567 0
687 0 19651575 0
688 0 20125121 0
689 1 11796199 5949
690 0 15376976 0
691 1 12944232 8434
692 0 20336285 0
693 1 7363344 4836
694 0 21309454 0
695 1 7269770 4766
696 0 19600472 0
697 0 21204644 0
698 0 19837855 0
699 0 18795856 0
700 0 19548062 0
701 0 21973398 0
702 1 2857797 1877
703 1 3363746 2197
704 1 6186614 2282
705 0 22451006 0
706 0 19649948 0
707 0 19311625 0
708 0 19542945 0
709 1 1200709 783
710 0 22759527 0
711 0 21082431 0
712 1 2453520 1611
713 1 13006555 7200
714 1 346281 191
715 0 19593305 0
716 0 19491923 0
717 1 5728483 3020
718 0 20052198 0
719 0 19707137 0
720 0 20221373 0
721 0 21423497 0
722 0 22136950 0
723 0 22690179 0
724 0 21793409 0
725 0 15395598 0
726 0 19904438 0
727 1 74849 45
728 0 22714997 0
729 0 20620254 0
730 1 7586386 4936
731 1 9443089 6209
732 1 5098506 2705
733 0 19168322 0
734 0 21899715 0
735 1 7632320 4975
736 0 19562965 0
737 0 19967449 0
738 1 3790587 2479
739 0 18557811 0
740 1 7171831 3344
741 0 15401546 0
742 1 11557911 7540
743 1 646186 420
744 0 20211381 0
745 0 22701291 0
746 1 7970498 5210
747 0 19041809 0
748 1 3595776 2347
749 0 16108655 0
750 0 18820237 0
751 0 19125352 0
752 0 17441820 0
753 1 13862520 9031
754 1 11904692 7750
755 0 18702081 0
756 0 17286655 0
757 1 9380808 4861
758 1 10261894 6649
759 0 22821764 0
760 0 21171854 0
761 0 15404479 0
762 0 19763520 0
763 0 20294240 0
764 0 19748489 0
765 1 10834326 7061
766 0 22600137 0
767 1 13679562 8868
768 0 20430215 0
769 0 22807926 0
770 0 22658297 0
771 0 20479080 0
772 0 20418973 0
773 0 20817695 0
774 0 20403934 0
775 0 22816764 0
776 0 20931931 0
777 0 20330331 0
778 0 20999211 0
779 0 21260642 0
780 1 4460297 2931
781 1 8653587 4968
782 1 5889763 3872
783 1 2590216 1304
784 1 6882386 4085
785 1 5153445 3205
786 0 18707873 0
787 1 4755201 2699
788 0 19502906 0
789 1 13614901 8953
790 0 22777946 0
791 0 22338840 0
792 0 20915743 0
793 0 15385170 0
794 0 20884950 0
795 1 2413723 1558
796 0 22665069 0
797 0 19616795 0
798 0 21532123 0
799 0 18773198 0
800 0 19092113 0
801 0 20218193 0
802 0 22024060 0
803 1 11182140 7358
804 1 4692657 2569
805 0 22831166 0
806 1 4392588 2888
807 0 21724480 0
808 0 20587269 0
809 0 22705711 0
810 0 16016483 0
811 1 4814416 2405
812 0 19777415 0
813 0 19918283 0
814 1 11941221 6582
815 0 22819302 0
816 1 3692998 2430
817 0 18936756 0
818 0 22500767 0
819 1 2293828 997
820 0 22508670 0
821 0 22203527 0
822 1 3988534 2575
823 0 21783151 0
824 0 20947784 0
825 0 21311064 0
826 1 6872231 4518
827 0 22573104 0
828 0 19596218 0
829 0 19354034 0
830 0 19379251 0
831 1 14609683 9511
832 0 22818363 0
833 1 6094309 3971
834 0 22770455 0
835 0 15431385 0
836 1 4681545 3038
837 0 20136104 0
838 0 19728624 0
839 1 9675788 3670
840 1 8494400 3238
841 1 17340644 8835
842 1 4982859 2634
843 0 15406171 0
844 0 15403930 0
845 0 15836168 0
846 0 19449760 0
847 1 9897090 5575
848 1 5439718 2935
849 1 10521262 5721
850 1 6398160 4046
851 1 13191026 8668
852 0 19204631 0
853 0 19049528 0
854 0 19108442 0
855 1 6796958 3418
856 0 15403730 0
857 0 18802104 0
858 0 20523510 0
859 0 22832370 0
860 1 4677698 1517
861 0 22808546 0
862 1 15058643 7229
863 0 22242662 0
864 0 21288595 0
865 1 9749379 4310
866 1 3006978 1289
867 1 3613883 2374
868 0 21612776 0
869 0 18902371 0
870 0 22166024 0
871 0 20653642 0
872 1 3267260 2150
873 0 20616503 0
874 1 1962238 1053
875 0 15389906 0
876 0 18899898 0
877 0 21665510 0
878 0 19213962 0
879 0 19517231 0
880 1 729087 478
881 1 7963212 5201
882 1 397402 227
883 0 16852061 0
884 0 19768547 0
885 0 19448914 0
886 1 12704500 7434
887 0 19093612 0
888 1 5444257 2777
889 0 18983098 0
890 0 19609874 0
891 0 15397017 0
892 0 15394638 0
893 0 21057569 0
894 1 10112362 6604
895 1 11751100 5284
896 0 15388450 0
897 1 13900320 9075
898 1 13863879 9072
899 0 19287693 0
900 1 10426038 5214
901 1 7434506 3165
902 0 15387716 0
903 0 20863487 0
904 1 17621394 9116
905 0 19286091 0
906 1 537482 305
907 0 19858581 0
908 0 19071836 0
909 1 2109835 1379
910 0 19651100 0
911 0 18798760 0
912 0 19424778 0
913 0 19281576 0
914 0 16953894 0
915 0 22691739 0
916 0 21129965 0
917 0 20481220 0
918 1 14242210 7341
919 0 15379769 0
920 0 19565441 0
921 0 19532004 0
922 0 19255152 0
923 0 22343948 0
924 1 18074359 9347
925 1 2094755 1375
926 0 15392913 0
927 0 22332828 0
928 0 20822698 0
929 0 22808937 0
930 0 21017297 0
931 1 17063905 8849
932 0 18701114 0
933 0 19537609 0
934 0 15392689 0
935 0 19902093 0
936 1 5139736 3375
937 1 12416490 7203
938 0 22752634 0
939 0 21586437 0
940 1 1425578 920
941 1 59248 36
942 0 22674189 0
943 1 9371 1
944 1 695374 448
945 0 21395286 0
946 0 20822480 0
947 1 12719654 8386
948 0 22001349 0
949 1 6234607 4059
950 0 22639835 0
951 0 20582801 0
952 1 6260821 4111
953 0 22705083 0
954 0 20300755 0
955 0 21105049 0
956 0 19823856 0
957 0 15406659 0
958 0 19783811 0
959 1 10759372 5490
960 0 20430612 0
961 0 20672414 0
962 0 21900126 0
963 0 22217530 0
964 0 18057497 0
965 0 22394534 0
966 0 19884719 0
967 1 1981139 1287
968 0 19836955 0
969 1 17276703 9313
970 0 18702818 0
971 0 20287076 0
972 0 19159676 0
973 1 15671454 8952
974 0 19199956 0
975 1 900974 289
976 1 16910674 7903
977 0 18532654 0
978 1 10009794 6578
979 1 4651149 3017
980 0 16583838 0
981 0 21399935 0
982 0 20659432 0
983 0 19967911 0
984 1 11399549 7502
985 0 19475796 0
986 0 19942821 0
987 0 22296919 0
988 0 21614564 0
989 0 18710565 0
990 0 20838612 0
991 0 19436747 0
992 0 20454002 0
993 0 22769546 0
994 0 21674086 0
995 0 17938826 0
996 1 2131291 1381
997 0 19801000 0
998 0 19407543 0
999 0 21520507 0
1000 0 19396104 0
1001 1 8664033 3981
1002 1 5077722 3321
1003 0 20653749 0
1004 1 16289580 9280
1005 0 18763725 0
1006 0 20282537 0
1007 0 19159879 0
1008 0 19173728 0
1009 0 21481413 0
1010 0 22338035 0
1011 0 19302621 0
1012 0 20846348 0
1013 1 13662892 9008
1014 0 19420802 0
1015 0 20237234 0
1016 0 19863327 0
1017 1 2360426 1541
1018 1 4300171 2824
1019 0 21886779 0
1020 1 4749173 2971
1021 0 19485230 0
1022 1 13608018 8879
1023 0 19072174 0
1024 0 18966593 0
1025 0 20079412 0
1026 0 20560685 0
1027 0 20003885 0
1028 1 2421069 1572
1029 0 18979913 0
1030 0 20554915 0
1031 0 18627638 0
1032 0 21256958 0
1033 1 12487168 4533
1034 1 5665034 3698
1035 0 15421165 0
1036 0 15553257 0
1037 0 19619402 0
1038 0 19661303 0
1039 1 7671565 4983
1040 1 4327780 2822
1041 0 20805623 0
1042 1 10179707 6636
1043 1 11035351 7266
1044 0 19589901 0
1045 0 20432605 0
1046 0 19997589 0
1047 1 3003330 1682
1048 1 9867182 4922
1049 0 19054834 0
1050 0 20754699 0
1051 0 19599663 0
1052 0 19095113 0
1053 0 22696775 0
1054 1 3429369 2240
1055 1 1290146 471
1056 0 21102172 0
1057 1 10115327 6675
1058 0 20091054 0
1059 0 18809731 0
1060 0 15449910 0
1061 1 3811881 2486
1062 1 14880545 7914
1063 1 2171053 1423
1064 1 12521516 8130
1065 0 19487602 0
1066 0 19837960 0
1067 0 18689331 0
1068 0 18842927 0
1069 0 20941177 0
1070 0 22341832 0
1071 1 1672935 1099
1072 1 524694 334
1073 0 20227817 0
1074 1 8240694 5433
1075 1 5777900 2271
1076 0 21234239 0
1077 0 19264823 0
1078 0 19355595 0
1079 1 13272843 7074
1080 0 21133851 0
1081 0 15422060 0
1082 1 16674321 9694
1083 1 7166097 3613
1084 1 3046165 1987
1085 0 19547504 0
1086 0 19063095 0
1087 0 15384259 0
1088 0 20121235 0
1089 1 6692276 2903
1090 0 20307876 0
1091 0 18907140 0
1092 1 5454766 3564
1093 0 19047075 0
1094 0 18696173 0
1095 1 689968 443
1096 1 10287759 5048
1097 0 19289758 0
1098 0 15429852 0
1099 1 12552885 6486
1100 0 19261554 0
1101 0 20905220 0
1102 1 11061943 7212
1103 0 22812757 0
1104 0 18491924 0
1105 0 16735012 0
1106 0 18875654 0
1107 0 19609079 0
1108 0 19412003 0
1109 0 19449686 0
1110 0 18631540 0
1111 1 1506879 982
1112 1 10001140 6531
1113 0 16021722 0
1114 0 20070754 0
1115 0 19200094 0
1116 0 20350859 0
1117 1 12801164 8361
1118 1 15289914 7458
1119 1 15951066 8006
1120 0 22568110 0
1121 0 15381304 0
1122 0 19901479 0
1123 1 6368441 3257
1124 1 6847121 4464
1125 0 19261260 0
1126 1 1093901 697
1127 1 11055610 4809
1128 0 19618337 0
1129 0 20866352 0
1130 0 20016480 0
1131 0 20636245 0
1132 1 3171544 2079
1133 1 9719797 4568
1134 1 11151873 5503
1135 1 186153 120
1136 0 20771976 0
1137 1 12245144 7969
1138 1 18737727 9491
1139 0 18840199 0
1140 1 2064953 1354
1141 0 19078173 0
1142 0 16627235 0
1143 0 15395675 0
1144 1 3034515 1993
1145 0 19336936 0
1146 0 18049470 0
1147 0 20032788 0
1148 1 2817289 1277
1149 0 19507585 0
1150 0 19820397 0
1151 0 19518136 0
1152 0 20004823 0
1153 0 20924972 0
1154 0 21201401 0
1155 0 22799409 0
1156 1 4662977 2971
1157 0 22452896 0
1158 0 20807922 0
1159 0 20586072 0
1160 1 7849492 5172
1161 1 2407575 1579
1162 1 6581849 4282
1163 1 4107885 2642
1164 0 22157254 0
1165 0 19529058 0
1166 0 15414708 0
1167 0 19600411 0
1168 0 20699080 0
1169 0 20153404 0
1170 1 1895350 1242
1171 0 19298100 0
1172 0 21783355 0
1173 0 22663919 0
1174 0 21989264 0
1175 0 19383692 0
1176 0 20297571 0
1177 0 20733852 0
1178 1 7496827 4918
1179 1 4792391 3062
1180 0 19783672 0
1181 0 19673551 0
1182 0 15395959 0
1183 1 8194106 3365
1184 0 21838868 0
1185 0 22784144 0
1186 0 19484915 0
1187 0 19696936 0
1188 1 9816019 6458
1189 0 22076497 0
1190 0 19947303 0
1191 1 15673355 7829
1192 0 18799511 0
1193 0 19908980 0
1194 0 19649914 0
1195 1 724504 471
1196 0 15393255 0
1197 0 18349674 0
1198 0 22319848 0
1199 0 21138801 0
0 1 8774802 5781
1 0 19368522 0
2 1 1776130 1169
3 0 15422287 0
4 1 2660356 1756
5 0 18864400 0
6 0 18851747 0
7 0 20158031 0
8 0 19794135 0
9 0 18679895 0
10 1 5308678 3451
11 0 22118913 0
12 0 22820119 0
13 0 21403131 0
14 0 22656044 0
15 0 20694306 0
16 1 9851211 6494
17 1 12267004 8075
18 0 15405745 0
19 0 19757048 0
20 1 1408213 911
21 0 20651104 0
22 0 20395417 0
23 1 2736076 907
24 0 20472595 0
25 0 21186333 0
26 0 19434604 0
27 1 7930829 5192
28 0 16392808 0
29 0 15404609 0
30 0 21463903 0
31 0 17360083 0
32 0 19164316 0
33 0 18880217 0
34 0 19688875 0
35 0 19196980 0
36 1 3076645 1566
37 0 19195950 0
38 0 18473390 0
39 0 18835319 0
40 0 21779428 0
41 1 12427206 8114
42 0 19820093 0
43 0 18593440 0
44 0 18468818 0
45 0 18918938 0
46 0 20338863 0
47 0 19692288 0
48 0 18972067 0
49 0 20104281 0
50 0 21387892 0
51 0 19568971 0
52 1 10225497 6683
53 0 22711499 0
54 1 10271057 6688
55 0 19208066 0
56 0 18995035 0
57 0 19286837 0
58 0 19884705 0
59 0 19531477 0
60 0 19706600 0
61 0 19708800 0
62 1 9237666 6029
63 0 18697221 0
64 0 18817220 0
65 0 22363635 0
66 1 13496394 7046
67 1 10574210 6902
68 1 15182785 8523
69 0 18725879 0
70 0 18845864 0
71 1 1317215 705
72 1 4883158 3210
73 1 9415978 6179
74 0 18958531 0
75 0 19347660 0
76 0 21803296 0
77 0 22666491 0
78 0 21816332 0
79 1 4939071 1673
80 1 19754453 8216
81 0 20592988 0
82 1 9787074 3771
83 0 20323617 0
84 0 15417231 0
85 0 21397111 0
86 1 16494323 7767
87 0 18220275 0
88 1 513453 330
89 0 20117273 0
90 0 21596447 0
91 1 6238004 4103
92 0 22765143 0
93 0 21741809 0
94 0 20674849 0
95 1 9688057 6363
96 0 21422692 0
97 0 22763522 0
98 0 17520492 0
99 1 17165028 8465
100 1 7041675 4614
101 1 1529416 1003
102 1 14296431 9407
103 1 6976688 4584
104 1 14754740 6477
105 0 19417297 0
106 1 3616857 2377
107 0 22656053 0
108 0 22817832 0
109 0 21914789 0
110 0 20417381 0
111 0 20721594 0
112 0 20621355 0
113 0 19931070 0
114 1 13126682 5680
115 1 3465899 2277
116 0 18989569 0
117 0 15403611 0
118 1 16267559 7819
119 1 8752457 4627
120 0 18700785 0
121 0 19427729 0
122 1 9261227 5876
123 0 22819716 0
124 1 8073540 5249
125 0 22191259 0
126 1 13648359 8976
127 0 20028732 0
128 0 20888913 0
129 0 15431712 0
130 0 19199637 0
131 0 18637203 0
132 0 20009116 0
133 0 22101285 0
134 0 20393301 0
135 0 16965681 0
136 0 18988720 0
137 1 3106867 1466
138 0 19003194 0
139 0 15432552 0
140 0 18717519 0
141 1 9050653 3056
142 1 14365841 9472
143 1 314095 203
144 1 8705172 5697
145 0 15846162 0
146 0 19167895 0
147 0 19269219 0
148 0 18719256 0
149 0 22224719 0
150 0 21375897 0
151 0 22455693 0
152 0 22695114 0
153 0 22710046 0
154 1 12817298 8375
155 0 20784046 0
156 0 22687172 0
157 0 15625413 0
158 1 15442757 7501
159 0 19774255 0
160 0 19801812 0
161 0 21218105 0
162 1 1775554 1165
163 0 19354218 0
164 0 18973192 0
165 0 15422100 0
166 0 19364764 0
167 0 19721028 0
168 0 22701294 0
169 1 8255677 5442
170 1 11759778 7754
171 0 19835928 0
172 1 8760792 3976
173 0 22609117 0
174 0 19629016 0
175 0 20831837 0
176 0 21440370 0
177 0 21879970 0
178 0 21618140 0
179 1 8512699 5592
180 1 1167608 747
181 0 20560030 0
182 0 15440154 0
183 1 7473741 4919
184 0 15401856 0
185 0 15442273 0
186 0 20746664 0
187 0 19482227 0
188 1 9677373 6310
189 0 22831484 0
190 0 15406481 0
191 0 19364723 0
192 0 18554661 0
193 1 5900488 3878
194 0 22831619 0
195 0 19818087 0
196 1 12777581 8435
197 0 19904359 0
198 0 18810983 0
199 0 22619982 0
200 0 16212454 0
201 1 2693695 1769
202 1 6864277 4513
203 1 673411 436
204 1 2856429 1014
205 1 6240853 4102
206 0 22290101 0
207 1 16120149 7515
208 1 19194982 7643
209 0 19617459 0
210 0 21044099 0
211 0 15400968 0
212 0 22536945 0
213 0 22792151 0
214 0 22570238 0
215 0 20097264 0
216 1 4930035 2819
217 0 15419842 0
218 0 20319729 0
219 0 19359913 0
220 0 19643857 0
221 1 2416236 1577
222 0 19491767 0
223 0 15404511 0
224 0 19099419 0
225 0 18557574 0
226 1 1992578 1068
227 0 19010141 0
228 0 19231990 0
229 0 19003291 0
230 0 21688457 0
231 0 20982314 0
232 1 17011152 8477
233 0 20162531 0
234 0 21197888 0
235 1 11207532 7310
236 0 19210177 0
237 0 19387289 0
238 0 21967273 0
239 0 20472507 0
240 1 4915408 3205
241 0 15497632 0
242 0 15416758 0
243 0 19472285 0
244 0 18575083 0
245 0 21364538 0
246 0 22653152 0
247 0 22703702 0
248 1 10907947 7111
249 0 19429116 0
250 0 22324967 0
251 0 19840123 0
252 0 15419877 0
253 1 8850323 5779
254 0 18801702 0
255 0 19760342 0
256 0 15393908 0
257 0 18728861 0
258 1 2811742 1840
259 0 19599425 0
260 0 19417413 0
261 0 19913003 0
262 0 19974404 0
263 0 19539931 0
264 1 10791762 7039
265 0 21700929 0
266 1 3028395 1330
267 0 19127250 0
268 0 18612321 0
269 0 18977466 0
270 0 19795617 0
271 0 19462977 0
272 0 15435389 0
273 0 15504169 0
274 1 6705212 4364
275 0 20499648 0
276 0 19092215 0
277 0 20346054 0
278 0 18573038 0
279 0 18754890 0
280 0 20024185 0
281 0 18785640 0
282 0 19253200 0
283 0 19557823 0
284 1 19085603 9797
285 0 15398877 0
286 0 19701289 0
287 1 15719597 8495
288 0 19832084 0
289 0 20137715 0
290 0 20180049 0
291 0 22699400 0
292 1 32406 8
293 0 15447890 0
294 0 20066032 0
295 0 19889181 0
296 0 19520251 0
297 1 6294503 2097
298 0 21440995 0
299 1 18189582 9050
300 0 20710617 0
301 1 1462494 961
302 0 19632881 0
303 0 18933593 0
304 1 10727574 6048
305 0 18912392 0
306 0 19997416 0
307 0 19872073 0
308 0 15429890 0
309 0 19006865 0
310 1 502858 323
311 0 19567115 0
312 1 9963844 6504
313 1 9391471 6135
314 0 20239813 0
315 0 19641054 0
316 0 20130146 0
317 0 19785517 0
318 0 22385106 0
319 0 18816785 0
320 0 22603800 0
321 0 15420292 0
322 1 8655197 5591
323 1 6648280 4363
324 0 19775222 0
325 1 9637981 6296
326 1 10889925 5560
327 1 15287769 8718
328 1 10405366 6811
329 1 7530245 3927
330 0 15415361 0
331 0 18529345 0
332 0 20287220 0
333 1 1036996 679
334 0 19075113 0
335 0 15399797 0
336 1 15931190 7593
337 0 22662322 0
338 1 14048800 5983
339 1 4578222 2705
340 1 5306583 3492
341 0 15496988 0
342 0 19747738 0
343 0 19931010 0
344 1 1155668 697
345 0 19771522 0
346 1 5327846 3477
347 0 18771370 0
348 1 17233127 6369
349 0 17395015 0
350 1 304001 194
351 0 19541792 0
352 0 19186404 0
353 0 19951901 0
354 0 18907995 0
355 1 672419 322
356 0 18646562 0
357 0 18659709 0
358 1 9689063 6289
359 0 22080292 0
360 1 13685571 9036
361 0 15459587 0
362 0 20563104 0
363 0 19217920 0
364 0 19474295 0
365 1 12104252 7899
366 0 18751330 0
367 0 19626759 0
368 0 20820453 0
369 0 19029262 0
370 0 19244636 0
371 0 20862970 0
372 0 18840412 0
373 0 18945659 0
374 1 104355 65
375 0 16518747 0
376 0 18975531 0
377 1 10816751 4637
378 0 21594218 0
379 1 680203 307
380 0 15419464 0
381 0 20374520 0
382 0 19826591 0
383 0 19968306 0
384 0 15401823 0
385 1 4939838 3259
386 0 19681868 0
387 0 15964974 0
388 1 5603463 3667
389 0 15397022 0
390 0 19514588 0
391 0 20506862 0
392 0 21938938 0
393 0 21220971 0
394 0 16062162 0
395 0 19588636 0
396 0 19563008 0
397 0 19830677 0
398 0 22612113 0
399 1 795570 518
400 1 17361695 8314
401 0 17653822 0
402 0 19027926 0
403 0 19361018 0
404 0 19578200 0
405 0 19502155 0
406 1 13950049 7098
407 1 395759 239
408 0 19019061 0
409 1 13271512 8677
410 1 6708131 4411
411 0 22024354 0
412 1 16912602 7967
413 1 14281482 9301
414 0 19767245 0
415 1 3669185 1762
416 0 20180340 0
417 0 19487411 0
418 1 5866783 3375
419 1 20152978 8313
420 0 21275162 0
421 1 12849039 8407
422 0 19940876 0
423 0 19469707 0
424 1 1973869 1281
425 0 22633227 0
426 1 6730282 4430
427 0 22682370 0
428 0 21604856 0
429 0 20402462 0
430 1 5304737 3462
431 0 19852031 0
432 0 19843345 0
433 0 15426731 0
434 0 19335379 0
435 0 17035885 0
436 1 15278183 9931
437 0 19488392 0
438 0 18432703 0
439 0 19302761 0
440 1 11193326 7317
441 1 11908976 6759
442 0 19214985 0
443 0 19856103 0
444 0 22693492 0
445 0 21537735 0
446 0 20210229 0
447 1 7865452 5134
448 0 19477457 0
449 0 15434575 0
450 0 19803361 0
451 0 19911612 0
452 0 18018133 0
453 0 20869553 0
454 1 7012328 4579
455 0 22680241 0
456 1 6076383 3970
457 1 14605387 9532
458 0 21085660 0
459 0 19682607 0
460 1 12417556 6879
461 0 18946032 0
462 0 20041327 0
463 1 12455868 6898
464 0 19614167 0
465 0 19682209 0
466 0 19518019 0
467 1 6891280 4478
468 0 19353974 0
469 0 21990375 0
470 1 14344357 8225
471 1 12208682 8041
472 0 19736737 0
473 1 6220988 4058
474 0 19528219 0
475 1 1224141 774
476 0 22541352 0
477 0 19535977 0
478 0 15433729 0
479 0 21712370 0
480 1 2559559 1682
481 0 15430432 0
482 1 3589400 2373
483 0 21690306 0
484 0 20166296 0
485 0 19892374 0
486 1 13021764 8515
487 0 19521040 0
488 1 16664907 9971
489 1 8391761 5455
490 0 19635710 0
491 0 19196366 0
492 0 18811339 0
493 0 20640836 0
494 1 5412139 3436
495 0 19282644 0
496 1 13598574 8802
497 0 19371843 0
498 1 3731709 2423
499 1 1770084 850
500 0 19334078 0
501 1 11988143 7855
502 1 11857236 6015
503 0 18903290 0
504 0 19161932 0
505 0 22499591 0
506 1 3262766 2108
507 0 16918157 0
508 0 15388684 0
509 0 20352341 0
510 0 18418094 0
511 0 20177467 0
512 0 21339197 0
513 0 20479647 0
514 0 21154021 0
515 1 17110020 7804
516 1 2578921 1670
517 0 20540921 0
518 0 19299253 0
519 0 15402199 0
520 1 1980725 1282
521 0 20185937 0
522 0 21126242 0
523 1 3752824 2433
524 1 9685040 6298
525 1 9437150 3874
526 0 20463480 0
527 0 22823649 0
528 0 20216440 0
529 0 19831124 0
530 0 19717350 0
531 0 21791881 0
532 0 21088593 0
533 0 15427216 0
534 1 4181948 2750
535 1 9824841 4742
536 1 11725037 5697
537 0 15626984 0
538 1 10229552 5247
539 1 7566605 4315
540 0 18842124 0
541 0 22294515 0
542 0 20757339 0
543 1 11402847 7376
544 0 19705394 0
545 1 454579 283
546 0 19090127 0
547 0 19745441 0
548 1 12581259 8197
549 0 15470026 0
550 0 22812546 0
551 0 21085783 0
552 1 13765722 8931
553 0 19430144 0
554 0 15424479 0
555 0 21141041 0
556 0 19913071 0
557 1 15536253 7909
558 1 5429769 2543
559 0 18569292 0
560 1 17707055 8773
561 0 20022573 0
562 0 15425125 0
563 0 15707130 0
564 0 22135649 0
565 0 15405414 0
566 1 3724520 1800
567 0 19707026 0
568 0 19488877 0
569 0 22772520 0
570 0 20270294 0
571 1 5444980 3532
572 0 22801006 0
573 0 21767081 0
574 0 22443499 0
575 1 9748077 6408
576 0 22766468 0
577 1 8125968 5351
578 1 4071940 2672
579 0 19096869 0
580 0 22571056 0
581 0 21185314 0
582 1 1387728 910
583 1 302857 196
584 0 22817270 0
585 1 3708497 2437
586 0 15467917 0
587 0 20960680 0
588 0 20767996 0
589 0 15436425 0
590 0 19462616 0
591 0 19601299 0
592 1 814875 382
593 0 18711987 0
594 0 19696568 0
595 0 19197268 0
596 0 19238536 0
597 0 21565020 0
598 0 22647229 0
599 1 9282020 5776
600 0 19972013 0
601 1 185811 114
602 1 7377157 4816
603 1 11461491 6460
604 1 7869464 3576
605 0 19862533 0
606 0 22618757 0
607 0 19808665 0
608 0 22194727 0
609 1 2463073 1608
610 0 22670958 0
611 0 22734221 0
612 0 19668084 0
613 1 11188627 7298
614 1 1512620 696
615 1 5640636 3680
616 1 1629625 1066
617 1 18721371 8972
618 1 2939489 1915
619 0 19211492 0
620 0 21551268 0
621 0 19445617 0
622 0 19123546 0
623 1 6735914 4396
624 0 18987304 0
625 0 19045610 0
626 0 19462098 0
627 0 18811757 0
628 1 335034 217
629 1 1566089 555
630 1 615099 395
631 0 19410592 0
632 0 19613467 0
633 0 19929921 0
634 0 19295196 0
635 0 17377488 0
636 0 19376759 0
637 0 19199661 0
638 0 19862288 0
639 0 19542491 0
640 0 18976022 0
641 0 21958936 0
642 0 19734383 0
643 0 19569180 0
644 0 20552621 0
645 0 15406091 0
646 1 6341001 3032
647 0 19087800 0
648 0 18034427 0
649 0 19797146 0
650 0 19769523 0
651 0 15450816 0
652 0 19620211 0
653 1 4100188 2009
654 0 18762431 0
655 0 20453554 0
656 0 19426142 0
657 0 21127768 0
658 0 19358720 0
659 0 22573508 0
660 0 15386607 0
661 1 4408760 2881
662 0 19654341 0
663 1 11305490 7399
664 1 1496211 989
665 1 1273640 835
666 0 21462563 0
667 0 22694951 0
668 1 12666446 5935
669 0 18798165 0
670 0 19362824 0
671 1 10121207 6614
672 0 22506758 0
673 0 21618723 0
674 0 15456640 0
675 0 19201106 0
676 0 19245482 0
677 1 10467991 6839
678 0 21430151 0
679 1 8591241 3771
680 0 21569749 0
681 0 19418109 0
682 1 9555107 6243
683 0 22126212 0
684 0 21548816 0
685 0 15566323 0
686 0 19651660 0
687 0 15397137 0
688 0 15427630 0
689 1 394747 209
690 0 21323072 0
691 1 4529930 2973
692 0 19082692 0
693 1 3376492 2209
694 0 17905994 0
695 1 3940682 1910
696 1 851033 535
697 0 20624359 0
698 0 19067415 0
699 0 19080130 0
700 0 19097563 0
701 0 19628753 0
702 0 16842766 0
703 0 19807883 0
704 1 1038833 677
705 0 20348706 0
706 1 11760655 7664
707 0 21494083 0
708 0 15401938 0
709 0 19004349 0
710 0 19579921 0
711 1 15708312 8987
712 0 19092500 0
713 0 19458629 0
714 1 2310859 1503
715 1 15001514 7318
716 0 19694285 0
717 0 21775048 0
718 0 22378446 0
719 0 21156501 0
720 1 14218650 8244
721 0 20663481 0
722 1 8965332 5898
723 0 19311434 0
724 1 12764934 6832
725 0 19709334 0
726 1 2874395 1890
727 0 19306092 0
728 0 18859802 0
729 0 21755426 0
730 0 21974275 0
731 0 21708098 0
732 0 21122233 0
733 0 15391795 0
734 0 22515651 0
735 1 2387373 1548
736 0 15408344 0
737 0 21250862 0
738 0 20069047 0
739 1 11648291 6472
740 1 1158540 482
741 1 11323613 5098
742 0 21112833 0
743 1 642730 418
744 0 21498326 0
745 0 19850167 0
746 0 22003927 0
747 0 19981106 0
748 1 11580103 7608
749 1 10353792 6794
750 0 20538795 0
751 1 8047173 5289
752 0 21084307 0
753 1 1488016 972
754 1 11220601 7373
755 0 19476609 0
756 0 19691630 0
757 1 6711221 3233
758 0 21451097 0
759 0 22790642 0
760 0 21677007 0
761 0 20796907 0
762 1 7190224 4671
763 1 9062989 5958
764 0 21952007 0
765 1 2421763 1591
766 0 22174072 0
767 0 22795762 0
768 0 22785810 0
769 1 12800733 8289
770 0 21733301 0
771 1 1786135 1175
772 0 18769831 0
773 0 15433981 0
774 0 15422371 0
775 0 15400453 0
776 1 3765057 2041
777 0 19346252 0
778 0 22246001 0
779 1 5081450 3309
780 0 20846742 0
781 0 19383169 0
782 1 5431314 1967
783 0 18802620 0
784 0 19247197 0
785 0 19493912 0
786 0 20156980 0
787 0 19493530 0
788 1 12725411 8389
789 0 19798476 0
790 0 19056269 0
791 1 5585201 2660
792 1 15236724 9968
793 0 20124663 0
794 1 15475842 7848
795 0 19581466 0
796 0 19190822 0
797 1 5581447 3639
798 0 19360878 0
799 1 14192944 6924
800 1 9720987 3732
801 0 22654976 0
802 0 20695881 0
803 0 20562377 0
804 0 20570348 0
805 0 19495935 0
806 1 11657960 7653
807 0 21023182 0
808 0 20032075 0
809 0 20736321 0
810 0 19738187 0
811 1 13733675 8968
812 1 14832032 9778
813 0 21356911 0
814 1 2909790 1896
815 0 19951733 0
816 1 2006958 1198
817 1 13948873 9129
818 0 20103823 0
819 0 20814646 0
820 0 15421633 0
821 0 20442296 0
822 0 20090933 0
823 1 6200792 3383
824 1 12403559 7277
825 0 19252234 0
826 0 19773376 0
827 0 19547003 0
828 1 7905392 3905
829 1 15071546 6626
830 0 15408235 0
831 0 18821461 0
832 0 20437949 0
833 1 8360667 5372
834 1 12575510 8247
835 0 21508337 0
836 0 15415501 0
837 0 19643601 0
838 0 18738088 0
839 0 20412763 0
840 0 21262165 0
841 0 20288927 0
842 0 20239109 0
843 1 11019815 7112
844 1 7287652 3503
845 0 20025881 0
846 0 19531687 0
847 0 16935169 0
848 0 18640304 0
849 0 22598463 0
850 0 22472057 0
851 1 2175226 1390
852 0 22207398 0
853 0 20856159 0
854 1 7328178 4734
855 0 18520915 0
856 0 20517827 0
857 0 20605797 0
858 0 19302839 0
859 0 15436786 0
860 0 19344276 0
861 1 3673996 1645
862 0 19432701 0
863 0 19170628 0
864 0 19157440 0
865 0 18840964 0
866 1 4150119 2704
867 0 19158053 0
868 0 20121553 0
869 0 19614054 0
870 0 21544028 0
871 1 6657021 4351
872 0 20439951 0
873 1 2374681 1542
874 0 19302985 0
875 0 19717258 0
876 0 19027215 0
877 0 19287209 0
878 0 19751554 0
879 1 9791518 6387
880 1 15406584 8223
881 0 19163340 0
882 1 3615308 2294
883 0 19600524 0
884 0 20705896 0
885 1 6428137 2116
886 0 21555622 0
887 0 19154338 0
888 0 19270586 0
889 0 19214502 0
890 0 20191836 0
891 0 19641279 0
892 0 19256922 0
893 0 19271550 0
894 0 22079953 0
895 1 7428201 4907
896 0 22629107 0
897 1 8500993 5549
898 0 21876451 0
899 0 21097579 0
900 1 14394821 9388
901 0 20423967 0
902 0 20311848 0
903 0 20091118 0
904 0 19610657 0
905 1 11178616 6115
906 0 19270408 0
907 1 5557286 2652
908 0 19591601 0
909 1 5350529 3498
910 1 9501682 6192
911 1 3437653 1294
912 1 1527138 996
913 0 15432309 0
914 0 16877364 0
915 0 19646671 0
916 0 21088250 0
917 0 19039443 0
918 0 19518629 0
919 0 19223256 0
920 1 10012998 6602
921 1 3569160 2346
922 0 22347538 0
923 1 13269230 8654
924 0 21541592 0
925 0 20292154 0
926 1 13311708 6304
927 0 22311890 0
928 1 1224866 788
929 1 4017267 2642
930 1 14807533 9744
931 0 22182263 0
932 1 4787241 2541
933 0 20748832 0
934 0 19581509 0
935 1 276914 177
936 1 12579613 8209
937 0 22699047 0
938 0 22671966 0
939 0 22641382 0
940 0 21529414 0
941 0 15387948 0
942 1 14246931 9207
943 0 19784467 0
944 0 22258479 0
945 0 22447060 0
946 0 20784537 0
947 0 20706454 0
948 0 20463672 0
949 1 848197 545
950 0 19804087 0
951 0 21093708 0
952 0 21193990 0
953 0 20704900 0
954 1 1963063 1283
955 0 22018184 0
956 0 19869396 0
957 1 8435885 2984
958 0 20014922 0
959 0 22235159 0
960 1 11973172 7818
961 0 17958289 0
962 1 1341221 870
963 0 20373054 0
964 0 22333288 0
965 0 17809747 0
966 1 2730843 1768
967 1 3372998 1113
968 1 9046692 5917
969 0 19555847 0
970 0 15445479 0
971 0 19164445 0
972 0 19167335 0
973 0 19961118 0
974 0 21096830 0
975 1 12697079 6737
976 0 19330653 0
977 0 19508058 0
978 0 22352138 0
979 0 15416480 0
980 0 20438233 0
981 0 19675507 0
982 0 15417179 0
983 0 20268009 0
984 1 7685652 3818
985 0 18925909 0
986 0 18876608 0
987 0 21669840 0
988 1 10632442 6924
989 1 18180220 9431
990 0 19605612 0
991 0 15401356 0
992 0 19238734 0
993 1 14186918 6148
994 1 1972158 1297
995 0 17481302 0
996 0 19432820 0
997 1 6088190 3968
998 0 22555513 0
999 0 20303796 0
1000 1 8523072 5560
1001 0 22692680 0
1002 0 22670689 0
1003 0 21432734 0
1004 0 20465229 0
1005 0 16759956 0
1006 0 20712884 0
1007 1 3416189 1558
1008 0 20805542 0
1009 0 18911353 0
1010 0 22245817 0
1011 0 18961654 0
1012 0 20110207 0
1013 1 15305642 5963
1014 0 15406706 0
1015 0 19604577 0
1016 0 22569573 0
1017 1 17637282 8291
1018 1 10917540 7121
1019 1 17356012 7942
1020 1 2888475 1762
1021 0 22691308 0
1022 0 15414064 0
1023 1 11258420 7346
1024 0 15418711 0
1025 1 15544187 8925
1026 0 19398133 0
1027 0 15623763 0
1028 1 7417386 3478
1029 0 19564360 0
1030 1 16443376 8516
1031 1 12070361 7825
1032 1 10504711 6867
1033 0 20044523 0
1034 1 6357918 4162
1035 0 20430509 0
1036 0 19679555 0
1037 0 22270561 0
1038 1 9914407 6533
1039 0 15450340 0
1040 0 19858348 0
1041 0 15405653 0
1042 0 19741285 0
1043 0 22374443 0
1044 0 22700726 0
1045 0 19841574 0
1046 0 19720545 0
1047 0 19595596 0
1048 0 20490195 0
1049 1 9899754 6435
1050 1 7743631 5093
1051 0 18771529 0
1052 1 5249049 3030
1053 0 19071659 0
1054 1 6231347 4063
1055 0 19236186 0
1056 1 873373 511
1057 0 15422478 0
1058 0 19761263 0
1059 1 13023453 7917
1060 1 10864948 7095
1061 0 22705668 0
1062 0 21895838 0
1063 0 22683116 0
1064 0 19748989 0
1065 0 19576388 0
1066 0 22655582 0
1067 0 20573021 0
1068 0 19881116 0
1069 0 19939153 0
1070 0 19545486 0
1071 0 21548300 0
1072 1 10476209 6814
1073 1 14195437 9231
1074 0 20373827 0
1075 0 22717452 0
1076 1 412877 267
1077 1 5540066 3615
1078 0 20974383 0
1079 0 15410105 0
1080 0 19531492 0
1081 0 22654510 0
1082 0 22078612 0
1083 0 15404990 0
1084 1 11950752 7843
1085 0 21733330 0
1086 0 20274014 0
1087 1 12348522 8026
1088 1 13904777 8942
1089 0 22775042 0
1090 0 22824957 0
1091 0 21734130 0
1092 0 22804235 0
1093 0 22792109 0
1094 0 17919776 0
1095 0 22807592 0
1096 0 22772217 0
1097 0 16331951 0
1098 0 22783133 0
1099 0 22781504 0
1100 1 14283488 9392
1101 0 20399198 0
1102 1 3161089 2076
1103 0 20425516 0
1104 0 20065084 0
1105 1 15114926 9942
1106 1 13007646 8495
1107 0 18960938 0
1108 1 4147415 2447
1109 0 19203692 0
1110 0 19303434 0
1111 1 7838593 5154
1112 0 16537670 0
1113 1 8174483 5013
1114 0 20043528 0
1115 0 22481887 0
1116 0 15394880 0
1117 0 20279046 0
1118 0 21296792 0
1119 1 100423 56
1120 1 2370357 1557
1121 0 19644872 0
1122 0 20080828 0
1123 0 22478350 0
1124 0 22437607 0
1125 0 15385204 0
1126 0 21120365 0
1127 1 2021109 1324
1128 0 21312688 0
1129 0 20561089 0
1130 0 21614642 0
1131 0 21505304 0
1132 1 1726462 781
1133 0 19751934 0
1134 0 18958875 0
1135 1 7318690 4785
1136 0 18958319 0
1137 0 19537404 0
1138 0 19593638 0
1139 0 19080514 0
1140 0 22042528 0
1141 0 16251589 0
1142 1 552142 236
1143 1 19069655 8930
1144 1 9080154 5885
1145 1 4403217 2882
1146 0 19265254 0
1147 1 12145094 7907
1148 0 19333812 0
1149 0 18986578 0
1150 1 16708998 7562
1151 0 21220253 0
1152 0 20019000 0
1153 1 3276764 1255
1154 0 22659759 0
1155 0 15430844 0
1156 0 19345723 0
1157 0 22476657 0
1158 1 8798786 5738
1159 0 19686665 0
1160 0 19105792 0
1161 0 15626615 0
1162 0 19307929 0
1163 0 19548316 0
1164 0 20022376 0
1165 0 19451624 0
1166 1 16093674 8064
1167 1 3834699 2498
1168 0 20261831 0
1169 0 21264116 0
1170 1 8858556 5765
1171 0 22132502 0
1172 1 7781919 5122
1173 0 15412291 0
1174 1 19706429 9926
1175 0 17303064 0
1176 0 21562916 0
1177 0 15377506 0
1178 1 9371930 6165
1179 0 16228523 0
1180 0 15395303 0
1181 1 2592943 1704
1182 0 20359739 0
1183 1 2732627 1795
1184 1 3146816 1648
1185 1 1156864 747
1186 1 1431281 718
1187 1 2271173 1492
1188 0 18824057 0
1189 1 8592580 5605
1190 0 19080128 0
1191 0 19220491 0
1192 0 18749623 0
1193 1 5840971 3842
1194 1 1285409 838
1195 0 21346410 0
1196 1 3829546 2520
1197 0 20748765 0
1198 0 20050544 0
1199 0 22659459 0
0 0 22142003 0
1 0 20019799 0
2 0 20085483 0
3 1 5931385 3849
4 0 19087545 0
5 1 11691374 6905
6 0 19229950 0
7 1 1776173 1157
8 1 13896904 9000
9 0 19575477 0
10 0 20132454 0
11 0 21281045 0
12 0 19625643 0
13 0 20025341 0
14 0 19019702 0
15 0 22264755 0
16 1 3923795 2565
17 0 17100985 0
18 0 21394393 0
19 0 20318589 0
20 1 14265761 9245
21 1 15156388 7794
22 1 9483966 6196
23 0 18708832 0
24 0 19273123 0
25 1 3604675 1648
26 0 19037129 0
27 1 15302653 9973
28 0 15493880 0
29 0 20819776 0
30 0 19519435 0
31 1 18823216 9901
32 0 18954736 0
33 1 14630638 7177
34 0 20149870 0
35 1 15625374 7813
36 0 18966642 0
37 0 15426809 0
38 0 20891825 0
39 0 20794562 0
40 0 19621641 0
41 0 22414576 0
42 0 22601647 0
43 1 13892084 6101
44 0 20517809 0
45 0 20077632 0
46 1 11324972 7444
47 0 15407024 0
48 0 22550252 0
49 0 20225910 0
50 0 18783037 0
51 1 8117462 5327
52 0 15433840 0
53 0 20092075 0
54 0 19404401 0
55 1 15156639 4982
56 0 15428780 0
57 0 19889041 0
58 0 20007482 0
59 0 18926929 0
60 1 1826287 896
61 0 19973852 0
62 0 15472473 0
63 0 19047087 0
64 0 21757105 0
65 0 19274647 0
66 1 11416272 7462
67 0 20693905 0
68 1 1912271 1239
69 1 434954 257
70 1 843987 548
71 0 19376730 0
72 0 20574595 0
73 1 12738896 8303
74 0 19906687 0
75 0 22430708 0
76 0 19767787 0
77 0 20225440 0
78 1 634405 405
79 0 19995849 0
80 0 19067590 0
81 0 19939454 0
82 0 15482816 0
83 0 18952840 0
84 0 20088876 0
85 1 10149900 6612
86 0 20265542 0
87 0 22078527 0
88 0 19645435 0
89 0 20275689 0
90 1 2825508 1841
91 0 19988384 0
92 0 19174715 0
93 0 19941186 0
94 0 15420525 0
95 0 19762878 0
96 1 7747339 4501
97 1 15433484 7994
98 0 19037692 0
99 0 19279368 0
100 0 19799020 0
101 1 3109455 1018
102 0 15440192 0
103 0 20600602 0
104 0 19922220 0
105 0 18563705 0
106 0 15447434 0
107 0 20471302 0
108 0 20139659 0
109 1 4675562 2002
110 0 22655717 0
111 0 15420978 0
112 0 20005605 0
113 0 21224158 0
114 0 21640114 0
115 0 20379583 0
116 0 19650904 0
117 1 11507587 7157
118 0 20972508 0
119 0 19574771 0
120 0 20971746 0
121 1 14821628 9632
122 0 15436285 0
123 1 2353948 1534
124 1 8654446 5699
125 1 420998 272
126 0 16618684 0
127 0 19961243 0
128 0 19756786 0
129 0 17504675 0
130 1 10066256 6555
131 1 12205889 7134
132 0 20361572 0
133 0 18889609 0
134 0 19675228 0
135 1 13733393 7021
136 0 19068748 0
137 0 19201384 0
138 0 19410102 0
139 0 22492257 0
140 1 5736669 3784
141 0 19787209 0
142 0 19181529 0
143 0 21318507 0
144 0 20374965 0
145 1 10707521 5151
146 0 20121298 0
147 0 22562309 0
148 1 16100736 7243
149 0 19222710 0
150 1 11662740 6647
151 0 19289956 0
152 0 21872515 0
153 0 20238365 0
154 0 22385986 0
155 1 35851 18
156 0 20767266 0
157 1 11333333 7436
158 0 18876984 0
159 0 19381385 0
160 1 15630476 8120
161 0 20033720 0
162 0 21570788 0
163 0 19374226 0
164 0 19683100 0
165 1 8459814 4463
166 0 19539262 0
167 0 20115365 0
168 0 18821351 0
169 0 18702698 0
170 1 12687818 8289
171 1 1537846 1007
172 0 19632427 0
173 0 22097866 0
174 0 20136401 0
175 0 19476577 0
176 0 21667217 0
177 1 1506410 673
178 0 15536338 0
179 0 20241293 0
180 0 15429525 0
181 0 19049410 0
182 0 19888660 0
183 0 21790373 0
184 1 677026 220
185 0 22126977 0
186 1 13852111 5952
187 0 19799515 0
188 1 13690103 7143
189 1 7838671 5101
190 0 18991466 0
191 0 19194369 0
192 0 15434062 0
193 0 18765787 0
194 1 3285541 2144
195 0 19081973 0
196 0 19131264 0
197 0 21036820 0
198 0 15406067 0
199 1 9248229 6030
200 0 20511406 0
201 0 20866980 0
202 0 19827719 0
203 1 15284693 7807
204 0 16902157 0
205 1 15886977 9604
206 0 19069782 0
207 0 19059970 0
208 0 19419677 0
209 0 20153563 0
210 1 2913312 1470
211 1 2602564 1310
212 0 19598549 0
213 0 19463620 0
214 1 8840596 4221
215 0 19875111 0
216 1 742284 345
217 0 19521336 0
218 1 7816745 5134
219 0 20617403 0
220 0 22739887 0
221 0 22698092 0
222 0 22409373 0
223 0 18359063 0
224 0 21806302 0
225 1 9380819 6190
226 1 19323636 9756
227 1 8564224 5642
228 1 3018820 1985
229 0 22718256 0
230 0 20619309 0
231 0 16390295 0
232 0 21180181 0
233 0 20660355 0
234 0 17030294 0
235 0 22730232 0
236 0 21583832 0
237 0 16391498 0
238 0 20836112 0
239 0 22672607 0
240 1 13470605 5853
241 0 20077699 0
242 0 15442019 0
243 0 19797334 0
244 1 13372552 8670
245 0 19826436 0
246 1 536134 348
247 0 19664957 0
248 0 15419685 0
249 1 3520655 1635
250 0 15448812 0
251 0 15451606 0
252 0 18678172 0
253 0 19422424 0
254 0 19096022 0
255 0 19759979 0
256 0 18781268 0
257 0 19647164 0
258 0 18721984 0
259 1 9883083 5072
260 0 18739067 0
261 0 18596744 0
262 0 19765236 0
263 1 7615128 4959
264 0 19031819 0
265 0 20262878 0
266 0 19607069 0
267 1 3921454 2548
268 0 19786758 0
269 0 15420123 0
270 1 12553369 6075
271 0 18774242 0
272 1 6647368 4335
273 0 19191807 0
274 0 17130271 0
275 0 19429147 0
276 1 7163471 2992
277 0 19113755 0
278 0 19069009 0
279 1 7544714 4916
280 0 19204585 0
281 0 19233820 0
282 0 21563600 0
283 1 1158756 753
284 0 22719026 0
285 0 20599901 0
286 0 21581142 0
287 0 22601420 0
288 1 9481753 3118
289 0 21521385 0
290 0 20521230 0
291 0 21119942 0
292 1 8794643 5733
293 0 19437966 0
294 1 14662031 7572
295 1 2953792 1924
296 1 16697477 9521
297 0 20104392 0
298 1 2460231 1259
299 0 18911031 0
300 0 19914804 0
301 1 17166372 8476
302 0 22665973 0
303 0 22670814 0
304 0 22716939 0
305 1 3759395 2406
306 0 21288777 0
307 1 7922636 5159
308 0 19491857 0
309 0 22577673 0
310 0 22002538 0
311 0 20840901 0
312 0 15429566 0
313 0 19768738 0
314 0 15397906 0
315 0 20537589 0
316 1 9924266 6523
317 1 4513176 2948
318 1 777788 477
319 0 16410150 0
320 0 15449836 0
321 1 14883452 6881
322 1 4464553 2226
323 0 20692240 0
324 1 10380960 6772
325 0 19287021 0
326 0 18753817 0
327 0 20012496 0
328 0 19399842 0
329 0 19019658 0
330 0 20737633 0
331 0 18962641 0
332 0 15452116 0
333 0 19361584 0
334 1 20759121 8693
335 0 15429263 0
336 1 6231746 2050
337 1 3626248 2367
338 0 19355670 0
339 1 17986570 8687
340 1 7344147 4597
341 1 6067030 3971
342 1 14438561 7401
343 0 20043686 0
344 0 19598028 0
345 0 15437760 0
346 0 16056220 0
347 0 22571500 0
348 0 15396808 0
349 1 962652 626
350 0 20009228 0
351 0 18789905 0
352 0 21775235 0
353 1 15876248 8051
354 0 18797350 0
355 0 21055523 0
356 0 19058563 0
357 0 19839264 0
358 0 21603659 0
359 1 6009877 3910
360 0 19577749 0
361 1 5830651 3806
362 1 11170375 7334
363 0 20302298 0
364 1 2103825 1385
365 1 1663736 724
366 0 16616634 0
367 1 5463003 3576
368 1 1193752 778
369 1 503269 160
370 1 5904018 3748
371 0 22858616 0
372 1 9007691 5840
373 0 16672911 0
374 0 20426231 0
375 0 19180255 0
376 0 20749903 0
377 1 4942335 3243
378 1 12450754 8078
379 1 5400972 3544
380 1 2888800 1869
381 0 22639874 0
382 0 22259753 0
383 1 2228542 1463
384 1 6054446 3973
385 1 6916324 4550
386 0 21724973 0
387 0 22105162 0
388 0 20790418 0
389 0 20732458 0
390 1 22251169 9673
391 1 11993758 6472
392 0 20385177 0
393 1 18575526 9638
394 1 4816988 3156
395 0 19575100 0
396 0 22618788 0
397 0 22813375 0
398 1 2955833 1932
399 0 20167150 0
400 1 2619238 896
401 0 17625671 0
402 1 12190941 6883
403 1 7555531 4940
404 0 22799055 0
405 0 16855323 0
406 0 19211790 0
407 0 20067981 0
408 0 21999556 0
409 1 3765637 2479
410 0 21322814 0
411 1 11577943 6000
412 0 15454358 0
413 1 509916 329
414 0 19383815 0
415 0 19937503 0
416 0 15438878 0
417 1 7667105 4816
418 0 19231510 0
419 0 19569043 0
420 0 19653558 0
421 0 19438778 0
422 0 19841537 0
423 0 19400292 0
424 0 15426761 0
425 0 18767694 0
426 0 19408335 0
427 0 19561197 0
428 1 19094957 8667
429 0 20082237 0
430 0 16672873 0
431 0 19120630 0
432 0 19296269 0
433 0 19326929 0
434 1 17165952 9442
435 0 20040542 0
436 1 3933137 1773
437 0 20198847 0
438 0 22744015 0
439 0 20863499 0
440 0 20592787 0
441 0 22704320 0
442 1 15004762 9905
443 0 17892121 0
444 0 15426062 0
445 0 20402904 0
446 0 20470101 0
447 1 19887959 9523
448 0 22645543 0
449 1 6223635 4072
450 1 10023894 6582
451 0 20892780 0
452 0 21459449 0
453 0 15442071 0
454 0 20773195 0
455 1 14074195 9185
456 1 1889247 1232
457 1 4170991 2718
458 0 20408432 0
459 1 3537954 1823
460 0 19564223 0
461 0 21617953 0
462 0 17425027 0
463 0 18875664 0
464 0 18874628 0
465 0 18865442 0
466 1 632589 255
467 0 19603198 0
468 0 21187953 0
469 0 20160728 0
470 1 14743427 6984
471 1 7684683 5008
472 0 18729111 0
473 1 15771672 7991
474 0 19494105 0
475 1 47174 22
476 0 19115395 0
477 0 20008465 0
478 1 5186895 2841
479 0 18967824 0
480 1 8135608 4508
481 0 15449590 0
482 0 18925385 0
483 0 18584994 0
484 1 3398001 2227
485 0 22677962 0
486 1 10626513 6969
487 0 20780035 0
488 0 20815630 0
489 0 15442218 0
490 0 20014119 0
491 0 20035968 0
492 0 19160377 0
493 1 15953159 8087
494 0 19453519 0
495 0 19993431 0
496 0 17440630 0
497 0 19351478 0
498 0 19386534 0
499 0 19055085 0
500 0 22420105 0
501 1 6527663 2906
502 0 15413090 0
503 0 20622073 0
504 1 10536953 6931
505 0 22176644 0
506 0 20822984 0
507 1 4062437 2655
508 1 20120609 8173
509 0 22835574 0
510 1 15076795 9909
511 0 18954858 0
512 0 15430303 0
513 0 20477205 0
514 0 20912555 0
515 1 3654721 2324
516 0 22477762 0
517 0 20130530 0
518 0 19608156 0
519 0 21604706 0
520 0 20811371 0
521 0 22840961 0
522 1 1151538 750
523 0 22809840 0
524 0 22817646 0
525 1 1534473 1006
526 0 22554751 0
527 0 22377235 0
528 0 22222074 0
529 0 22552715 0
530 0 21766195 0
531 1 10779357 7085
532 0 22240230 0
533 0 20693757 0
534 1 5432290 3536
535 0 19393772 0
536 0 20262973 0
537 1 3079268 2016
538 1 5898764 3802
539 0 21898472 0
540 1 4314527 1992
541 0 20268752 0
542 1 291280 108
543 0 20298317 0
544 1 3361425 1843
545 0 19988776 0
546 0 18883904 0
547 0 20531401 0
548 1 1807843 1167
549 0 19681308 0
550 0 19231904 0
551 1 2177251 1426
552 1 19088959 8276
553 1 13914809 9124
554 0 15416565 0
555 0 19532187 0
556 1 11410553 7414
557 1 10329414 4543
558 0 19369004 0
559 1 10326006 4578
560 1 1079027 351
561 0 15756379 0
562 0 20049333 0
563 0 20530323 0
564 0 22678365 0
565 1 9586 0
566 1 19312820 9699
567 0 19373593 0
568 0 19734042 0
569 0 20765958 0
570 0 15456275 0
571 1 3265909 2145
572 1 12841216 8421
573 1 1061601 696
574 0 20498310 0
575 0 19999395 0
576 0 22850832 0
577 0 21616206 0
578 0 21354073 0
579 1 13048925 8561
580 0 20470741 0
581 0 15435049 0
582 0 19368515 0
583 0 21810651 0
584 0 20397796 0
585 1 15535330 9244
586 0 19196193 0
587 1 8696337 5722
588 0 19136166 0
589 0 20115191 0
590 0 22782540 0
591 0 21078802 0
592 0 17762306 0
593 1 11870304 7809
594 0 15438460 0
595 1 5316821 3489
596 1 7303934 4735
597 0 20254411 0
598 0 22547367 0
599 0 15409925 0
600 1 1373027 509
601 0 21594163 0
602 0 19415972 0
603 1 13847217 9090
604 0 21219579 0
605 0 20853112 0
606 0 15430441 0
607 0 22861873 0
608 0 21543340 0
609 1 8163821 5313
610 0 19506926 0
611 0 18611308 0
612 0 20281108 0
613 0 19814513 0
614 0 22727864 0
615 0 20505336 0
616 1 2993620 1939
617 0 20030313 0
618 0 22533197 0
619 1 1788272 1172
620 0 21428865 0
621 1 2524635 1649
622 1 13659493 8096
623 0 20061789 0
624 0 20042627 0
625 0 18988603 0
626 0 21610136 0
627 1 6562399 4233
628 0 21426746 0
629 1 9244814 4223
630 1 14583892 9556
631 0 19056851 0
632 1 3838226 2495
633 0 19383735 0
634 1 5265434 3451
635 0 19839419 0
636 0 20024001 0
637 0 19412137 0
638 0 21952710 0
639 0 20053085 0
640 1 10501516 5518
641 0 18826770 0
642 1 11278009 5707
643 0 21196041 0
644 0 15464289 0
645 0 20655161 0
646 1 15762232 8162
647 1 156588 96
648 1 14736277 7425
649 0 15461888 0
650 0 19227090 0
651 0 22435261 0
652 1 14405572 7423
653 0 18756276 0
654 1 5654411 3688
655 0 19368856 0
656 1 8531721 5552
657 0 19093196 0
658 0 19404288 0
659 1 1298801 843
660 1 12332582 6801
661 0 22098829 0
662 0 22622117 0
663 0 21384693 0
664 0 17365753 0
665 0 20931728 0
666 0 22696175 0
667 0 15439098 0
668 1 9258989 6099
669 0 18979049 0
670 0 18857070 0
671 1 3281265 2127
672 0 20073117 0
673 1 850573 528
674 0 19983927 0
675 0 21161487 0
676 0 19821033 0
677 1 4869469 3202
678 0 21197247 0
679 0 20437753 0
680 0 15488611 0
681 0 15425798 0
682 1 3132153 1597
683 0 15449602 0
684 1 13087104 8476
685 0 19338632 0
686 1 2246286 1464
687 0 22737707 0
688 0 21153868 0
689 0 18964103 0
690 0 22104594 0
691 0 15925196 0
692 0 20485292 0
693 1 6702805 4417
694 1 4964448 3231
695 0 20776993 0
696 1 3774567 2457
697 1 3274564 1909
698 0 15419306 0
699 1 16408614 7499
700 0 21259784 0
701 0 20582812 0
702 0 21101102 0
703 1 1595913 1039
704 1 11670766 7607
705 1 1985639 1292
706 0 20044052 0
707 0 19387106 0
708 1 7762583 5056
709 1 14665428 9535
710 0 19892131 0
711 1 3592453 2357
712 0 20191179 0
713 0 19180171 0
714 0 21324262 0
715 1 16818987 8646
716 0 19880913 0
717 0 21106361 0
718 0 22200280 0
719 0 18747179 0
720 0 20100511 0
721 0 15431316 0
722 0 19116101 0
723 0 20281168 0
724 1 14310904 8810
725 0 19268145 0
726 0 16259866 0
727 0 20275973 0
728 0 19195058 0
729 0 19093518 0
730 1 995295 328
731 1 493721 177
732 0 19608990 0
733 1 9139030 5961
734 0 22480227 0
735 0 21443626 0
736 0 22726810 0
737 0 19704512 0
738 1 7663103 4725
739 0 22469155 0
740 0 15441752 0
741 0 21275738 0
742 0 21261155 0
743 0 15448195 0
744 0 18951345 0
745 1 642562 325
746 0 19405417 0
747 0 19871924 0
748 0 15461104 0
749 0 15438479 0
750 0 18780785 0
751 0 18811865 0
752 0 20532099 0
753 1 11672767 7664
754 1 7155306 4663
755 1 1696544 1106
756 0 22696500 0
757 0 22719141 0
758 0 22506656 0
759 0 20512195 0
760 0 22695473 0
761 1 10133362 6641
762 0 20711019 0
763 1 13344725 8790
764 0 19608105 0
765 0 19564061 0
766 1 9537293 6259
767 0 22505559 0
768 0 15447096 0
769 0 20251295 0
770 0 19127338 0
771 1 2711303 1131
772 0 22581810 0
773 1 4721053 3072
774 0 21196441 0
775 0 19459636 0
776 0 15440461 0
777 1 4268920 2268
778 0 18998059 0
779 0 20009188 0
780 1 10806532 7062
781 1 13870879 7016
782 0 19434917 0
783 0 19107771 0
784 1 15125870 8355
785 0 19189041 0
786 0 19927683 0
787 0 20742813 0
788 1 11011326 7157
789 0 22041919 0
790 1 4313253 2803
791 0 18922087 0
792 1 7173460 4676
793 0 20344779 0
794 0 19276619 0
795 1 17461273 8691
796 0 20823298 0
797 0 22712215 0
798 1 10488733 6823
799 1 939678 617
800 0 20253679 0
801 0 21880886 0
802 0 20400377 0
803 0 19410570 0
804 1 8618759 3782
805 0 22643976 0
806 0 21789573 0
807 0 20038957 0
808 1 7813983 5092
809 0 19846941 0
810 0 19692620 0
811 0 22605333 0
812 1 14204845 9274
813 1 7730831 2536
814 0 18708651 0
815 0 22650473 0
816 1 1001485 649
817 0 22697610 0
818 0 22633563 0
819 0 22704584 0
820 1 9761583 6364
821 0 18774673 0
822 1 4218855 2746
823 1 5379816 3343
824 0 22120539 0
825 1 8492994 5309
826 0 19201904 0
827 1 2489185 1621
828 1 2398831 1119
829 0 22151213 0
830 0 15408782 0
831 0 19441406 0
832 0 19711604 0
833 0 19124408 0
834 0 15474638 0
835 0 15418319 0
836 1 5231335 1696
837 0 19865023 0
838 0 15458627 0
839 1 9895904 4641
840 1 2120193 1138
841 0 19249283 0
842 0 19131342 0
843 0 17602850 0
844 0 19148128 0
845 0 18894592 0
846 1 6547062 4288
847 0 15472684 0
848 1 4823502 3161
849 1 5367496 2474
850 1 2747138 1747
851 1 7693396 4086
852 0 20015796 0
853 1 13784975 7186
854 1 12468193 8215
855 0 19045824 0
856 0 18789325 0
857 0 16773140 0
858 1 4902595 3222
859 0 19547394 0
860 1 1636883 1073
861 0 20127090 0
862 0 15690547 0
863 1 1473422 958
864 0 19278611 0
865 0 19151482 0
866 0 17162074 0
867 0 19295867 0
868 1 14330489 9328
869 1 231893 113
870 0 21811922 0
871 0 20744900 0
872 0 21466695 0
873 0 18541339 0
874 0 22035103 0
875 1 16624901 7301
876 1 770495 498
877 0 20431348 0
878 0 19642364 0
879 0 19957407 0
880 0 19920729 0
881 0 15418793 0
882 0 15413298 0
883 0 19520553 0
884 0 15852562 0
885 1 7357818 4801
886 0 19688474 0
887 0 22722670 0
888 0 20413444 0
889 0 19860444 0
890 0 20547885 0
891 0 21706839 0
892 0 21848530 0
893 0 19665144 0
894 1 12560896 8218
895 0 19023026 0
896 0 18822134 0
897 0 20653077 0
898 1 12380111 8141
899 0 22658132 0
900 0 22522382 0
901 0 19735724 0
902 0 22348854 0
903 0 16060957 0
904 0 15442885 0
905 1 7407729 2487
906 0 21868261 0
907 0 20572976 0
908 0 22415659 0
909 1 7506275 4919
910 1 2886603 1464
911 0 22847183 0
912 1 2171074 703
913 0 15450764 0
914 1 10836101 7097
915 0 15469592 0
916 1 1604453 1052
917 0 21037922 0
918 0 21654858 0
919 1 4240308 2779
920 0 15488679 0
921 1 6364529 2982
922 1 9698264 5604
923 0 18998414 0
924 0 19284515 0
925 0 20598596 0
926 1 5026608 2231
927 0 18961921 0
928 0 15437034 0
929 0 18873473 0
930 0 19885211 0
931 1 3520998 2317
932 0 20467360 0
933 0 21908163 0
934 1 13606326 5259
935 0 20659626 0
936 0 16207723 0
937 0 22312647 0
938 0 21140871 0
939 0 17348046 0
940 1 109313 46
941 0 20572317 0
942 1 9559025 6228
943 0 19870028 0
944 0 20150876 0
945 1 338169 198
946 0 22404370 0
947 0 20403714 0
948 0 20338320 0
949 1 12502312 8165
950 0 22712687 0
951 0 22654301 0
952 1 5058179 3279
953 1 2959553 1928
954 0 21747042 0
955 0 19898703 0
956 1 3530563 2305
957 1 3664691 2395
958 0 19390193 0
959 0 19614715 0
960 0 19179035 0
961 1 13973941 9115
962 0 19998998 0
963 1 2130833 1398
964 0 20498194 0
965 1 3140695 2043
966 1 11261320 7341
967 0 22128905 0
968 0 15512957 0
969 0 20948124 0
970 0 19454288 0
971 0 19817527 0
972 1 3583524 1723
973 1 4854939 3171
974 0 22643795 0
975 1 10882463 5291
976 1 4910286 2973
977 0 16701385 0
978 0 19956010 0
979 1 12768880 6039
980 0 19568956 0
981 1 1027744 666
982 1 17405094 8329
983 0 19691939 0
984 1 4363070 2857
985 0 20071182 0
986 0 20537822 0
987 0 21938649 0
988 0 18847467 0
989 0 19025598 0
990 1 6234787 4084
991 1 11609846 7636
992 1 14786499 6630
993 1 9051947 5947
994 1 4224551 2763
995 0 20262575 0
996 0 21082890 0
997 0 15497187 0
998 1 5729535 3724
999 0 15416469 0
1000 0 20242365 0
1001 0 18048430 0
1002 0 21369600 0
1003 0 19136094 0
1004 0 21093079 0
1005 0 22449057 0
1006 1 9812126 6012
1007 1 137738 87
1008 0 21917044 0
1009 1 785073 501
1010 0 22505559 0
1011 1 9349437 6139
1012 0 15416261 0
1013 1 513190 328
1014 0 19624006 0
1015 0 19373686 0
1016 1 17397997 8692
1017 0 20124851 0
1018 0 21232913 0
1019 1 1760288 1153
1020 1 7413584 4052
1021 0 19046953 0
1022 0 19127681 0
1023 0 22399648 0
1024 1 13804799 9060
1025 0 16959763 0
1026 0 19683770 0
1027 0 22748441 0
1028 1 751715 487
1029 0 17206466 0
1030 0 19494754 0
1031 1 2337191 1059
1032 0 19278584 0
1033 0 19155741 0
1034 0 19102543 0
1035 0 20752767 0
1036 0 17588443 0
1037 0 18803052 0
1038 1 5410501 2493
1039 1 4093846 2664
1040 0 19069466 0
1041 1 4525756 2941
1042 1 568938 372
1043 1 811306 271
1044 0 22682740 0
1045 0 22706597 0
1046 1 10770097 7084
1047 0 20981904 0
1048 0 19179508 0
1049 1 15653395 9056
1050 0 16566042 0
1051 0 19606290 0
1052 1 8338460 4159
1053 0 19315366 0
1054 0 15428787 0
1055 0 19982031 0
1056 0 19976272 0
1057 0 17455492 0
1058 1 561253 367
1059 0 19107978 0
1060 0 19449704 0
1061 0 19175146 0
1062 0 20124460 0
1063 0 19098839 0
1064 1 11448333 7229
1065 0 19661830 0
1066 0 19695376 0
1067 1 2471763 1617
1068 0 18709100 0
1069 0 21907403 0
1070 1 6322706 4146
1071 0 19932209 0
1072 1 1614458 1055
1073 1 6033312 3494
1074 0 18949876 0
1075 0 19113239 0
1076 0 19179236 0
1077 1 7633342 3878
1078 0 20221529 0
1079 0 15438172 0
1080 0 18809553 0
1081 0 19329993 0
1082 0 19509145 0
1083 0 19145289 0
1084 0 19221215 0
1085 1 16461181 6716
1086 0 21101781 0
1087 1 294945 191
1088 1 702505 460
1089 0 19905006 0
1090 0 22221816 0
1091 0 20237997 0
1092 1 7548972 4350
1093 0 20248349 0
1094 0 19390778 0
1095 0 22567621 0
1096 0 21743041 0
1097 0 20937671 0
1098 0 20315371 0
1099 0 19182742 0
1100 0 19064183 0
1101 0 19831433 0
1102 0 20298587 0
1103 0 19505029 0
1104 0 18870465 0
1105 0 20195070 0
1106 0 15442479 0
1107 0 15432969 0
1108 1 10314142 6738
1109 0 19197954 0
1110 0 21080489 0
1111 0 21113049 0
1112 0 22714633 0
1113 1 2486225 1618
1114 1 8133061 5369
1115 1 6437916 4203
1116 0 21205029 0
1117 1 5425588 3576
1118 0 22761205 0
1119 0 21092602 0
1120 0 16096074 0
1121 0 20876617 0
1122 1 14245701 9329
1123 0 21162559 0
1124 0 21014742 0
1125 0 20573132 0
1126 1 14998256 9802
1127 0 20818210 0
1128 0 21438194 0
1129 1 11896575 5792
1130 0 16576066 0
1131 0 22692968 0
1132 0 19434552 0
1133 0 20077787 0
1134 0 19518579 0
1135 1 9332606 5918
1136 0 22721003 0
1137 0 20902719 0
1138 0 19778461 0
1139 0 18796062 0
1140 0 19404393 0
1141 0 20349494 0
1142 1 5202521 2417
1143 0 16763043 0
1144 0 19866165 0
1145 0 19362381 0
1146 0 20807217 0
1147 1 17134562 8565
1148 0 19525152 0
1149 0 20134719 0
1150 0 20225132 0
1151 0 19776499 0
1152 1 8123116 5261
1153 1 3126893 2048
1154 0 22622489 0
1155 0 22691258 0
1156 0 20923348 0
1157 0 20240523 0
1158 1 1230218 624
1159 0 20438692 0
1160 0 20239337 0
1161 0 19381508 0
1162 0 20163980 0
1163 1 1563255 1015
1164 0 22743240 0
1165 0 22077144 0
1166 0 20914459 0
1167 0 17207099 0
1168 0 21381564 0
1169 1 5558492 2433
1170 0 19324888 0
1171 0 19651156 0
1172 1 10412389 5226
1173 0 15421232 0
1174 0 19538089 0
1175 0 15408787 0
1176 1 8132151 4478
1177 0 19519102 0
1178 0 21185328 0
1179 1 6632567 2925
1180 0 22673681 0
1181 0 19883362 0
1182 1 101753 60
1183 1 8463629 5500
1184 1 13235975 8611
1185 0 15427335 0
1186 1 9817192 6397
1187 0 18911612 0
1188 1 4100588 2670
1189 1 10160495 6618
1190 0 22411003 0
1191 0 19960046 0
1192 0 19621702 0
1193 0 18821983 0
1194 1 8861142 4819
1195 0 19725336 0
1196 0 19440523 0
1197 0 19549747 0
1198 0 21281091 0
1199 0 20908140 0
0 0 20305884 0
1 0 15426216 0
2 0 19664013 0
3 0 20243386 0
4 0 15451187 0
5 0 20035772 0
6 0 18955638 0
7 0 19476049 0
8 0 19246727 0
9 1 4336628 2835
10 0 19680868 0
11 0 20958486 0
12 0 20621034 0
13 0 20954249 0
14 0 16603535 0
15 1 2413846 1575
16 0 19786121 0
17 0 19684519 0
18 0 19709698 0
19 0 18974962 0
20 1 5352819 3501
21 0 18843351 0
22 1 10707079 6356
23 0 19347643 0
24 0 19851888 0
25 1 12685225 6377
26 0 19567480 0
27 0 19332382 0
28 1 10549302 6254
29 0 21355494 0
30 0 20637601 0
31 0 22002853 0
32 1 6441859 4219
33 1 4224246 2758
34 0 19987704 0
35 1 13943234 6636
36 0 20944156 0
37 1 834821 542
38 0 19894551 0
39 0 20704509 0
40 0 22363713 0
41 1 7063090 4662
42 0 15418124 0
43 0 20559162 0
44 1 9813989 6369
45 0 15459480 0
46 1 13967720 9100
47 0 20108452 0
48 1 10460709 6813
49 0 19358863 0
50 0 22225513 0
51 0 21552931 0
52 0 20813828 0
53 1 8492969 3145
54 0 22473576 0
55 0 20567777 0
56 0 21126019 0
57 0 22329363 0
58 0 22281247 0
59 0 22677235 0
60 0 18533427 0
61 0 19325292 0
62 0 19677769 0
63 1 12251238 4746
64 1 4706093 3069
65 0 19809449 0
66 0 20578190 0
67 0 21870109 0
68 1 13351536 8803
69 0 21020154 0
70 1 11065197 7280
71 0 20747058 0
72 0 20036639 0
73 1 21990359 9446
74 0 21593865 0
75 0 20157827 0
76 0 21432158 0
77 1 3938830 2564
78 0 20290968 0
79 0 19987950 0
80 0 21025701 0
81 0 19724085 0
82 0 18875298 0
83 0 22622741 0
84 0 21570300 0
85 1 12609130 7572
86 0 19585682 0
87 0 19545299 0
88 0 19149590 0
89 1 3494219 2269
90 1 3659190 1710
91 0 20201392 0
92 0 19219939 0
93 0 21280792 0
94 0 21468789 0
95 0 20205525 0
96 0 15419437 0
97 0 19441077 0
98 0 15440897 0
99 1 1445033 946
100 0 20060007 0
101 0 20211483 0
102 0 21014628 0
103 0 22819614 0
104 1 10372161 6724
105 0 19669516 0
106 0 20374995 0
107 1 17850410 9641
108 0 19986852 0
109 0 15427015 0
110 0 22696071 0
111 1 12076116 7938
112 0 20919552 0
113 1 817405 525
114 0 22849306 0
115 1 13699656 8973
116 1 373635 232
117 0 15433758 0
118 0 18985687 0
119 0 19929644 0
120 0 19512420 0
121 1 13160016 8076
122 0 18939073 0
123 1 5541559 3616
124 0 18219387 0
125 1 926075 600
126 1 14640408 9558
127 1 10567667 6891
128 0 15459178 0
129 0 19602981 0
130 1 1268134 823
131 1 12109335 7396
132 0 20087905 0
133 1 18331247 9948
134 0 19394683 0
135 0 22580842 0
136 0 21110192 0
137 0 19602567 0
138 0 19327042 0
139 0 21586369 0
140 0 20488776 0
141 1 11602033 7559
142 1 11993806 6058
143 0 19240410 0
144 0 22048846 0
145 0 21901478 0
146 0 15490627 0
147 0 18926156 0
148 0 20154142 0
149 0 20728353 0
150 1 2206068 1367
151 0 21184386 0
152 0 19781516 0
153 0 15432509 0
154 0 19087536 0
155 1 19083100 9478
156 0 15476307 0
157 0 20006432 0
158 0 15419624 0
159 0 19477909 0
160 1 12986152 8424
161 1 14473694 8405
162 0 20432662 0
163 1 4184304 2734
164 0 15498467 0
165 0 20732879 0
166 1 15963711 8540
167 0 21829496 0
168 0 19791240 0
169 0 18999407 0
170 0 18998437 0
171 0 19438949 0
172 1 13551257 8868
173 0 19017972 0
174 0 21105452 0
175 0 15424078 0
176 1 4107682 2706
177 0 20133688 0
178 1 8292663 3813
179 0 19255626 0
180 0 21341033 0
181 0 19435425 0
182 0 20049056 0
183 0 21086456 0
184 0 19593860 0
185 1 6074316 3972
186 0 19189264 0
187 0 22400560 0
188 0 15468969 0
189 1 15875506 9172
190 1 4980565 2389
191 1 3282480 2133
192 0 18816605 0
193 0 22296429 0
194 0 19700270 0
195 0 19775198 0
196 1 18303449 9801
197 0 19453188 0
198 0 20180957 0
199 0 21671507 0
200 0 22058298 0
201 0 22458400 0
202 0 21690175 0
203 1 8069263 5275
204 0 19116158 0
205 0 20723552 0
206 1 11360516 7414
207 1 6052162 2653
208 1 3651721 2371
209 0 19063756 0
210 0 15463094 0
211 0 22483478 0
212 0 18820223 0
213 0 19320451 0
214 0 15440919 0
215 0 15443640 0
216 1 1495420 981
217 0 19157379 0
218 0 20608985 0
219 0 15410398 0
220 0 19747106 0
221 0 20564497 0
222 0 20604977 0
223 0 19907625 0
224 1 5684030 3681
225 1 7174803 4477
226 1 1659889 1082
227 1 3452626 1983
228 0 15453563 0
229 0 21614403 0
230 0 19863767 0
231 1 16196047 8421
232 0 19219953 0
233 0 21868415 0
234 0 21840895 0
235 0 15417495 0
236 0 19588966 0
237 1 15983995 8275
238 0 15423973 0
239 0 15438397 0
240 1 7016113 3601
241 0 19662575 0
242 1 3281169 2130
243 0 22028041 0
244 0 21010929 0
245 1 3867985 2541
246 1 6741241 4434
247 0 20033087 0
248 0 15422941 0
249 1 14626054 9544
250 0 20443024 0
251 0 18407136 0
252 0 21375532 0
253 0 19669712 0
254 1 9807253 6351
255 1 3764315 1763
256 0 18950658 0
257 0 19079760 0
258 0 20015136 0
259 1 6765763 3727
260 0 18885927 0
261 1 8869994 5834
262 0 19962349 0
263 1 12177625 8009
264 1 7159778 4714
265 0 19482407 0
266 0 15417301 0
267 0 19601266 0
268 1 14076241 6585
269 1 14259573 9366
270 0 20272665 0
271 0 19759315 0
272 1 4572095 3004
273 0 20061937 0
274 0 19333213 0
275 0 18730723 0
276 1 10120428 6659
277 0 19111019 0
278 0 15427863 0
279 0 19602543 0
280 1 15637480 8767
281 0 19255484 0
282 1 1071510 689
283 0 20643858 0
284 0 21607114 0
285 1 11089358 5419
286 0 19260975 0
287 0 18951939 0
288 0 22304557 0
289 1 2130877 1404
290 1 4251757 2804
291 0 20444036 0
292 0 19381610 0
293 1 12809549 8317
294 0 19420862 0
295 0 22838241 0
296 0 19960157 0
297 0 20402639 0
298 0 19310148 0
299 1 3784315 2484
300 0 18873512 0
301 0 19664572 0
302 1 7855729 3600
303 1 13218592 5273
304 0 19305266 0
305 0 19699850 0
306 0 19540566 0
307 0 19288155 0
308 1 18153128 9667
309 1 2804261 1826
310 0 21117502 0
311 0 19607681 0
312 0 19586148 0
313 1 12915110 8428
314 0 15487270 0
315 0 19790510 0
316 0 20723181 0
317 0 15510463 0
318 1 10117357 5381
319 0 20186435 0
320 0 22522600 0
321 0 20205676 0
322 1 4964522 3236
323 0 19718233 0
324 1 6271585 4095
325 1 7268323 4756
326 1 14604633 9493
327 0 19482361 0
328 0 15441771 0
329 0 20257214 0
330 0 18733505 0
331 1 12820602 6339
332 0 19062305 0
333 1 5438652 3153
334 0 19788080 0
335 0 15427868 0
336 1 3231854 2122
337 0 20118301 0
338 0 19750034 0
339 1 11272670 5927
340 0 19389893 0
341 0 22486481 0
342 0 18725669 0
343 0 19243748 0
344 0 15488051 0
345 1 73585 41
346 1 4222942 2669
347 0 22630758 0
348 0 15434474 0
349 1 12136243 6474
350 0 20030629 0
351 0 20573372 0
352 0 15459315 0
353 0 22015778 0
354 0 20852498 0
355 1 7420180 4868
356 0 21106853 0
357 0 20696891 0
358 0 19704035 0
359 1 10458329 6827
360 0 19676486 0
361 1 12922151 4569
362 0 21977195 0
363 0 18993963 0
364 0 15417166 0
365 0 19336849 0
366 1 6694622 4377
367 0 20420278 0
368 0 20000677 0
369 1 13728052 9061
370 0 22732087 0
371 0 22701029 0
372 0 15460643 0
373 0 22712681 0
374 0 22715164 0
375 1 12164929 7935
376 0 22545181 0
377 0 21173214 0
378 0 20550293 0
379 1 12640417 5971
380 1 8164364 3876
381 0 20422930 0
382 1 568145 264
383 0 18851503 0
384 0 15418806 0
385 1 3326864 2190
386 0 15426648 0
387 0 15414469 0
388 0 18950538 0
389 1 15031405 9876
390 1 14382416 9448
391 1 12965503 8548
392 1 2989261 1671
393 0 15531182 0
394 0 19313767 0
395 0 19303482 0
396 0 20834037 0
397 0 19201839 0
398 0 19775713 0
399 0 22729616 0
400 0 20205821 0
401 0 19770526 0
402 0 19518381 0
403 0 20075105 0
404 0 22749832 0
405 1 4560770 2974
406 0 20904978 0
407 0 20854437 0
408 0 22649557 0
409 0 21406702 0
410 1 3852142 1655
411 1 2087782 1352
412 0 20123878 0
413 1 1080124 708
414 1 8974474 4188
415 0 15429315 0
416 0 20592430 0
417 1 9912653 5178
418 0 19320321 0
419 1 13917376 7733
420 0 19070538 0
421 0 15427257 0
422 0 20886665 0
423 0 19895591 0
424 0 20325897 0
425 1 540914 317
426 1 7838015 4977
427 0 21717015 0
428 1 9975335 6547
429 1 1671642 1078
430 0 20066570 0
431 0 20132467 0
432 0 15441050 0
433 1 490732 317
434 1 16325095 8308
435 0 19586121 0
436 0 15425897 0
437 0 19559052 0
438 0 19197790 0
439 0 20776042 0
440 0 19542727 0
441 0 19220768 0
442 0 19498160 0
443 1 11989374 7829
444 1 20259001 8375
445 0 22699317 0
446 1 7854356 5152
447 1 11047668 6785
448 0 20844881 0
449 1 12852771 8312
450 0 18847583 0
451 1 10163651 4913
452 0 19104601 0
453 1 2823492 1832
454 0 18894448 0
455 0 22156722 0
456 0 20878632 0
457 1 4034822 2456
458 0 21594189 0
459 0 21158623 0
460 0 15513373 0
461 0 19113401 0
462 0 19558947 0
463 0 18928536 0
464 1 7579625 4936
465 0 19489788 0
466 0 22704872 0
467 1 13686173 8979
468 0 20377806 0
469 1 16418334 8984
470 0 20238032 0
471 0 19561970 0
472 0 19304424 0
473 1 14447990 6887
474 0 19559263 0
475 1 2108952 1373
476 0 19678827 0
477 0 22200285 0
478 0 15535773 0
479 0 20014150 0
480 1 1374655 897
481 0 15454158 0
482 0 19481370 0
483 0 19035049 0
484 1 2318992 1353
485 1 14636565 9625
486 0 19887336 0
487 1 10653357 3946
488 0 15421900 0
489 1 7104320 4671
490 0 20197615 0
491 1 4436908 2920
492 0 19468205 0
493 0 19173677 0
494 0 20569560 0
495 0 15417219 0
496 0 19703815 0
497 0 19213832 0
498 0 15780638 0
499 0 19309744 0
500 1 7456486 3152
501 1 7155155 4601
502 1 5281854 2952
503 0 17664967 0
504 0 19611425 0
505 1 9806991 6392
506 0 21045116 0
507 1 15241 5
508 0 19472503 0
509 1 12792144 7834
510 1 11863753 6937
511 0 20343730 0
512 1 5167807 3372
513 0 19287138 0
514 0 21205180 0
515 0 19668925 0
516 0 15437745 0
517 0 19080987 0
518 1 10063298 6561
519 0 20206384 0
520 1 3393266 1405
521 0 19186951 0
522 0 19382237 0
523 0 19908417 0
524 1 11992553 7804
525 0 19120970 0
526 0 19719670 0
527 0 19691648 0
528 0 19045120 0
529 0 19551518 0
530 1 18442904 9417
531 1 40476 23
532 0 19036722 0
533 0 19474793 0
534 1 8774457 5768
535 0 22124657 0
536 0 20666062 0
537 1 11791964 7456
538 0 22562166 0
539 1 10831357 7140
540 0 20671922 0
541 0 22679280 0
542 1 13874662 9059
543 1 7974360 4712
544 0 20018817 0
545 0 20304030 0
546 0 20735270 0
547 0 22641493 0
548 0 22363493 0
549 1 593866 387
550 1 11550884 7623
551 0 20538642 0
552 1 8112653 5268
553 0 22723177 0
554 0 21604227 0
555 0 21315981 0
556 0 15440132 0
557 1 12080488 7949
558 1 4630316 3017
559 0 20018071 0
560 0 19552228 0
561 0 19902389 0
562 0 15484931 0
563 0 19617973 0
564 1 1711073 1114
565 0 19971019 0
566 0 19855987 0
567 0 19396899 0
568 0 21284400 0
569 0 19539646 0
570 1 2719151 1201
571 0 19498242 0
572 0 15443630 0
573 0 20162926 0
574 1 10723355 7013
575 0 22698648 0
576 0 20468204 0
577 0 20654711 0
578 0 20385656 0
579 0 19371513 0
580 0 20190749 0
581 0 19167403 0
582 0 20034981 0
583 0 19898952 0
584 1 1769975 1145
585 1 1970980 947
586 1 451063 196
587 0 19133077 0
588 1 1446168 936
589 0 19263432 0
590 0 20222351 0
591 0 19251276 0
592 0 21508369 0
593 0 20711952 0
594 1 14474539 6790
595 0 20000282 0
596 1 13095893 7905
597 0 19804629 0
598 0 19501565 0
599 0 20222440 0
600 0 15428419 0
601 0 22329238 0
602 0 20391821 0
603 1 179963 112
604 0 19625380 0
605 0 21087046 0
606 1 11894889 6223
607 0 15435943 0
608 0 19855279 0
609 0 19877364 0
610 1 4523611 2963
611 0 22562039 0
612 0 19811367 0
613 0 19274085 0
614 0 19491763 0
615 1 5625727 3674
616 0 15447346 0
617 0 19484085 0
618 0 19779883 0
619 1 17117150 7993
620 1 19817824 8076
621 1 10582376 6908
622 1 9371236 5579
623 0 19700146 0
624 0 21585445 0
625 1 4769831 3109
626 0 20078883 0
627 0 20258267 0
628 1 8977854 5873
629 0 19801107 0
630 0 18958405 0
631 1 8415987 4113
632 1 2590218 1697
633 0 21510811 0
634 1 10649062 6967
635 0 19441327 0
636 0 19014459 0
637 0 15490863 0
638 0 19119133 0
639 0 15439388 0
640 0 19042167 0
641 1 10282765 5845
642 0 19266383 0
643 0 20641962 0
644 0 20244418 0
645 1 10054565 4550
646 0 19164738 0
647 1 548170 354
648 0 22718176 0
649 1 2928667 1911
650 0 19717874 0
651 1 16674134 9171
652 0 17157407 0
653 0 19075711 0
654 0 19032142 0
655 0 18911761 0
656 1 2782830 1146
657 1 5726457 3746
658 0 15434104 0
659 1 3236888 2107
660 1 11997821 5841
661 0 18769581 0
662 0 20660407 0
663 0 19327758 0
664 0 19741789 0
665 0 20235043 0
666 0 18826942 0
667 0 18865309 0
668 0 15465427 0
669 1 1002146 652
670 0 20190791 0
671 0 19782494 0
672 1 8763988 5704
673 1 7864053 5142
674 0 19904450 0
675 0 20650941 0
676 1 87314 53
677 0 20168751 0
678 0 19445141 0
679 1 7436391 4889
680 0 18806187 0
681 0 20960757 0
682 0 19928552 0
683 1 2226987 1069
684 0 19455248 0
685 1 13815698 9090
686 0 19630259 0
687 0 19086227 0
688 0 15463153 0
689 0 19349962 0
690 1 1303880 846
691 1 4128225 2697
692 0 19366533 0
693 0 21423644 0
694 1 11440320 7461
695 0 19772504 0
696 0 19842338 0
697 0 19142353 0
698 1 3401243 2220
699 0 19561701 0
700 1 13744157 6878
701 0 19402049 0
702 1 8927812 5548
703 1 19105692 9459
704 0 18988743 0
705 1 795458 508
706 0 19511779 0
707 1 4224554 2386
708 1 15037889 8402
709 0 18929352 0
710 0 18864713 0
711 0 18690611 0
712 0 18973756 0
713 0 19614329 0
714 0 19952054 0
715 0 19259391 0
716 1 2650015 1731
717 0 21924248 0
718 1 2434522 1514
719 0 20046542 0
720 0 22137749 0
721 0 20924779 0
722 0 20281878 0
723 0 20059035 0
724 1 2145464 1413
725 0 21916055 0
726 0 22611148 0
727 0 20762667 0
728 0 15453797 0
729 0 19746866 0
730 0 20365741 0
731 0 20781925 0
732 0 19379139 0
733 1 14726920 5968
734 1 7504703 3016
735 0 22245470 0
736 1 4051272 2664
737 0 19220991 0
738 0 20392173 0
739 0 20018174 0
740 0 15453167 0
741 1 11498843 4858
742 1 9883103 5130
743 0 18996529 0
744 0 19801105 0
745 1 9872214 6437
746 1 16929072 7977
747 0 19129443 0
748 1 5672260 3737
749 1 5843782 3816
750 0 22305916 0
751 1 9442178 6205
752 0 20003325 0
753 0 21028577 0
754 0 19494680 0
755 1 14323130 9364
756 0 20007158 0
757 0 19783147 0
758 1 8819235 4701
759 1 11783656 5879
760 1 13038055 6290
761 1 15981665 9235
762 1 5561044 3625
763 0 19582278 0
764 0 18671552 0
765 0 21863485 0
766 0 20067943 0
767 1 3446967 2249
768 0 19763611 0
769 1 13727958 8947
770 0 19529381 0
771 1 14484827 8377
772 0 22405128 0
773 0 20787552 0
774 0 19254671 0
775 0 20931728 0
776 0 20513985 0
777 0 15415209 0
778 0 19291639 0
779 0 19407745 0
780 0 22069873 0
781 0 22265581 0
782 0 20057693 0
783 0 20906195 0
784 0 20392728 0
785 0 15412266 0
786 0 20112531 0
787 0 21224567 0
788 0 20089274 0
789 0 22470721 0
790 0 20694776 0
791 0 18919802 0
792 0 22751837 0
793 0 21946171 0
794 0 15426889 0
795 0 19438825 0
796 0 20654509 0
797 1 9554779 6232
798 1 15269783 7463
799 1 11456384 7470
800 0 18981810 0
801 0 15434512 0
802 1 11623458 7527
803 0 19271676 0
804 0 15445648 0
805 0 19176030 0
806 0 15448314 0
807 0 19500547 0
808 1 14901834 9783
809 0 19298609 0
810 1 16968027 9076
811 0 22715693 0
812 0 22335008 0
813 0 20592216 0
814 1 1114066 707
815 0 21012354 0
816 0 18915253 0
817 0 21033489 0
818 1 7198017 4701
819 0 20407599 0
820 1 35891 16
821 0 19383394 0
822 0 20308681 0
823 0 20425946 0
824 0 15443644 0
825 0 22782449 0
826 0 22496642 0
827 0 20293619 0
828 0 15569005 0
829 1 11641136 7549
830 0 18825353 0
831 1 14964715 9746
832 0 20884201 0
833 1 1694278 1110
834 1 8766901 3798
835 0 20034795 0
836 0 20408204 0
837 0 21196567 0
838 1 13894818 9167
839 0 20962867 0
840 1 4729104 3074
841 0 21063561 0
842 0 22690229 0
843 0 20354232 0
844 1 7834889 5152
845 1 8001900 5135
846 0 15399525 0
847 1 10822199 5505
848 0 15486413 0
849 0 20329080 0
850 1 589830 379
851 0 18823094 0
852 0 20168962 0
853 0 22262286 0
854 0 19779139 0
855 0 22134712 0
856 0 19166544 0
857 0 21827198 0
858 1 1254714 809
859 1 1112344 569
860 0 20520556 0
861 1 960868 597
862 0 19435669 0
863 0 15441354 0
864 0 20500829 0
865 0 20397341 0
866 0 22467058 0
867 1 407517 261
868 0 21353236 0
869 1 13465254 6406
870 0 18854718 0
871 0 20033316 0
872 0 19228814 0
873 0 18896193 0
874 1 559317 353
875 0 19472480 0
876 1 14266217 7161
877 0 18824493 0
878 0 21892607 0
879 0 19579574 0
880 1 19643013 9385
881 0 22490623 0
882 1 4601433 2373
883 1 8892839 5756
884 0 15420807 0
885 0 18818757 0
886 0 19438392 0
887 0 21067554 0
888 1 6581969 3293
889 1 6887472 3849
890 0 19279214 0
891 0 19949938 0
892 0 18417251 0
893 0 22741765 0
894 0 21126483 0
895 1 6519847 4279
896 1 3396138 2232
897 0 19287433 0
898 0 15461766 0
899 1 4377344 2376
900 1 2546355 1372
901 0 19408756 0
902 0 18722726 0
903 1 2308106 1504
904 0 19792562 0
905 0 20363933 0
906 1 15011102 9072
907 1 2899293 1894
908 0 19946231 0
909 0 22626704 0
910 1 11037695 4369
911 0 21660861 0
912 1 21903136 9458
913 0 22686182 0
914 0 15482893 0
915 0 20743562 0
916 0 22692358 0
917 0 21784155 0
918 0 21477876 0
919 0 15426386 0
920 1 200111 60
921 0 20357552 0
922 1 2279989 1467
923 1 14126961 9236
924 0 18549936 0
925 0 21865966 0
926 0 19284801 0
927 0 15426013 0
928 0 18808203 0
929 0 18981040 0
930 0 18698863 0
931 0 19232125 0
932 0 19336829 0
933 0 19256099 0
934 1 6848587 2968
935 0 21589405 0
936 0 20170907 0
937 0 19697195 0
938 0 19604367 0
939 0 22713265 0
940 0 20215786 0
941 0 19623747 0
942 1 13836927 7947
943 0 19219135 0
944 0 15470394 0
945 0 16250454 0
946 0 20483013 0
947 0 21107487 0
948 1 13728622 8946
949 1 14870768 9732
950 1 7031151 3262
951 0 19535395 0
952 0 21616535 0
953 0 18859473 0
954 0 22706706 0
955 1 14699109 9583
956 0 22508196 0
957 1 5719323 3207
958 0 20513457 0
959 0 19615685 0
960 0 19881493 0
961 0 19183053 0
962 0 20589272 0
963 0 22250810 0
964 0 22706548 0
965 0 22724222 0
966 1 7290638 4745
967 0 21953171 0
968 0 21231186 0
969 0 15445091 0
970 0 22801409 0
971 0 15455182 0
972 0 20895269 0
973 1 1478151 956
974 1 14026868 9137
975 0 19190708 0
976 0 19035037 0
977 0 22573365 0
978 1 14427927 8356
979 0 20502645 0
980 0 20890172 0
981 0 20332344 0
982 1 5618592 3146
983 0 19624440 0
984 0 19635673 0
985 1 10206673 6675
986 0 16998334 0
987 0 19668974 0
988 0 19336401 0
989 0 19915704 0
990 0 15403106 0
991 0 18919522 0
992 0 20682976 0
993 0 20051496 0
994 0 20795744 0
995 1 15026255 9632
996 0 21208034 0
997 0 20161736 0
998 1 4721178 3056
999 0 22692528 0
1000 0 20796234 0
1001 1 18388689 9790
1002 0 19870261 0
1003 0 15468700 0
1004 0 20043754 0
1005 0 22003603 0
1006 1 17432715 8373
1007 1 7738097 5091
1008 1 2197395 899
1009 0 19629954 0
1010 0 21789709 0
1011 1 4045246 1752
1012 0 22702820 0
1013 1 15270387 6925
1014 0 20930604 0
1015 0 22371614 0
1016 0 20773494 0
1017 0 20390207 0
1018 0 21306922 0
1019 1 4018303 1326
1020 0 22542309 0
1021 1 12037345 7821
1022 1 12067432 7938
1023 0 22675374 0
1024 0 22692069 0
1025 0 22693227 0
1026 0 22704681 0
1027 0 22558071 0
1028 1 6374394 2138
1029 0 22016139 0
1030 0 21870190 0
1031 0 20792375 0
1032 0 20496643 0
1033 0 21710882 0
1034 0 19880637 0
1035 0 20099154 0
1036 0 19604219 0
1037 0 19708550 0
1038 0 20069792 0
1039 0 20495499 0
1040 0 22403363 0
1041 0 15442892 0
1042 0 20807317 0
1043 0 15414781 0
1044 1 13046654 8507
1045 0 19333157 0
1046 0 18986571 0
1047 1 16408227 7324
1048 0 20360544 0
1049 0 20616475 0
1050 0 20504432 0
1051 0 20329453 0
1052 0 21530494 0
1053 0 21667942 0
1054 0 20785006 0
1055 1 6697146 4360
1056 0 20586768 0
1057 1 10786002 7103
1058 1 9109456 5956
1059 1 4624904 2632
1060 1 3375168 2202
1061 1 106715 67
1062 1 499747 326
1063 0 19146501 0
1064 0 21499516 0
1065 0 21993787 0
1066 0 20599003 0
1067 0 20467471 0
1068 0 20805529 0
1069 1 1305261 856
1070 0 21237534 0
1071 1 5803027 3780
1072 1 11446333 7564
1073 1 6430531 3021
1074 0 20978717 0
1075 0 19535127 0
1076 0 20124946 0
1077 0 20902169 0
1078 1 16726976 9146
1079 1 2549949 1009
1080 1 11516037 6023
1081 0 18989277 0
1082 0 19614098 0
1083 1 8284550 2727
1084 0 22716333 0
1085 0 21549017 0
1086 0 20515354 0
1087 0 20432199 0
1088 0 21393829 0
1089 0 20575885 0
1090 1 871494 567
1091 0 20342131 0
1092 0 19516682 0
1093 0 19292738 0
1094 0 19654362 0
1095 0 19484020 0
1096 0 21650709 0
1097 1 4172096 2724
1098 1 5501130 3617
1099 0 21252389 0
1100 0 22715385 0
1101 0 21700438 0
1102 1 11945556 7769
1103 0 18890006 0
1104 0 19162690 0
1105 1 15094355 9753
1106 0 21200385 0
1107 0 20224708 0
1108 0 22725593 0
1109 0 20127718 0
1110 1 2081416 1350
1111 0 19098228 0
1112 0 20500756 0
1113 0 19946873 0
1114 0 19678331 0
1115 0 20469555 0
1116 1 19748721 9061
1117 1 1548328 802
1118 1 13143283 8574
1119 1 4681080 3054
1120 0 15539145 0
1121 0 19018534 0
1122 0 19300696 0
1123 1 848400 549
1124 0 20630539 0
1125 0 20320316 0
1126 1 6808375 4447
1127 0 19161102 0
1128 0 19920153 0
1129 1 8825676 3963
1130 0 19375231 0
1131 1 5358506 2645
1132 0 20114616 0
1133 0 20814991 0
1134 1 10721631 4823
1135 0 20937512 0
1136 1 9271581 6088
1137 0 20043849 0
1138 1 1853019 1212
1139 0 19244115 0
1140 0 18119782 0
1141 0 20126245 0
1142 0 22173893 0
1143 0 22797956 0
1144 1 4154501 2687
1145 0 22853360 0
1146 1 3548220 2334
1147 0 22821787 0
1148 1 13782487 8786
1149 0 20863204 0
1150 0 20806327 0
1151 0 21953867 0
1152 0 20843315 0
1153 1 16963425 8669
1154 0 15445308 0
1155 1 3721505 1809
1156 1 13651777 7613
1157 0 18637175 0
1158 0 20886878 0
1159 0 21005644 0
1160 0 19273509 0
1161 1 14070418 9164
1162 0 19743023 0
1163 0 20555705 0
1164 1 5033331 1849
1165 0 20433282 0
1166 0 20309532 0
1167 1 1285608 840
1168 0 15400400 0
1169 0 19854123 0
1170 1 11098647 7213
1171 0 19068919 0
1172 0 19376329 0
1173 1 13141673 8587
1174 0 21552522 0
1175 0 20075925 0
1176 0 19008584 0
1177 0 20526229 0
1178 0 19463916 0
1179 0 19870343 0
1180 1 5464178 2536
1181 0 18970710 0
1182 0 18607934 0
1183 0 19886408 0
1184 0 18780141 0
1185 1 4579165 2624
1186 0 18977969 0
1187 0 20351164 0
1188 1 3366608 2197
1189 0 20239758 0
1190 0 15436377 0
1191 0 20027132 0
1192 0 15459930 0
1193 0 18817866 0
1194 0 21690818 0
1195 1 15608553 8327
1196 0 18896623 0
1197 1 5670835 3692
1198 0 19854607 0
1199 0 20116289 0
